4.7096;11.8475
5.75384;15.3486
2.22752;12.5042
1.57191;14.9685
4.51558;15.3958
5.26286;14.0201
6.35582;7.49546
2.97855;11.6084
8.53218;5.10846
5.87419;15.4649
5.86944;10.6798
4.73851;5.58156
2.50988;9.61065
8.13727;14.8316
0.541229;12.5061
0.834985;10.5017
3.17677;13.1777
3.92512;10.8086
3.84094;10.9941
3.88857;16.713
4.19494;0.302861
6.36656;3.10153
3.89916;0.690218
7.35498;6.86268
2.89934;8.45835
2.16377;17.5375
0.569094;13.8046
2.55955;6.15794
2.70761;3.39366
1.49476;6.49768
7.94987;4.65949
8.49966;4.25327
8.91858;6.84958
7.53093;7.51903
8.92182;4.83899
3.11603;8.23354
2.57093;0.965174
5.66753;12.9402
0.827696;8.04502
0.901429;7.45407
8.25168;6.1304
3.49581;17.6416
0.967485;12.1107
2.89975;7.35019
7.75219;8.78902
6.92393;13.4041
6.72426;12.8472
8.82869;13.2857
0.848387;14.7192
1.40234;1.54042
0.77912;9.03674
4.88698;6.70009
5.00096;3.10902
0.820134;11.6573
5.57702;3.44313
0.555688;9.65741
4.78676;8.10299
4.64948;11.5085
1.10685;15.0985
0.429345;17.7181
2.94374;14.7066
6.5611;1.33599
4.77688;12.7796
7.31083;11.2505
4.74941;17.4263
6.39548;11.0571
4.23154;4.56492
8.87858;0.464997
3.83697;1.39743
6.06115;0.827983
2.42028;13.2337
5.2427;14.4141
1.66833;1.78436
3.96129;5.55037
8.44141;8.78127
2.63423;4.77031
2.74392;0.390646
3.05315;15.0416
6.58511;2.72795
4.14606;4.66905
1.07714;3.08308
7.86306;10.6174
3.824;15.4833
5.54118;15.3219
8.44035;5.20467
8.07496;3.72126
0.219176;8.63531
0.0676704;3.77502
5.20984;8.05792
4.6627;9.3025
8.4196;14.5938
7.03641;4.32703
7.49225;2.17911
0.684309;10.1547
2.45353;9.66074
7.41189;7.06135
6.37191;12.5499
8.83936;2.39183
5.01659;10.7611
8.85688;8.91388
7.98288;15.8637
6.31757;16.4041
3.2495;12.7705
1.08956;16.9187
1.4142;11.5045
4.11059;1.66759
4.04918;4.29399
2.99731;5.08286
3.23655;7.36324
7.61879;11.3802
8.51199;12.0614
0.220754;11.7678
3.30562;0.120225
7.07982;16.6444
5.44065;13.8734
3.77915;8.84706
5.86854;2.19343
3.62558;0.236086
7.48195;9.43029
8.57738;17.7923
1.46741;7.37594
0.729949;11.0332
5.83497;7.45452
8.05802;0.143035
7.40888;13.3536
5.7616;13.8417
3.70748;11.9647
3.80478;14.0262
6.04246;3.76919
6.33531;4.96623
8.8213;2.22891
6.90665;11.3797
2.21117;3.06446
5.80788;1.38624
6.24738;10.7705
0.589273;15.4296
0.0732372;2.63844
4.23137;11.8164
5.04648;6.57877
5.97972;6.91072
0.966194;5.48264
1.37623;9.34735
8.72367;10.362
2.68678;11.5323
7.0656;0.0441808
8.24925;13.7738
1.13655;12.3118
3.57674;6.69543
7.68813;0.769257
4.04084;9.87101
5.76989;9.26022
3.65029;11.6863
5.94933;15.7633
2.75134;3.99162
2.17104;17.4621
5.45117;6.27448
2.47238;13.6548
7.81092;4.39209
3.00841;2.99539
7.96218;2.14802
1.51979;14.4229
7.96091;5.31266
4.36733;5.07532
6.00405;6.11093
2.92229;2.08976
7.99097;17.3844
5.67499;5.28251
5.53531;5.24864
1.52291;16.5733
4.62013;7.38791
8.0177;2.1426
6.8312;2.98016
7.8987;11.2842
3.68613;3.81421
7.13981;5.29662
2.98112;17.3192
0.859742;3.88406
2.31593;10.4542
4.47969;16.6399
8.28254;14.8039
0.364854;14.547
7.09415;12.0797
0.914763;7.25893
8.66416;4.87535
2.91611;8.56859
6.13163;3.86763
5.35559;7.92566
3.42389;8.50858
0.604942;14.22
6.1614;15.4895
0.758331;0.285027
7.40434;3.23615
2.08454;1.44054
6.84515;13.1285
0.0402398;12.2554
4.96621;0.810188
4.40119;6.12072
6.44494;10.6319
6.68982;12.2182
7.75363;1.21187
1.3934;9.77053
2.53975;13.498
8.8481;11.9273
2.00328;0.906076
4.07366;16.3294
8.19779;9.66399
8.30719;13.2043
6.45007;2.78348
7.3224;8.59043
7.95597;14.7253
1.4229;7.84435
7.76773;11.6482
6.98253;10.4253
2.14005;9.34471
2.32177;1.78737
5.27829;7.43035
5.77895;15.6361
1.46417;11.2541
4.78168;6.9349
6.08008;17.7107
2.63213;10.5557
4.68733;3.87865
2.88;4.2748
3.33106;2.40479
6.43262;4.57406
8.56503;15.711
6.2092;14.6655
4.67961;8.38348
3.54543;13.6393
8.86409;11.7344
7.71334;10.2848
0.58238;8.98459
3.96042;4.09309
1.11934;17.4842
5.51399;14.3988
8.59744;16.2922
3.47729;8.56954
1.08545;12.7146
6.42217;8.83302
7.55969;7.70957
6.70354;14.2494
2.7103;7.82549
5.45748;14.7798
8.10448;0.0058364
5.20957;15.9371
5.87013;7.84583
4.11096;12.905
8.41521;16.1427
8.49905;1.06909
7.81347;10.0261
7.73397;14.8218
4.15917;4.42252
2.69567;10.4892
8.56855;0.235686
0.661123;14.2565
3.97263;14.7293
5.25296;13.3659
2.27741;3.4209
5.07284;2.76378
1.71337;2.56482
0.350463;15.167
5.20533;8.92284
5.036;9.24107
3.53279;9.07009
5.15508;4.69253
0.548091;7.77809
0.757169;9.41452
6.10031;6.90568
0.951873;11.3377
3.57069;3.22599
3.7971;15.0866
8.97766;0.100128
5.22624;4.51013
1.76051;2.59816
3.63695;6.94776
2.58149;7.97483
2.05737;15.5736
8.44884;14.1867
3.40735;5.96326
2.62841;17.1249
5.32789;6.35301
3.45148;12.1701
7.88376;1.10357
0.537906;17.6713
6.22064;8.21718
1.44863;2.03549
2.6519;2.85258
1.06781;15.7563
3.68136;5.65664
0.177224;14.6366
6.3022;5.51743
2.30573;16.7191
1.54553;3.50913
6.45293;9.90576
4.73619;0.16269
4.51531;2.12818
3.25785;15.9336
7.14915;4.28322
8.51857;15.3741
1.97725;11.4784
2.79565;6.85176
6.75696;10.8951
4.85217;15.6495
4.32569;17.0671
1.65309;9.00584
6.85184;15.9106
7.26163;0.315127
7.31485;17.6143
1.91213;9.53557
4.76005;13.2966
4.84913;0.550713
7.71241;16.214
8.24214;11.7231
1.24859;15.5214
4.54862;6.45167
4.49993;14.6885
6.65171;4.51377
3.79181;5.00776
1.08165;16.235
2.03741;5.46948
3.62043;17.7785
1.69002;3.76412
0.0468092;0.00974794
1.68922;3.91787
4.77266;12.8985
8.60726;1.24357
6.72463;14.6393
8.72876;11.9335
4.18122;1.9547
4.72748;17.4597
4.20318;0.454819
7.0741;3.70979
2.48429;3.73183
4.35878;7.13189
0.983424;12.7924
6.30068;9.2077
6.28543;15.9814
6.48591;12.6645
7.99558;16.3503
8.29118;7.53647
5.6244;15.7969
4.39002;6.69806
6.2181;8.23757
0.315799;2.79863
5.09614;10.0866
1.12915;0.598643
5.27069;16.4065
2.15422;15.51
1.06917;13.026
2.32093;4.10519
3.90918;17.2432
6.65644;2.38923
7.61232;8.28471
7.52686;13.2158
3.31749;13.6361
1.37613;17.8838
5.71647;11.5323
3.29092;5.86913
0.884944;7.21344
4.33388;11.9622
8.65;10.9261
6.2804;9.84139
4.66629;16.8692
3.67568;11.4709
5.94762;11.9932
7.78806;1.7136
5.61822;10.889
2.05142;8.46109
0.586855;1.15655
1.83844;7.80869
7.39631;6.42915
3.84624;8.22556
8.98073;14.2743
7.04734;1.73135
1.74388;4.76245
6.84676;2.78777
7.84426;8.25432
6.31458;7.0211
3.56178;1.98052
0.246012;1.0188
6.98687;16.0681
1.3662;7.21019
4.47857;6.83523
7.83564;10.1308
3.99589;1.34816
8.96977;4.7844
3.88865;7.63201
6.50498;7.73877
1.95316;9.10464
4.73506;7.39409
6.93354;5.16364
5.09093;11.5556
6.70898;4.81102
0.288355;2.54152
3.39577;1.06873
1.78016;2.76529
8.56844;6.29271
4.98774;8.09401
6.56397;7.64676
0.112428;3.11972
4.49746;0.164393
3.95206;16.7722
3.8982;2.91407
3.2555;11.7027
6.00936;15.9811
0.548412;7.88581
1.57238;11.2787
0.720707;16.5627
8.04485;2.01812
0.552111;4.88125
1.54343;4.66453
3.82327;2.22373
5.47862;17.622
5.15887;6.08518
3.63439;10.5426
4.60245;16.2637
5.35349;17.109
7.51796;0.503389
1.01154;3.54691
6.10306;14.0418
0.76401;13.3029
1.9638;4.67277
3.29082;5.36902
1.61774;4.67134
3.69357;4.3397
4.77629;10.474
4.50212;17.1991
6.34886;1.96148
8.41057;5.01546
4.02333;6.08991
7.77903;17.2515
2.1768;8.26504
8.18028;1.38951
4.38421;0.383638
2.46821;2.97455
7.21272;6.46443
8.13875;0.353039
5.5686;4.85912
2.86103;14.3727
4.76523;13.1092
0.356192;1.08304
2.7916;9.71662
0.141081;0.280914
5.83905;17.1033
2.64819;1.72475
2.5966;2.85442
0.488146;9.54679
5.55973;17.3368
5.46815;1.88788
8.86024;15.8727
2.43122;14.1459
2.16857;3.13992
7.24948;15.4744
3.99952;2.22101
5.92352;17.5295
7.6651;12.5594
0.306276;2.9134
2.13802;0.894715
1.59716;15.9541
8.999;8.49069
8.83944;5.19121
5.67255;0.655164
7.369;4.46457
8.99601;7.67431
3.17623;17.7125
2.77351;11.2149
6.92921;9.88416
7.1774;10.3574
3.67926;4.35385
6.2892;1.20555
1.94168;9.9086
6.88248;4.49591
6.411;0.041003
2.69531;16.0163
7.99757;5.38864
3.2535;15.674
5.28992;17.8521
8.16458;7.31785
2.15834;16.3212
7.49608;10.6691
8.01684;2.53917
1.942;11.8921
6.21167;0.238807
2.12473;1.78186
2.29633;16.8279
1.4937;8.47602
4.36823;16.7524
6.48596;3.55846
8.39669;0.362555
0.787386;14.7885
2.8756;8.08177
6.23126;16.331
3.96694;10.7917
2.82444;12.2505
4.55643;2.64104
2.45984;7.14653
2.59011;8.80367
0.519313;17.6036
4.52124;5.28809
0.692707;13.6351
2.05798;4.37282
2.05558;12.8524
1.5626;17.0831
8.20544;1.91857
8.72282;17.9856
8.35354;5.19683
4.03371;11.1696
1.76393;16.0013
1.98063;9.17676
5.12592;13.0741
5.9089;15.1715
1.11033;16.998
2.98759;3.25928
8.30079;15.0177
4.27369;17.987
5.3264;12.6633
2.17991;14.764
3.75787;7.48501
6.92352;5.92661
4.70179;13.2927
2.95613;8.11065
0.244758;13.9797
0.64012;4.01739
5.99048;5.24151
6.59707;4.23279
0.157816;7.01194
0.702148;2.53629
3.00498;7.37948
2.89779;4.61154
2.19857;14.3429
2.29927;15.0499
4.50314;8.95835
5.90695;16.522
8.22168;7.66095
2.22432;7.84693
1.47682;10.3609
7.97879;3.44315
3.17028;17.2378
3.73027;0.321516
2.23966;2.65468
2.27715;4.79496
4.83331;5.9586
3.66563;15.6766
6.66904;13.1268
1.14407;17.7352
4.73489;6.88667
7.39258;0.476053
7.92251;8.59906
8.49904;14.2884
8.13;3.44671
2.06765;1.21363
6.9038;2.09288
2.32839;2.14817
0.66535;12.1173
1.23484;5.81003
7.386;7.02399
5.30249;6.43861
6.49129;17.9362
2.0576;8.32066
6.53153;6.40333
4.02794;4.53284
6.645;4.84104
2.50444;11.135
6.72005;4.00696
3.71169;11.7001
3.72684;11.5587
6.45687;3.26128
6.82578;17.5705
2.70473;14.9823
5.84391;7.87913
1.39614;8.45982
7.45156;13.3973
7.44922;9.88571
6.66676;1.01363
0.103188;8.39658
3.70848;8.26226
6.46471;2.70696
6.55165;17.9383
6.92098;8.54339
1.97263;3.26535
1.12174;11.3989
7.41201;15.1572
7.33011;10.4756
7.36387;2.06968
3.72892;8.41556
4.97441;10.2501
8.43769;6.85194
2.8237;13.7738
8.36882;0.980907
7.39372;16.944
4.68874;4.20441
3.60314;4.3069
3.45568;2.30957
2.1226;2.75333
5.42648;8.19047
3.00934;13.0964
0.794708;2.8427
5.12683;16.2496
6.65914;6.9814
0.159662;2.77612
7.69848;10.2681
6.51312;14.2723
8.56004;0.673628
5.02308;15.8577
0.827267;6.83361
7.40087;11.032
5.51901;4.00802
7.66946;17.9494
3.1588;1.58412
1.35136;17.1706
4.8873;8.7214
6.1335;11.364
5.78205;4.52068
4.80683;6.88238
5.75104;9.93298
4.82925;8.89904
1.10056;4.68474
2.5857;1.32119
2.67918;15.2176
8.58945;7.0129
2.02558;13.9807
0.0224593;15.0892
8.99434;15.3838
7.51928;6.30627
8.48398;17.7413
2.73842;8.74255
4.23134;17.7438
1.05328;2.02678
2.13226;11.7202
4.45458;15.7666
1.8266;0.567668
3.33282;5.85431
2.6262;11.837
3.58775;10.6108
4.5273;6.35441
8.81183;13.1058
1.16753;17.6686
5.09747;2.32374
7.52621;7.23351
4.31501;14.0204
3.4874;14.1068
2.38147;15.4375
6.92535;6.8695
8.73213;0.115212
0.294861;8.37342
7.94091;4.24292
4.47055;4.54746
5.04862;14.1935
8.19225;17.2727
3.40213;7.43909
2.81357;6.42793
1.27242;7.9622
3.04826;12.7398
5.14297;3.14894
0.986642;0.915949
8.58466;8.94807
7.5114;3.93227
3.19277;10.8735
5.40089;5.8498
5.49435;11.3915
7.11161;8.87051
7.81721;5.16432
6.70899;7.73164
0.678908;11.8025
3.50219;8.16208
0.620778;12.6315
7.29501;3.7864
1.29686;2.68653
8.26309;12.8797
2.91774;0.499459
6.8978;5.0048
4.72377;10.8184
4.46853;15.8331
1.84594;1.73884
1.84144;14.6806
6.56517;17.9061
2.77554;10.7647
2.53521;0.969062
0.248196;6.42824
6.38577;7.50077
7.29516;14.0131
1.06614;11.1803
8.89974;4.726
6.93344;16.3257
8.80283;1.70235
8.41256;13.4013
3.35357;8.27265
3.10983;15.6442
3.05286;9.91153
8.69153;9.78861
3.29606;12.5134
4.84736;12.1432
2.63907;14.7652
6.55613;5.77453
1.5967;7.88379
6.63765;17.7837
1.94844;15.4076
5.48203;3.69636
1.06679;6.83093
1.01101;1.73923
4.26664;0.847136
7.57024;15.2404
4.55989;3.36014
6.44232;15.2255
6.63584;12.2677
3.50706;1.86378
3.39055;16.7088
7.00349;12.0592
6.737;9.11925
8.91688;16.6674
8.50152;13.1091
8.22556;2.89992
5.25832;9.41517
3.29814;12.6502
8.12305;8.6183
7.19472;6.77938
4.73272;11.5299
2.0099;0.585226
7.44503;16.9044
7.90537;10.1617
5.58608;4.82487
6.01276;17.9532
1.76686;8.03251
6.00624;17.0077
8.57588;11.8462
7.83756;16.1548
3.47764;14.1262
0.52736;17.4719
2.7707;7.651
6.06106;3.7875
8.13465;8.51156
5.28344;7.73475
1.02074;14.5867
4.15999;16.9316
6.74557;6.13072
4.54665;6.66329
5.47779;3.11881
3.30827;14.4893
5.57566;0.629002
6.74851;10.3031
6.23761;11.1721
4.22894;1.43051
3.64918;9.51259
0.45121;12.8398
8.5818;13.0245
8.31363;15.4329
1.76805;9.19415
2.58383;5.57759
2.89042;13.4876
2.25457;1.27198
0.809171;13.6024
3.96763;12.5739
8.36062;14.5518
4.53162;9.87257
7.5904;4.56026
1.08782;9.65603
7.8662;10.6335
5.54327;5.03076
1.07305;11.989
8.93526;1.3097
3.50675;16.4978
8.3713;10.5496
3.84597;3.91026
8.0636;13.4728
8.69894;2.63634
7.37238;1.01622
8.11939;4.68002
6.79508;14.96
0.615907;4.65338
3.4163;16.4126
4.60682;9.00824
4.03432;6.94603
0.820875;1.15518
5.9884;3.78785
6.57207;11.8473
2.54878;2.15763
5.17255;3.84016
6.35361;0.0370413
3.87521;10.8344
6.75491;7.1483
6.73538;10.2546
4.08226;11.7095
7.46729;3.75468
4.33478;16.1664
4.20403;15.5022
7.28951;17.6217
3.2552;4.64765
3.28387;8.15215
2.90142;0.544527
5.97;0.946964
6.19592;17.0376
1.5523;4.73695
1.43886;15.8118
2.38699;10.6281
4.32312;0.283805
8.88822;4.11701
5.26919;7.94096
7.91327;7.47296
5.84782;6.49611
2.81968;2.10369
1.99914;2.21837
0.862696;10.5087
3.43301;8.29313
0.330406;12.6689
4.41883;12.6008
6.80791;3.2295
5.81918;16.7204
3.98322;14.5161
7.26612;12.7404
3.57211;5.17849
6.51212;6.92066
4.64775;5.56261
7.43081;7.12204
6.51778;8.55725
6.80908;0.674929
5.33047;17.6164
1.44665;12.3863
5.06254;9.75933
1.33973;10.7859
2.2141;11.5171
2.69336;0.0440202
7.37331;17.0251
8.38222;4.71305
6.77058;13.2967
8.72674;2.68538
0.237584;12.4777
4.80302;9.77066
0.020165;6.46765
8.44635;13.0759
7.51245;12.5109
6.87541;7.68585
6.06364;16.6441
1.03609;4.25236
4.20173;4.75164
7.51913;12.8317
8.13438;2.42497
6.43784;13.0154
0.725025;11.6401
8.86421;14.9912
3.4684;17.1819
8.8383;7.41197
5.82981;9.28264
8.59131;11.7
7.87515;16.0753
3.38793;12.7752
5.29309;2.52668
1.23052;4.71346
0.585408;4.53322
4.48291;9.57428
4.64243;6.00408
2.20297;7.55362
4.21452;17.2816
1.2845;9.8791
5.46087;2.29741
3.43516;17.8585
0.739659;6.54691
3.63525;13.1389
7.91477;6.45314
3.41945;13.5798
2.26423;13.6148
4.17752;15.1147
8.07072;10.8161
0.914053;17.3123
7.67465;10.7939
4.44327;6.63416
8.399;13.2925
7.09389;7.22705
6.28705;16.7568
8.55307;5.49585
0.527093;5.97646
2.6772;2.5335
6.26168;12.6249
7.83623;10.3529
0.53902;4.51135
2.96637;5.60651
0.0630565;14.2878
1.36058;16.2676
3.55193;4.54926
7.78991;4.45315
7.67159;6.46636
5.54365;14.1412
0.87942;7.27509
1.68411;14.3329
3.01593;2.47437
0.914398;7.08605
4.22541;7.18319
4.80978;2.97419
0.904045;7.292
6.66355;2.88613
5.90168;1.25985
4.24632;11.9295
7.77382;11.2138
5.09851;4.65148
7.88153;7.77684
4.55232;13.1062
7.1216;2.19194
4.62371;16.002
4.73351;12.6157
6.16749;15.4989
7.54501;14.1638
2.29247;5.54085
1.67348;14.2045
4.25752;5.15506
1.74824;3.84215
4.02059;15.2998
2.551;16.5338
4.61465;2.64964
4.87381;1.42633
3.65056;7.51068
4.60158;16.4058
1.30846;5.44637
0.298845;11.8644
1.7242;10.0647
3.24001;15.7834
3.7818;3.57004
5.97358;12.1485
4.55545;15.2941
4.17651;17.6259
1.2246;11.8495
1.73404;10.4904
4.57467;8.57009
4.51211;0.378639
5.60987;0.771838
0.902484;0.520854
4.14126;11.0081
8.4633;10.8995
8.22725;17.5243
2.3819;1.90291
4.79451;11.2438
8.84315;17.1526
7.40693;11.6335
5.65057;5.92475
4.4638;1.65416
2.77534;11.3768
6.75183;9.01877
1.93359;4.65299
8.79443;12.8914
2.51581;10.8086
6.83162;6.83659
5.66472;3.94576
8.92237;10.2561
7.42261;16.2992
4.89018;1.60902
0.101071;1.36937
6.42642;17.8884
0.260991;9.6667
5.76095;11.8231
7.79572;2.4495
6.73864;3.14213
6.91315;8.98093
6.08045;17.6935
6.81696;11.7498
6.29244;0.665545
2.27918;8.24812
3.75107;15.8878
6.09694;7.34687
4.07193;9.0391
2.82305;17.9242
5.32406;5.84825
0.646796;5.50096
2.86834;1.81557
7.58383;17.2586
6.81935;12.7591
0.854045;9.11598
7.95062;15.5344
0.0484565;10.0621
7.61394;13.7308
1.90595;9.81277
7.19819;8.37025
0.030447;3.89852
3.12903;12.2548
5.62269;14.4019
1.64694;16.8915
7.16308;13.942
2.36987;15.6197
0.721481;10.4764
8.71766;16.6106
4.86751;13.074
5.68486;11.4431
2.095;9.27096
4.48875;4.28691
0.666542;6.20538
0.00886918;5.14498
8.00907;14.4141
6.75761;16.079
0.156317;1.77329
5.16691;11.558
8.08761;13.6277
5.22476;12.5014
4.78485;15.1893
5.06055;11.0127
3.83284;9.55642
4.81164;17.4007
2.31522;2.99301
5.42189;8.82043
6.13198;1.82128
6.55367;13.597
4.01333;13.1251
0.371012;6.04481
4.76959;14.2573
2.06192;9.85182
8.01527;14.4577
1.70492;14.2058
5.04268;13.8594
4.35356;1.65506
5.52431;0.828233
6.33386;0.714287
5.19233;4.291
0.0574862;15.0151
3.642;10.9588
2.91776;1.54797
6.39002;0.942858
7.57251;2.8067
7.03397;15.887
4.42575;5.60712
6.07215;12.9754
7.72947;10.1748
4.71651;0.868789
3.19029;1.51839
7.36407;15.0877
1.58673;7.77676
7.95797;15.8412
4.24552;8.30061
1.06609;8.60602
2.65785;9.41619
0.782389;11.1512
5.48208;14.3448
6.04704;8.10917
8.57576;8.16201
2.99811;8.00303
6.88457;0.140502
1.48919;11.2281
5.15767;12.4114
6.04843;16.6959
6.9649;8.82501
6.89182;17.1032
8.30089;11.6996
7.47221;7.09282
1.0001;17.0766
7.84942;7.31589
4.24639;17.2636
0.233557;1.45694
6.80422;12.5612
4.78306;12.76
1.3616;15.5623
1.38149;16.4923
7.85141;5.74137
4.8602;8.01816
0.076391;3.81727
3.35704;14.0826
6.32114;2.49772
6.59291;11.2441
7.09865;10.1303
0.168435;16.1975
4.60343;16.0357
2.75669;17.6996
7.64966;5.9805
0.57829;10.9077
0.270849;10.7227
2.83385;3.2649
4.14251;8.43069
0.878619;5.98784
7.08603;11.4776
7.003;14.3248
7.64746;2.72009
5.20371;9.9372
2.60891;5.59325
1.59063;1.41512
7.86175;3.51813
8.80631;6.93035
0.776915;5.12601
3.315;16.8531
5.55326;7.78657
4.88045;11.6482
0.254632;15.4286
7.45656;8.79428
2.92964;16.6704
7.39106;2.03135
5.074;10.7881
8.1781;7.44292
6.75411;8.76362
8.69006;0.726034
7.17844;2.56138
1.07058;12.0804
3.03975;1.75378
0.505364;7.63334
3.43989;7.64072
3.24324;17.9863
7.71365;16.2474
5.81726;15.9366
6.83799;8.54763
3.36542;1.53527
3.60899;3.51296
1.78331;17.366
7.15055;1.92281
3.40445;9.80932
5.34322;6.18902
5.26767;7.0433
4.3752;12.6765
0.561837;14.8299
7.21514;2.1344
2.23162;3.31006
4.88756;10.9497
1.64818;7.20241
4.59856;14.9309
2.56948;4.87309
2.73925;11.8698
3.20418;12.6965
7.69138;9.97498
6.03123;11.6839
5.9489;0.871355
1.74659;4.58422
3.53019;14.0285
5.81376;15.8108
4.35252;12.7512
6.32035;5.13531
7.4428;17.1039
4.22269;6.66072
5.02684;11.7417
6.93157;1.25079
4.33631;1.0021
3.06194;14.1511
6.43595;12.5322
4.4238;10.2547
2.25361;2.91005
1.96927;16.405
1.8907;7.43172
1.49462;10.8418
1.73012;14.6168
4.32628;12.1653
4.68399;3.29325
8.65029;6.25357
1.1986;7.74596
6.45715;12.4509
0.743853;8.77743
6.85083;10.1603
4.88977;1.82555
3.15572;4.65144
7.1789;15.159
7.45306;0.865026
0.0345401;0.844651
8.63502;3.85048
4.13818;2.2593
7.34613;11.7366
8.43803;5.34483
2.95094;8.24404
4.31904;5.20248
7.24881;11.0353
6.47422;9.41191
2.74307;14.4361
0.0946694;1.1878
3.29823;9.96887
1.50668;12.9079
7.31016;17.3711
5.03347;11.5264
0.118088;10.136
6.18554;17.5062
6.99325;2.64744
0.88276;10.6788
7.19203;0.641587
8.0118;2.28594
4.44281;6.66167
3.74421;5.38324
8.84847;2.43686
7.39757;5.18309
8.4365;14.9845
3.18545;5.46947
3.47668;9.38425
0.188687;3.57367
4.3777;10.4443
7.55005;8.99157
1.29016;9.47117
4.2489;16.5668
6.05931;10.2633
4.62279;8.50267
5.45245;7.26918
5.3943;1.79053
6.96543;0.277024
3.58688;13.6278
1.35694;3.96891
0.405443;1.58689
0.476696;7.18178
3.52818;7.90675
8.28301;7.43373
5.74021;7.32142
8.93902;8.58051
8.15649;2.45836
0.0258368;6.81078
0.512593;12.1703
8.53705;10.2708
1.33648;9.979
8.76998;13.4616
5.88476;13.4708
6.86929;0.943291
4.5493;16.4525
2.4561;9.90949
0.0196743;5.86559
8.54563;7.09571
6.88617;15.6573
7.26472;7.25275
2.48935;14.4075
7.91663;3.2917
8.43292;15.8849
5.05124;17.891
5.02761;9.17658
5.0809;12.7282
0.577789;9.70175
4.09486;12.9251
2.58628;3.9283
6.9342;14.2712
1.19038;0.780596
3.09032;2.42011
3.32309;5.2719
4.75791;2.41852
1.4646;6.04526
4.83564;7.9079
1.22637;7.50453
5.5998;1.31857
2.69473;3.30208
0.604799;15.4447
6.23933;11.3714
5.08642;13.6342
1.53657;0.362563
4.27967;8.2457
2.14543;4.42774
2.25843;6.67163
2.60417;10.6975
4.54587;11.8545
7.9847;0.607565
7.13652;0.89859
3.32641;5.94432
4.40325;9.10555
6.72442;2.00609
5.21206;0.838309
2.65408;11.6337
8.14149;17.7868
2.50256;8.45583
6.71053;8.07826
4.40919;3.98039
8.16198;13.1093
4.20406;2.84081
0.890443;13.6165
6.76915;10.8726
3.73549;11.5077
5.7401;3.74402
6.20315;0.133019
4.84417;3.21278
4.61929;5.13719
2.60943;1.6627
2.98775;10.527
6.64821;4.25848
5.15692;0.30154
6.35715;5.7349
4.1899;3.5327
4.85765;6.70377
8.32098;0.12342
4.77229;0.422841
6.86994;5.08289
5.64774;3.21086
8.2953;4.77567
3.47744;10.9969
2.45435;16.6432
7.10483;14.1473
1.8902;1.42854
7.90498;9.75591
5.97778;11.1064
7.00719;4.26942
5.70396;8.7287
5.00216;1.78773
6.1307;1.71961
4.24575;10.9034
0.921517;0.036072
5.6631;15.5829
2.55948;4.62167
0.396887;3.70955
4.69867;7.74866
7.35322;14.306
3.19594;10.9161
5.22665;10.1723
6.17232;8.26325
0.964096;6.30021
0.684819;15.9426
5.28481;12.7776
3.33564;2.57395
7.28264;0.932676
2.14678;5.05678
5.91801;6.1366
2.54643;5.16222
1.85976;10.2118
4.89194;4.51328
6.96068;1.18122
6.13097;10.6278
7.74363;0.653818
1.77195;7.94054
5.41305;15.8885
8.1019;12.7543
2.09437;17.5734
5.34844;14.7584
6.1755;17.3682
8.66616;8.91629
0.150417;3.62588
6.98653;12.1369
4.88124;1.06592
8.64954;13.482
5.63886;9.08297
8.99763;7.19909
5.13209;12.2572
8.91344;7.75144
6.45551;3.37078
7.84599;5.73713
0.629655;13.8958
0.245714;5.44805
6.73461;11.1883
1.10321;7.82021
5.27823;1.53873
8.36825;10.8573
2.58231;12.7096
2.49708;14.9271
6.88774;4.29324
5.20453;7.05321
6.6881;10.4043
7.12615;5.64039
2.33077;14.0792
6.69592;17.5726
8.72498;11.0838
2.65485;0.709268
3.4898;5.80113
3.07866;2.44881
8.49472;8.36373
5.13451;9.5459
4.95123;9.00552
1.2016;15.0671
1.85754;7.39736
5.99708;17.4906
5.8453;4.40323
3.27188;7.0668
7.40378;2.79607
6.3536;1.46911
8.43762;8.09903
0.520839;16.3252
0.591424;6.35138
8.51724;8.16244
6.07625;5.19179
5.30563;11.1419
6.77776;2.88027
1.34392;5.45799
5.94289;5.09104
1.26253;15.6009
6.2442;14.5192
7.54571;6.179
0.461228;3.6352
6.6229;15.73
3.21563;7.953
8.59956;5.30651
8.02602;0.240802
1.81586;17.2349
3.29609;2.6662
3.69866;0.744689
3.929;0.00857874
5.94332;3.41352
1.44443;14.5745
4.43576;14.7746
0.832759;11.3966
6.18775;14.1539
3.9579;9.46694
1.16646;8.83826
6.55107;15.5787
3.28414;1.5334
2.76586;5.76741
3.41996;3.58376
3.0041;10.4716
1.40932;12.6004
6.56892;10.216
6.67254;2.99583
5.11227;7.23171
3.20467;13.1134
1.90309;15.2809
4.94402;5.4717
4.33872;4.26355
0.812811;16.5932
6.86524;3.95854
3.71576;8.83262
0.768627;13.9998
5.18301;7.06898
0.8836;17.2059
5.32637;7.77541
4.83879;13.4714
1.1879;4.81542
2.84367;15.7209
3.90562;15.9119
2.47629;14.2206
5.51264;8.75877
5.75073;2.91332
7.11524;2.1789
3.58843;15.8561
0.386071;2.90735
0.907319;8.20365
5.86999;3.35189
2.10172;4.106
5.21043;5.97064
1.65597;3.0736
6.87303;12.9895
8.27248;16.1218
8.90247;4.23231
6.92136;7.61619
1.07209;0.795312
1.91839;13.1695
4.77704;15.3382
8.04139;5.78457
8.75857;5.25965
1.82033;0.289278
4.0835;5.4553
4.24647;1.90697
4.4036;12.6964
3.00648;1.22806
0.333511;9.32491
2.15083;14.4131
2.15721;2.84663
6.26746;4.11936
3.53947;8.37765
5.86777;9.22313
4.58648;15.5723
2.1963;0.727048
6.45529;2.47538
3.25581;12.4277
3.86751;10.1523
6.35849;15.902
7.80379;3.20991
8.9045;6.41478
7.95315;5.82196
3.82142;16.5733
7.57343;11.9445
6.49319;1.46129
7.39557;7.52131
2.79033;3.87008
7.94948;17.3162
6.5466;7.07192
7.44427;17.4858
3.89948;9.79911
0.98059;14.3106
2.11341;9.69621
3.23143;16.9438
3.79912;4.07045
1.07685;7.40722
5.24262;0.0599984
6.61459;0.128077
8.31666;10.3761
6.03629;11.6197
5.91867;8.86373
0.570503;17.418
6.3669;17.04
8.3671;7.82701
3.05594;13.6227
3.65641;13.9109
2.71093;9.27399
5.11072;9.64866
0.4851;16.6843
4.29623;8.56843
1.37737;10.7462
7.98783;13.24
5.40308;11.2048
6.68403;9.43947
1.79045;7.44064
1.52958;15.4182
8.15219;4.20018
7.41813;11.0382
1.62007;13.5705
0.432596;9.35203
4.5966;8.17801
2.63144;14.6151
8.726;15.4843
3.13186;0.422198
7.08431;14.8562
4.49531;16.9234
3.80117;6.96628
6.08167;0.408501
0.085562;7.53141
4.92399;3.75202
7.48602;12.9071
0.585134;13.2764
8.55366;16.0065
3.1573;2.34746
5.78849;7.17979
5.84974;2.77018
7.6789;16.9624
8.69262;14.8098
7.22334;5.64896
7.616;10.6153
1.25256;6.22262
4.76934;10.1075
6.59445;3.70203
5.25798;13.36
5.61672;2.36394
8.55602;8.20549
7.63554;0.282314
1.74095;14.3784
8.14442;9.7965
8.36293;9.86581
8.48815;10.4254
6.318;14.3341
4.69386;12.0212
5.57194;5.83441
8.83509;8.37587
8.22486;2.17531
7.29925;7.9884
6.14139;9.78739
5.84522;4.79875
2.57371;4.92387
3.58135;4.25946
6.56468;4.43378
2.27089;16.6113
0.406095;2.83061
4.20388;17.5381
6.34821;7.38405
4.98171;7.33241
1.85907;1.35114
0.67682;14.862
3.59278;1.02382
2.61895;5.63527
1.59957;1.83638
6.81184;15.4819
5.81189;7.3141
1.14034;16.7712
6.11899;9.44337
1.51533;7.36732
6.93858;7.57243
2.98929;14.6893
5.20152;14.3863
7.1137;5.09946
1.8852;6.19082
6.21594;7.48853
3.77098;13.7855
2.17528;14.7275
7.40467;9.58844
1.18139;0.00847317
5.71241;15.9864
7.7452;5.0486
2.65028;17.7711
1.9099;17.5385
4.60722;6.85045
3.45292;5.09159
7.21144;12.8844
0.890467;6.82593
4.63538;16.0083
5.96269;13.0412
2.09958;6.35726
1.26484;11.7411
1.07139;6.88024
4.2343;16.9521
8.23434;10.8314
8.48029;9.89351
4.40892;14.451
7.47106;14.1184
7.11102;0.761911
6.82846;5.43648
3.80618;2.56276
5.26403;4.03525
7.72359;12.309
5.43059;6.71795
5.15867;4.78657
0.879553;14.5165
5.57191;4.28879
4.1288;13.2866
5.58452;16.7262
6.11935;9.63772
4.77879;11.1993
0.765617;0.37541
3.82513;16.4734
7.2469;3.8723
8.61763;10.1507
4.65439;6.84762
6.35673;1.83684
5.44144;10.1606
7.07292;3.74405
8.4393;6.46318
4.26531;0.6377
1.48983;1.67445
2.46325;11.2373
7.48052;16.0955
4.98173;9.19975
3.86663;1.52104
1.19952;9.26449
0.948223;10.0493
3.86892;16.3902
6.96079;6.9731
4.27047;5.23036
6.91036;3.25441
3.5336;6.7036
6.70753;3.21304
5.22383;12.2937
4.83811;0.97827
6.46568;12.6559
1.32636;17.8578
2.94658;17.6138
7.97669;15.8566
4.40676;5.68663
8.68882;11.2126
7.47556;1.27409
1.63092;4.68896
8.83217;17.1834
5.83103;8.20528
2.20689;7.48278
5.72985;11.481
7.09319;6.87475
7.34702;6.63403
0.584201;6.37026
3.80615;14.0998
0.513076;10.265
6.9788;6.91931
4.93939;11.911
2.38796;0.692301
8.79881;4.15356
5.95243;14.5487
2.71383;15.1667
0.618843;5.09199
7.17506;12.8997
6.64864;0.763906
1.19126;6.75697
6.12245;16.5689
6.81586;8.93892
2.60146;14.8001
7.65459;12.8152
5.44994;16.3353
2.54012;6.85748
2.62732;14.959
0.38423;10.0306
7.82566;0.366071
7.09206;9.55617
7.4574;1.61177
3.36143;16.1525
3.35188;3.07299
5.52611;2.00103
1.91845;13.4347
4.379;16.0818
6.00182;4.38972
3.51035;17.2066
0.594921;4.32989
6.01089;12.0897
1.33261;17.102
0.473598;7.91985
7.03051;1.71566
8.9752;11.7123
1.04086;14.1345
1.63426;16.9965
7.87314;9.99138
7.57451;4.45005
6.53218;8.20124
3.22554;16.9013
1.81799;15.2091
7.49152;15.6396
0.799403;4.00375
7.42309;2.78865
4.16682;8.86796
7.43918;10.9989
3.98499;15.8256
0.459352;4.031
8.77061;0.869107
7.87167;1.62294
7.50181;1.01185
0.309735;12.7499
5.50162;15.7685
8.59998;6.0676
2.98486;5.65104
2.48443;9.60571
1.43006;1.95191
3.62266;4.45893
2.97783;4.09151
3.62379;14.2893
6.47974;4.12595
3.64408;2.92944
0.975753;8.20686
3.48022;1.49272
4.53798;4.70378
1.55783;6.07959
2.85782;3.73514
0.414751;16.7189
0.75181;0.0294608
2.39324;7.47334
2.84025;9.75533
8.53953;8.54063
5.85362;6.32438
6.49978;17.6629
5.20795;2.24715
6.97611;5.37536
3.18655;3.24037
4.1524;8.3246
5.72361;15.2652
4.90866;2.5232
0.984508;12.933
4.30139;7.68465
8.33406;9.43229
3.20176;0.171746
4.73088;11.19
3.82254;15.1423
1.47266;6.72414
2.84144;14.6526
6.52426;0.682454
7.15774;5.46441
1.4648;10.2677
5.41989;9.3027
6.75402;1.14458
8.81365;6.95528
8.20491;9.44462
4.73924;0.37883
2.18881;0.0812644
4.03174;3.04574
4.75678;14.467
1.60874;0.975305
3.82849;10.8626
8.05878;10.6023
8.79336;3.80045
3.62743;12.6352
2.24145;3.57033
0.0498258;7.4125
6.91901;10.9394
8.3576;9.34606
6.042;16.3425
8.15067;10.4938
3.89356;7.77982
5.43632;12.1647
3.93054;0.936124
7.60524;17.3746
7.70156;0.427968
0.174972;5.0601
5.64527;16.4675
7.8312;10.8773
1.13398;4.91725
2.75625;6.75085
4.24379;5.61215
7.08168;4.3256
8.27579;12.8786
6.83583;10.6356
5.61053;11.973
1.5647;1.00819
0.876415;14.002
6.58647;9.61391
7.46908;10.3834
4.49428;12.3413
5.40569;9.3385
8.70069;4.10193
3.903;15.0638
7.4896;10.074
0.990513;2.49169
8.4124;10.4686
4.05192;12.9882
7.39711;6.65542
3.93336;10.4659
8.6455;1.08779
2.21945;2.4204
1.04799;6.19172
8.21122;15.2689
7.90282;13.3606
3.82616;6.79419
3.85094;0.463715
8.06634;7.10327
2.28282;5.93868
2.08352;1.54484
8.00632;6.14807
2.01826;14.8374
8.30834;12.1404
4.9128;13.4109
0.397895;17.6923
2.93839;0.0867903
0.390051;10.3157
1.25359;2.87608
8.2537;0.929624
0.0724963;14.313
7.14511;7.79732
1.55361;3.99212
4.13052;1.2399
5.54769;12.8267
3.58929;15.2624
7.18576;5.19122
1.70525;0.408046
1.01433;2.02718
6.27421;11.8542
7.71904;13.3442
5.77328;3.31485
6.7155;12.3267
6.81526;15.9382
7.60137;12.1379
8.4339;15.3477
4.22547;13.158
2.57253;11.5582
8.57508;13.4061
6.39903;10.2455
4.11639;1.97664
3.75398;4.6043
3.58393;10.9185
2.50617;9.19651
6.47282;17.5608
1.52538;10.3837
6.45248;14.5973
6.84928;8.33596
4.462;9.32909
3.13707;6.12674
1.7335;5.14195
1.73724;11.9179
0.149995;8.61954
2.73806;17.4501
2.01282;0.274174
4.84784;12.2584
1.12541;17.2037
8.43136;9.41868
5.06106;3.87507
0.307594;5.06776
1.71792;3.66595
7.72573;16.3408
0.131635;11.15
3.33838;9.18726
1.23956;12.9509
7.657;5.94612
0.0464322;0.788484
8.93204;0.392855
4.70401;5.34019
8.9215;13.4337
2.80718;9.53868
3.84605;7.86518
4.37117;6.55482
8.64193;0.864454
5.21495;17.899
2.9661;13.8657
1.78249;3.38368
6.10326;3.82826
7.26685;0.883286
6.50776;17.0128
6.9171;10.3295
2.47948;13.9271
5.559;4.82303
7.15996;2.52604
5.08161;14.1629
7.97985;15.7776
2.8508;5.65181
2.82137;14.4439
6.10331;4.9266
7.6542;4.63652
2.41282;3.2406
0.251123;8.39064
3.31214;12.7088
6.10945;3.15799
6.79603;7.23442
1.08541;9.42625
8.78197;7.12977
2.67666;10.682
5.9764;1.67323
6.604;4.11601
7.91807;11.1677
0.94679;3.53774
8.40975;7.53633
8.99084;11.0261
6.23147;15.2901
7.83133;17.2886
0.265336;16.1649
3.83961;7.15495
5.43684;1.89811
5.15647;6.46573
4.56627;12.4838
7.94599;8.69648
0.806761;3.24529
0.689216;13.5663
2.45926;14.5864
8.84116;2.75466
3.87706;1.5759
3.1462;6.57363
4.55612;6.27409
8.79988;3.57517
1.78208;15.2624
1.43187;4.09483
6.71366;10.543
5.62489;6.30099
6.22054;3.56272
6.38336;3.57361
8.02323;10.6587
6.13504;17.66
6.95199;13.6485
6.61315;0.822503
5.11747;12.9086
1.78858;17.9891
7.24227;9.86958
3.28135;5.59677
8.07183;6.16245
4.58597;1.70783
1.71243;12.0357
2.90133;16.8522
2.28932;17.0524
2.57659;17.0197
1.30758;17.9199
1.29666;0.661619
5.28929;14.8634
0.160804;6.48256
5.25597;13.5479
3.65253;2.74688
4.22827;10.8822
1.36797;4.94108
1.3759;9.29864
5.26893;0.895471
7.73055;1.70979
1.30165;0.885964
6.87274;8.40595
8.86908;0.324113
3.72919;4.89132
8.67192;10.0735
2.40561;1.93716
5.36758;15.3898
8.40029;11.0568
1.93617;9.31252
3.30234;11.1774
6.0297;15.0612
2.02982;14.7954
1.00116;6.81144
3.047;12.5402
3.85346;3.55509
7.12498;10.3102
2.22053;9.99542
0.358083;4.1792
5.15977;8.17456
4.53526;9.66337
0.124048;13.8817
5.80027;10.9833
5.63576;10.4011
2.02001;15.1439
0.856816;10.6447
4.16064;13.773
3.85297;12.3809
5.28419;9.70825
0.59618;16.6624
2.12421;8.89927
1.10873;0.498372
0.604743;6.65851
5.2469;1.92565
5.41886;2.81334
5.0501;1.90824
6.23835;10.3483
7.89499;6.07724
1.66578;9.0615
8.23917;7.37159
3.10268;0.191981
0.00814806;14.5266
6.98251;7.72224
4.45378;6.5334
8.71524;10.0999
2.59789;3.6789
0.499597;7.41324
2.08864;2.20868
7.03588;14.6711
2.06717;6.90947
8.7422;14.2345
4.40885;11.9611
3.29142;6.60768
0.0191762;9.9144
7.83459;16.5167
8.64299;3.87454
8.35434;17.3023
0.200593;12.6737
3.51226;9.30875
0.603549;6.455
0.704333;6.40287
5.06695;2.40786
6.90806;14.3112
2.30827;9.88787
5.49113;8.75087
8.39867;10.4667
2.4927;7.61503
2.21389;11.5682
7.11136;4.46613
1.74132;11.8919
1.49142;2.76863
7.88321;1.69152
1.03545;16.1676
7.18261;9.09542
3.73818;15.5723
7.77521;8.88503
1.9876;7.68433
5.64644;17.7913
1.99776;15.9094
4.83959;14.9778
3.33015;8.4765
3.72222;11.6457
8.04577;11.8722
2.60697;12.3142
8.16918;8.69659
3.10307;1.3212
5.73261;3.97256
1.50636;13.5361
1.07009;17.3779
2.31577;9.61654
7.47513;2.18197
0.250784;0.925445
4.93315;11.7945
0.358375;13.8618
4.85194;10.3959
5.4198;16.3642
0.436211;0.284042
5.00494;16.964
6.07813;15.2238
5.6391;10.4946
2.9602;17.4843
5.90791;17.3856
1.72845;14.8285
6.46087;5.59709
7.10324;17.5533
7.60681;11.1567
0.867625;15.7152
6.04108;11.6016
4.75482;12.7989
3.73169;1.21353
2.59742;0.302976
8.78885;6.06726
0.293509;9.58758
2.51561;12.7433
3.4057;16.3094
2.61896;12.7318
7.89689;17.0537
6.05871;1.25068
6.94113;7.03916
3.42388;10.0887
3.29622;4.06139
1.62273;8.32769
0.888293;15.3276
0.964624;11.2862
5.06328;9.39262
6.24988;15.3214
4.8478;12.0775
1.69433;10.2826
1.83253;8.41988
2.51295;10.4765
3.36466;10.2638
2.60413;4.52308
4.65877;17.3257
2.88688;5.19982
3.18242;12.6215
7.64428;12.9573
8.34146;0.534021
1.64249;0.459504
7.93083;5.21423
5.87287;7.98821
7.30343;6.2455
2.6548;6.30246
0.161487;8.69826
8.29254;3.98803
8.55907;3.61098
7.23224;5.84746
6.9374;1.67274
5.18527;5.19234
0.499215;16.1443
5.19608;7.36328
5.38291;7.68071
1.16029;9.44875
4.10737;5.60555
4.95413;6.07639
5.40989;3.65399
7.0323;7.42664
4.94975;1.3742
6.86455;10.2225
5.03623;12.3142
7.10525;9.19061
7.96257;10.675
7.51903;11.7999
6.17386;7.40861
8.49614;13.3461
2.77645;9.38443
1.35471;16.3187
8.53257;5.02999
3.88374;7.27987
5.31777;17.6757
6.67813;3.45533
1.66486;9.42085
5.44098;13.2292
5.39753;6.61106
2.72584;2.86752
0.462617;1.66218
6.02907;16.8504
6.16857;9.0962
5.32516;6.68486
8.2524;9.64259
1.0155;4.05772
0.513512;4.74043
1.18823;0.0921612
4.88521;10.1439
3.68601;2.40597
4.90984;2.72828
2.93065;13.1494
6.07457;16.7433
4.18931;4.94419
2.67717;13.8303
3.90585;6.27957
7.74624;1.86984
2.56498;9.82963
5.48302;15.7803
8.25725;9.47085
3.71143;0.545504
6.76428;8.44989
2.64297;15.905
4.27102;15.0564
4.02448;15.9141
8.73117;17.8686
0.321181;5.32364
6.50902;12.7915
2.03346;3.39665
8.86784;9.42125
8.61348;7.5474
7.85041;14.7194
4.70862;2.83077
3.27453;2.38328
0.30552;5.06356
5.92706;8.0339
2.80453;7.3827
8.24189;10.895
2.64386;7.02584
3.97568;13.3367
2.46996;7.4137
6.60265;5.58228
6.36867;8.22334
0.186888;16.8043
5.81;0.109464
4.11275;10.8469
3.82843;5.92632
3.78319;17.0741
4.37855;14.1154
0.728691;9.36813
0.589506;13.3115
8.70102;6.78808
1.3471;15.8858
8.84154;7.98192
2.45583;7.63445
1.6593;9.85158
7.52408;16.5239
7.71693;9.78549
3.37363;15.8076
4.29487;0.367242
7.95855;16.8152
5.60709;5.57396
2.37078;0.78057
2.32403;13.4987
7.44801;6.10544
2.43339;16.075
0.708476;4.26882
2.43155;4.11116
1.07732;4.54619
6.04654;7.06631
6.09032;15.4117
8.45894;9.22879
6.9678;14.3517
0.507141;2.68285
6.07968;9.60402
1.52504;10.0765
4.20963;14.2643
7.82521;13.1608
7.52242;2.29847
4.32974;11.9409
4.20196;13.5263
5.00795;9.82086
8.89754;14.879
6.96601;1.94972
0.712599;8.02511
4.50801;13.6058
2.7184;7.93391
2.41732;1.37239
2.14283;5.84891
2.02762;16.445
7.72647;7.10532
4.26074;5.87219
1.6848;6.17189
0.516507;0.414441
4.23518;9.69248
6.17765;16.8743
2.60937;4.3712
4.34757;5.01382
0.625102;4.62716
3.48177;2.6754
6.32614;15.9796
8.14062;0.0890612
2.95674;3.11587
0.730724;10.1991
4.48239;5.51668
4.32207;6.41772
6.311;17.1656
6.14496;15.9916
2.66876;13.3229
8.20302;13.8079
3.61454;9.39141
5.31826;9.27426
5.86279;7.75051
5.88844;10.6406
4.27877;7.93589
2.73514;7.59039
2.9869;10.8532
3.11018;8.80101
3.04561;7.93494
2.56748;9.53779
4.66087;8.9884
6.46395;7.96576
4.30298;9.69504
3.01945;9.9891
4.15569;7.16523
4.55752;9.77023
5.05664;7.87577
3.54448;8.91943
4.12629;7.43292
4.06004;10.4051
3.86881;8.79518
6.49544;8.85571
4.14838;7.60562
6.15672;9.19399
4.04056;10.7242
3.23178;10.7014
4.21261;7.69573
3.1672;10.5156
5.89077;8.18664
5.00469;8.04646
3.85188;7.5622
6.31669;10.9085
3.93798;7.86117
4.32795;10.0643
3.7941;10.388
4.96932;9.66291
3.68317;9.46477
3.01862;9.83155
5.57039;7.17534
3.52554;7.61095
6.39955;8.75732
2.81239;8.61215
4.95305;7.97958
3.62774;8.84382
4.66623;10.6324
5.39029;10.5181
2.69463;9.70698
5.92663;8.63261
6.06815;8.25457
3.19688;7.86225
3.14256;10.1662
6.02515;8.82573
4.13097;7.04377
3.15728;7.70135
2.71912;8.68282
3.8123;7.11867
5.94014;8.62469
4.23082;8.89319
5.10427;9.85856
6.23702;7.7705
4.99099;9.6273
2.78861;9.68563
3.83428;10.7152
2.81824;7.90243
3.46981;8.01512
4.26468;8.61237
2.68132;8.28983
5.9381;8.81228
3.8336;7.09538
5.01364;8.55272
4.2782;10.8259
4.17138;8.21834
3.95063;10.4022
5.61153;7.0549
4.76077;9.84855
3.3254;7.75176
3.97586;8.11401
5.93739;9.81014
3.32924;10.7556
6.21257;8.79905
3.27075;8.47724
5.91142;7.95207
5.26707;9.84952
5.26435;7.10067
5.4449;8.27799
4.15339;7.72309
3.60393;10.3248
4.44143;9.55456
5.22698;8.05297
5.10946;7.98774
6.40152;10.4349
4.23951;8.37738
3.04888;8.1769
2.68751;8.37812
3.43253;10.9001
5.67717;8.70328
3.87732;9.5886
5.15535;7.1444
3.93812;8.4197
2.74507;7.38301
5.19769;8.89846
3.60611;10.8016
3.72323;10.0475
4.85618;10.9502
2.6005;7.96564
3.43795;7.00202
2.90051;9.67745
3.8794;7.94939
6.35435;8.56691
4.82751;7.78688
3.96699;8.50468
4.99016;9.84432
2.59327;8.1455
5.48871;8.53139
5.06521;10.2338
4.4144;8.2629
3.63224;10.0205
3.56453;9.35546
4.56805;10.4207
4.80567;9.16855
2.88635;10.2436
4.67058;7.78686
4.42107;10.55
4.23625;8.77542
3.61689;7.06375
5.0623;9.58388
4.06843;8.05245
3.9282;8.66171
4.69796;7.41691
5.6931;7.76316
6.15069;8.1075
4.52607;7.78293
2.62801;10.0906
5.63839;9.19606
5.0113;8.44406
2.86461;9.89765
3.18767;9.53519
6.18451;9.60874
4.58516;8.42076
2.88416;10.202
3.98452;9.94645
4.28593;10.0529
6.4989;10.2141
3.21466;9.19686
6.13103;10.9078
5.46002;10.2817
3.51526;7.98609
2.56465;8.14326
2.57668;10.203
5.83932;9.58798
3.1471;10.7039
3.98563;8.33477
4.73912;8.17015
6.44351;7.32428
5.09091;7.32766
6.02632;7.07542
5.77411;8.31225
5.62837;10.273
3.02637;10.843
3.96988;7.15741
6.25078;7.4299
5.93914;7.76604
3.91599;10.5038
4.4093;8.49267
5.20683;8.24863
2.58065;10.3539
3.45256;8.56629
3.18869;10.1917
5.23643;7.6322
6.01595;8.32734
3.45986;10.0423
3.90277;7.23397
2.85452;7.53114
6.00699;7.8809
2.87417;7.97687
3.53831;7.12495
3.90677;7.47744
3.39099;9.82276
6.48123;9.80029
2.81544;9.68806
2.54892;7.39609
4.54198;8.00147
4.46238;9.73068
2.69315;7.69881
5.86287;10.7091
4.52615;7.32273
5.25137;10.4289
3.05671;10.1059
6.46005;7.0637
6.48679;7.33422
3.54056;8.0251
2.95917;9.44733
4.00254;8.35016
3.7701;8.48377
2.65045;8.58553
2.67183;7.19937
4.48162;9.21381
3.70084;10.944
3.44449;8.39399
3.14281;7.30736
3.60308;9.66896
3.1301;10.8544
4.59787;8.18681
5.46034;9.05793
3.7505;9.94713
4.89215;9.29107
6.47223;9.85132
3.2384;8.47477
2.70147;9.0085
5.45854;7.35192
6.09403;10.1304
3.05129;8.57565
3.84418;8.75213
4.01965;9.28867
5.64611;9.16246
5.09603;7.24919
3.33142;10.2261
2.60364;9.92929
2.91294;10.064
3.48722;8.66344
4.51112;10.3794
6.45451;8.98335
4.73068;7.69291
5.95812;9.43216
5.2014;9.41666
5.28408;9.29543
4.04703;10.3354
6.37108;9.89122
3.58749;8.39073
3.67989;7.2336
6.05319;10.7759
2.9828;7.38461
5.50205;7.58644
5.8139;10.415
6.15042;7.30112
3.57843;8.66154
6.18049;8.03293
6.14489;8.91117
4.22584;10.103
2.84333;7.42724
4.01968;10.1274
5.22267;10.0667
4.96277;9.59376
4.45793;10.5503
6.48449;10.1378
6.28387;10.5377
5.41373;7.26667
6.42229;8.91579
3.35311;10.2362
3.83078;7.50353
6.03732;9.4092
4.66507;10.2178
5.94214;8.80997
3.62898;8.16798
3.41298;8.47231
4.09522;9.43266
3.09972;7.3179
3.99937;10.0625
5.41165;10.4573
5.11276;9.89614
5.09511;9.39663
4.93383;8.50884
5.1633;9.35612
5.92463;10.5164
4.09231;7.7554
2.51994;8.12963
5.66461;9.18501
2.84744;9.60674
6.49497;8.47642
6.27472;7.90795
5.44874;8.36995
5.84061;10.5485
4.18784;7.83998
5.11095;7.5995
2.79727;8.22371
5.99564;9.89238
6.12034;8.92947
2.90122;9.28364
2.78559;10.8258
4.30005;8.8779
3.08124;8.81998
5.50753;10.7458
2.50499;10.355
4.85259;11
3.3314;9.12732
3.40792;10.7801
5.99727;7.24853
5.82859;8.18511
3.58851;8.93955
4.28461;8.38578
5.66326;8.28025
2.77816;9.7836
5.70972;7.67938
3.56724;10.4953
3.00522;9.86729
3.87321;8.08647
3.18727;7.38075
3.33232;7.69226
6.23572;10.1849
3.19222;7.56712
3.81223;8.60014
2.84726;7.8095
4.34866;10.6759
4.49461;9.93717
4.1154;10.7792
2.82295;7.77866
3.55947;7.60111
6.06226;7.2692
3.78049;7.6295
6.26451;8.78571
5.99679;8.13772
5.37217;7.18406
4.01847;10.7045
3.37632;8.25419
5.3894;8.56853
4.32131;7.20163
5.66867;9.16858
3.51113;8.01734
4.34443;10.0057
6.45451;10.4598
5.28496;7.27746
2.7385;10.8444
3.37857;10.8008
2.61363;9.15905
2.93026;10.8781
6.44476;10.9271
3.51586;9.81693
2.61111;9.53432
5.02143;7.98743
6.28852;8.41083
5.05596;8.60983
4.11246;8.72463
6.27841;9.62359
5.24197;8.62284
4.12933;9.69648
3.58267;7.41429
5.47393;8.32117
2.75872;10.8525
3.62193;7.37235
4.51155;8.55219
2.75049;8.95631
3.97925;8.26635
3.27325;8.59036
6.30067;10.2947
5.07779;10.5892
3.2055;8.13375
3.69902;9.31796
5.35839;7.97742
3.44155;8.60036
5.10026;9.57087
2.79683;10.6829
5.48516;10.2708
3.5041;10.2439
5.62327;9.12603
6.11624;8.13482
6.17822;10.8667
5.59114;8.15747
3.63307;10.8644
5.24783;7.93375
5.65905;8.32562
3.02293;10.8646
4.95937;8.72195
4.68251;8.31775
5.19937;10.1241
5.41811;8.29963
4.19493;10.2149
3.48257;7.68009
4.98571;8.98667
6.42398;8.60898
2.6127;10.5402
5.24381;10.7909
5.90694;8.83494
3.4484;7.54002
4.19932;10.6962
3.97376;7.85838
3.52184;8.99669
3.22293;10.4812
6.21864;9.90544
3.29896;9.41801
4.5295;10.7171
6.21765;10.7244
5.43202;7.70021
2.90453;8.41773
5.18688;7.3285
5.52672;9.79959
6.36872;8.77052
5.09052;10.2757
6.10546;10.5389
6.31568;8.30479
5.73514;8.28944
4.66317;7.25698
5.78613;9.8861
6.23818;10.0048
4.29154;7.53715
3.92279;10.821
2.75422;8.14043
6.04547;10.1862
4.34064;10.95
3.10397;7.52753
2.7785;10.6307
5.82712;7.14722
3.90121;8.91763
5.92288;8.00667
3.95654;10.2386
4.81146;7.69168
3.028;7.47463
3.44866;10.8141
5.86072;7.68684
5.3189;8.15226
3.72399;7.24169
3.4733;8.47821
3.88212;7.51877
3.16444;10.2228
2.96877;8.26841
6.25029;7.74727
3.39909;10.0774
3.39449;9.3003
3.49504;7.31737
5.80697;9.45159
6.05593;8.61843
5.64327;7.08393
4.59306;7.09193
6.39806;8.45378
3.27877;9.71696
5.10604;9.00275
5.45865;10.5793
5.98096;7.34078
2.59812;7.1454
6.06354;7.56689
3.91381;10.3138
3.81415;9.3129
4.89125;9.20864
3.1132;10.3863
5.02601;10.9202
4.33788;9.08194
4.03859;7.98115
4.66587;10.6317
3.57308;9.06394
3.58543;8.85184
3.2809;10.6915
6.35459;10.7396
5.77082;10.3356
2.58033;10.3689
5.98095;10.6439
6.43583;7.89476
5.45771;8.24998
5.70766;8.34895
5.95862;10.8209
3.23525;8.98463
6.24102;9.57313
2.56658;8.27962
6.05428;9.23245
3.41127;7.62735
2.79639;8.9967
4.9792;8.07729
4.18817;9.33379
3.31684;7.959
4.16934;7.89717
2.82794;8.15029
3.04104;7.26376
4.54505;10.4987
4.01374;8.25271
3.3477;7.97236
3.57357;8.58294
5.457;7.81459
2.65607;10.0236
4.5942;10.7104
3.75603;10.0055
2.8377;8.55242
3.50217;9.8169
5.12971;9.69034
3.65069;10.4466
6.14934;9.82003
2.84372;10.9773
6.47033;7.88476
2.74104;9.01538
2.8835;8.75478
5.76809;8.2312
5.22715;7.34166
5.31415;8.68415
3.65625;9.97022
3.20772;10.2505
5.18057;8.96376
4.75592;10.0183
6.01618;10.2581
4.33517;9.14589
4.44844;9.98586
4.09244;8.59777
4.30589;8.93616
4.07505;8.77622
5.32092;8.81609
6.2916;10.2044
6.07087;10.0597
2.93563;9.29802
5.90135;10.2498
6.48216;7.5576
4.72;7.68989
6.30805;7.90057
5.15364;9.06397
6.41884;9.16982
3.82207;8.75401
2.81571;10.2705
3.23988;8.90815
3.36828;9.54577
6.34431;9.44332
2.82199;9.66523
2.75941;7.11359
4.36965;10.8303
5.67328;9.30528
4.6283;9.57463
4.05506;9.11046
5.63222;10.7751
5.30034;9.94027
3.17562;8.45399
3.50424;7.59447
6.1238;9.32631
4.84848;10.9395
4.09681;10.0884
4.34766;9.46508
4.13412;8.69197
3.40841;8.95611
2.85719;8.16782
4.5697;9.22685
3.4981;8.24298
3.03213;10.1264
6.3176;9.08719
3.73686;9.94983
4.36225;7.03721
4.3901;9.53787
3.99119;9.89434
5.63234;8.115
3.72065;8.48082
3.55451;9.81745
3.06917;9.90217
3.78254;9.2033
3.09413;9.19094
2.65941;7.95132
5.85877;9.22911
5.67817;7.35687
5.97209;10.7103
5.98327;10.2897
4.29749;7.72013
4.73952;10.6597
3.25734;7.12961
4.69762;9.24853
5.52395;8.32996
5.86352;7.2446
5.31077;7.41803
5.56205;10.3799
5.8202;7.34459
4.08324;10.9143
5.03553;8.74266
3.36565;8.8943
6.47177;7.04382
4.75117;10.4439
6.25413;8.73444
5.23355;8.55162
4.95457;7.97307
3.71137;10.2119
3.60268;10.409
3.96043;7.12663
3.23894;7.82396
2.87123;10.5497
3.74199;10.4333
5.42966;7.56218
6.27787;7.5129
2.97651;9.3134
4.75556;8.34216
2.7077;9.22732
3.88599;9.45886
4.17118;8.14011
2.6933;7.40473
5.19173;9.64787
3.87779;10.9031
4.35977;9.48047
5.81208;10.3202
5.10711;7.05102
2.64416;9.97834
6.10073;8.38615
4.91162;9.53039
4.44833;9.18948
5.54329;9.42485
3.00288;8.29885
6.26701;7.71058
6.02617;8.15299
5.66945;8.19735
4.79311;10.3627
4.10208;7.98484
4.51062;9.97987
3.38794;10.8704
3.96034;7.20002
5.6906;7.06745
2.75104;10.3348
5.54579;10.8518
3.22091;8.4574
4.88217;9.66925
6.14689;8.42546
3.5941;7.14977
5.22431;7.8611
3.36036;9.25048
