9.38795;2.99613
3.18537;13.0054
-0.982815;8.61621
2.89414;0.322866
-1.20848;3.78878
3.64454;4.55943
-1.18817;11.8143
-1.53858;1.67791
9.60582;-5.23347
4.9268;0.432023
6.5751;-4.61434
0.383261;5.20905
4.79417;8.10636
3.69414;9.97277
2.23462;7.63044
5.75337;0.0445004
-1.42339;-4.65221
-0.0386435;-3.50586
6.76943;5.70212
2.68543;10.4367
9.92766;11.7824
1.07348;-5.00089
5.98812;-0.10893
2.60544;6.99439
1.45149;13.8864
8.74795;14.7515
9.80261;-4.31538
3.91033;5.24936
6.67056;14.0128
1.20265;-4.71093
4.87186;12.878
1.83775;6.73982
9.20476;3.85344
6.35226;7.65983
9.96461;-4.47903
2.84514;14.5165
8.67766;7.56259
9.94175;5.37012
8.76352;1.66258
-0.430278;-2.41874
1.38943;15.2609
-0.448406;-0.708935
-1.24111;6.76337
7.09881;10.2065
4.37639;15.2326
7.64462;-4.11056
8.56748;-3.70084
6.00672;10.8064
4.59149;1.33322
3.05643;5.17816
2.70667;11.0328
3.75836;-0.372408
3.1302;3.68019
7.36012;0.519005
7.5573;12.8322
3.41872;-4.63823
8.55752;5.90306
1.44877;13.5087
-0.257757;-5.33674
6.05585;7.91261
10.159;3.68083
6.67688;12.4764
4.49285;1.90131
5.80876;-4.39741
6.35258;-4.78091
4.95043;-4.4413
8.07677;-5.05463
1.7536;-0.682813
3.71889;-4.34599
4.41068;-0.561658
9.35356;14.4065
1.53292;11.0494
4.10972;5.92296
6.53748;7.44594
4.83927;1.74333
1.2806;5.95205
7.6038;14.6306
3.03484;0.874142
1.95109;-4.8187
2.49099;15.2364
-0.981204;13.7275
-1.32707;13.1222
9.4602;1.45143
-0.387472;2.76841
2.85025;7.74562
5.76529;1.06167
5.16261;13.4769
-0.575106;-4.06841
3.5899;11.1392
6.4343;15.456
-0.134292;14.2061
4.73748;13.7766
8.98239;14.3066
0.876164;-1.16142
9.92592;6.59752
0.547146;-4.64175
4.11857;-0.659864
9.35028;3.46784
4.95661;-4.61009
8.06785;14.367
6.29602;3.913
1.32067;-0.2424
2.44135;2.00973
2.04097;11.2597
0.0179389;-5.46328
7.77042;0.501383
9.50017;1.59382
0.663159;12.0495
1.59021;3.39882
-1.27397;-0.141769
10.2165;-0.566945
1.77085;4.79132
3.80325;-0.833033
9.2238;-4.96525
1.39393;9.9654
9.87671;14.1624
0.4348;-0.699582
0.458575;5.73826
5.25294;5.07919
2.2174;9.92904
4.28481;-2.81632
-1.53547;3.82871
3.80572;-0.821545
1.57753;10.1479
5.97701;1.23622
10.2221;8.0436
4.88673;0.692592
-0.161473;-5.08753
4.42403;-4.43592
-1.24016;10.8864
7.66399;-5.18103
6.81791;14.8779
1.14394;13.4388
4.28494;11.8995
3.08603;12.0841
4.97776;13.604
9.80016;6.72901
2.46581;3.51529
7.87998;7.78084
0.311811;3.95473
9.65689;-1.86072
-0.639523;5.15634
3.83678;-0.696743
4.5436;15.1614
1.57134;6.48603
7.38878;-4.13318
5.25;4.56672
-1.35588;11.8944
2.79318;5.83085
6.10081;10.9936
2.7414;-0.907501
6.56004;1.65273
7.83086;-4.49977
7.45744;7.19897
6.37918;14.3012
-1.12217;7.76812
-0.386878;-2.37797
-0.110308;6.74234
2.74731;8.46327
5.02073;8.26263
1.04674;1.42164
6.86397;11.7243
7.9262;10.3442
6.00067;-1.53608
1.74714;0.882585
9.90859;8.55994
4.49005;8.5251
-1.6599;1.26659
6.80447;10.8507
9.34175;2.77639
6.87678;15.0893
-1.47028;12.0623
-0.232118;-2.06103
3.24981;5.10659
8.16271;15.1784
0.143837;-4.17847
1.99005;12.9687
8.81618;-2.94156
5.82589;5.63448
1.94563;13.9578
8.22832;0.449888
5.37158;1.96215
9.63285;7.20043
6.34928;8.47031
2.81921;7.1643
-1.06903;-3.32701
5.2206;-3.7388
9.4959;9.43485
1.1901;2.00999
0.813678;-3.92759
2.32625;2.38065
-0.127752;8.25851
1.27532;-5.09025
7.54254;13.1321
4.81527;-3.6907
7.98426;2.53129
2.6524;3.07771
7.07197;1.20418
-1.62249;3.19218
10.0326;2.79925
-1.57773;-4.60882
4.20271;7.08003
-0.265784;3.67756
1.94136;2.32255
7.75431;5.52632
3.58712;-2.65402
9.02256;6.75889
7.70685;-2.27371
5.45779;6.39144
-1.2909;-2.31714
6.04757;12.4184
4.62666;-5.07007
1.35918;0.177594
2.2952;0.244209
6.42987;1.27859
6.24341;9.19625
2.60129;-2.0143
1.80502;4.79214
5.45472;7.26117
8.56982;2.82081
-0.18858;0.979652
4.5996;-4.83554
8.92631;1.24128
0.441854;4.87718
8.86584;-0.780836
5.96717;5.80346
-0.845697;-1.7558
4.92336;1.6036
3.60245;13.3375
5.56018;-2.73843
0.856332;0.361275
8.19447;6.75585
3.5597;-2.7959
-0.896864;-4.51976
7.05587;14.1327
3.53346;12.7227
1.13991;14.9378
9.01126;-2.67912
1.7495;-3.75205
5.76032;-1.71816
1.91406;0.228106
6.83874;2.57464
3.63132;0.288686
6.89185;13.3641
0.290674;1.49606
-1.4239;2.71226
5.56562;12.5535
9.91463;-4.32569
10.08;-4.51391
-0.550256;9.69285
10.0007;5.92561
5.3132;-0.798891
4.42626;4.77281
2.51685;11.5126
5.08758;15.19
10.1011;12.9579
1.31466;9.34972
1.38001;9.36046
10.0119;15.1808
5.48975;-2.26541
2.0339;7.82023
4.75963;14.0042
4.14641;5.38495
10.0348;4.60131
5.00203;-3.69699
0.672376;5.95982
5.77778;11.1798
7.45339;-2.43793
1.62004;-2.84708
9.6898;12.4433
-0.442591;14.3391
7.01925;2.23112
6.04075;15.4037
-0.871956;7.79721
9.98112;8.78614
7.66532;0.731285
1.99364;1.44865
0.924535;11.4501
8.4092;-1.1161
1.67651;3.17466
1.75395;4.81555
9.72399;13.8855
1.64446;9.76541
-0.954226;6.41788
8.45762;-5.00774
3.28211;14.7313
9.83648;-2.2676
2.19709;7.49014
0.0106303;3.02399
1.23992;-2.80943
-0.747069;-4.71084
3.31677;2.8865
2.64018;8.12729
0.69662;-0.958577
8.51068;4.85798
5.77062;-2.3319
10.032;6.82056
-0.893639;0.138838
1.98198;-2.52876
8.25098;-2.0257
0.197712;-0.112084
-0.235371;-2.73517
3.14446;4.13802
7.22142;6.22641
8.59686;-5.48767
6.45685;14.4421
-1.32343;-3.19116
2.40636;3.00931
7.32493;6.13522
5.67613;7.41732
-1.21389;-0.263189
7.41024;-4.86327
8.25135;12.1091
1.80461;-2.38666
9.97874;-2.69772
1.98294;-2.48621
2.89868;3.76324
1.52064;11.2805
9.01929;-4.9964
2.50824;10.5333
-1.48661;-4.60609
6.77595;-4.21257
0.048714;-4.22596
3.81671;13.6089
5.59529;-3.68253
4.51926;8.37246
2.24959;0.58163
6.50953;-1.91835
-0.243893;15.2547
2.04428;-3.25902
-0.320269;7.75264
1.2213;5.21723
-0.915212;5.5034
1.93156;14.8871
4.794;8.47466
7.03023;6.49293
6.71489;3.86581
5.80735;12.5413
4.29849;-3.45289
7.44726;-2.98089
0.426903;0.646404
7.58518;5.38887
5.20602;4.37076
6.48744;9.38872
3.71886;-5.36448
8.00697;6.65254
5.86894;-4.14553
-0.712993;9.37403
5.28021;2.8375
6.36781;-2.66513
-1.03163;3.15158
6.6916;10.6507
8.51422;1.57817
5.75688;2.12724
3.43301;2.81223
4.01649;7.45986
6.48065;0.0079248
-0.153587;0.156668
7.00639;11.7892
9.95879;-1.52581
8.17558;11.1451
7.43384;4.28291
8.50404;12.4665
0.308253;3.82743
1.24942;12.3881
5.16846;1.08614
1.38411;0.4601
-0.788939;-2.97292
5.66901;9.39889
4.02104;-4.36646
-0.517932;14.7707
6.27194;11.1398
0.949197;11.4121
-1.04062;14.6273
5.76221;-4.68819
-0.00916228;4.09612
8.19394;13.6982
9.2923;8.92646
7.45553;-3.49403
-0.207776;-5.06134
9.58662;9.38619
2.23274;-1.09622
10.1307;3.23166
2.17906;7.35456
-0.278258;11.5552
6.21177;-0.688332
7.54762;1.5515
-1.52347;-5.42556
-0.0879313;-3.78216
9.76241;10.635
-0.335915;-3.22682
0.92206;14.4565
-1.51207;-2.41986
5.86601;11.1061
1.12492;10.6069
7.95841;-1.5498
3.92891;-2.46048
2.99227;4.30938
4.94496;9.75483
-0.830605;8.87173
4.68143;10.122
9.18051;1.10585
-0.825118;14.1048
2.03588;-0.892837
-1.59705;0.352
10.0712;-2.67769
2.86153;-1.05675
-0.764941;3.06655
2.51765;9.63186
0.602918;7.07949
4.06929;-5.31268
7.66411;14.7019
0.0624816;-1.64633
3.36785;9.46802
9.13771;5.14518
2.98414;3.8885
1.22841;0.993145
7.3582;1.41077
1.13169;-3.85537
4.80025;-0.109383
2.50236;5.73008
2.91167;10.0918
7.17476;4.46178
0.0233491;-3.33329
0.557794;1.80097
6.64498;8.8024
2.49759;4.7459
5.93529;5.18513
6.27547;-4.0145
0.877517;6.67806
5.15039;7.4629
-1.45768;11.8679
9.33631;11.0309
0.0921019;-1.97599
8.60459;9.26661
3.31264;-0.85785
1.07382;11.5976
9.78083;15.14
1.68104;-3.13768
-0.749013;4.62297
3.74045;11.0229
0.175927;11.6216
1.51505;11.3996
2.10812;14.3384
8.72436;5.92987
4.51369;3.98582
0.157297;6.05302
1.56356;-3.68118
2.26652;3.60241
1.27162;-1.27056
-0.141989;8.72746
3.28805;2.33571
4.11858;2.57554
2.49041;10.8543
4.18306;3.75245
1.34846;14.5711
0.947362;3.37268
7.47156;5.01422
0.945607;-3.53057
3.56293;-3.37255
5.87531;14.8391
4.85473;11.2621
4.44263;11.937
8.83622;12.446
1.38395;-2.60628
-1.10975;2.87843
8.0021;4.51703
7.48379;0.916185
8.55719;-2.84015
-0.769701;2.00044
5.0256;1.71783
1.97376;11.1577
7.41315;-3.76569
1.74537;15.3328
0.334992;9.99452
-0.661276;11.573
6.69492;8.04354
5.55291;-0.8043
3.92173;4.88599
-0.843309;9.98994
5.80697;-2.71285
-0.14236;3.87088
5.53525;13.5525
7.23975;4.36676
-1.37437;12.0276
8.14269;7.09466
0.358808;-2.59122
2.9342;14.3059
0.871765;8.89425
9.44071;2.81683
3.29787;-4.93099
0.727062;-2.80762
6.28288;11.695
2.44033;-2.43693
1.97911;3.49979
8.8203;14.3307
4.95397;-5.10861
2.90516;-1.93887
9.32937;-2.54141
5.89165;14.6262
9.92496;4.26509
4.91623;-2.29841
5.46079;14.4432
-0.634277;11.787
5.84;-4.88375
0.849307;-4.30373
-1.10414;3.46365
0.440655;9.7678
1.16635;5.74672
8.69336;6.20955
9.788;10.3539
4.24154;5.50345
7.50159;13.2117
6.54119;9.15917
-1.39838;1.46247
6.09596;-5.37349
7.77718;-1.02367
0.120344;2.87143
0.172617;-0.194383
0.880511;11.2271
1.6025;3.73218
8.46048;1.57713
8.61619;-4.71801
-1.0129;-3.17556
5.09212;14.1458
6.23799;5.74522
6.50411;-1.95581
-1.0679;4.21498
-1.06376;10.2832
0.14666;-3.60375
-0.783879;11.6296
-0.625566;12.9433
-1.4352;-0.17914
1.54126;-1.50451
4.29084;4.9431
10.06;11.0183
9.46159;12.1159
-0.298297;11.3411
8.73166;-1.58959
9.17031;3.89661
-0.320733;6.66953
10.0139;11.5259
7.19784;-4.6395
1.49908;11.4396
7.72928;3.58505
8.98194;12.8595
1.19836;15.3287
7.2487;0.290537
1.16115;-4.91257
3.81059;10.246
4.52173;3.97859
4.65534;4.17581
1.70114;8.32983
1.37109;-2.03761
8.35585;-1.84754
5.56657;14.7665
7.25971;6.97084
7.5285;5.00571
5.83648;-4.49674
1.90163;3.44509
3.98332;-1.24874
1.82117;9.77294
0.549951;-4.42272
-1.74515;3.69943
-0.830168;4.31951
0.473101;7.16523
9.24605;9.67977
-1.01512;-1.13741
2.79548;1.32796
2.68999;-0.780166
4.20738;15.154
0.49645;-0.227598
5.14704;14.7487
7.23464;-1.07384
-1.63747;-4.30653
5.85929;4.81024
1.32984;14.1458
0.837531;3.99464
10.0603;-0.883339
8.9009;-4.14222
6.46781;-3.8905
6.23172;7.20426
7.81244;9.83405
7.97106;-1.73113
-1.11742;-1.63816
3.06926;6.11242
0.227616;6.94499
7.86704;10.1107
4.90065;6.13294
9.66818;6.41557
5.54795;6.87807
-1.08097;12.7411
4.51792;0.278981
2.06759;5.21693
4.15894;-1.10015
5.11841;-1.69819
1.65248;-0.43228
7.65061;-3.73138
9.87673;7.04292
1.38285;-4.96622
7.59272;8.49619
5.15926;14.3906
1.32781;2.50102
6.505;11.6048
9.43798;8.00806
2.80165;5.93036
1.01065;3.71619
3.17371;10.38
6.78724;9.87727
1.41681;-1.13919
9.51978;12.1416
2.88293;-0.743538
-0.804654;-1.86131
1.94719;-4.41887
7.46521;6.53256
-0.858625;6.05637
1.09214;8.23111
4.18827;4.93992
-1.36307;-1.58179
1.95842;14.8361
8.17644;9.03513
4.37083;-4.2176
-0.209248;13.908
8.02565;12.2165
6.09584;-3.77068
-1.16583;7.03234
9.28769;3.70991
8.09789;-5.44969
5.56063;-2.71612
-1.13489;2.50022
6.68511;-2.78365
9.39377;14.3152
7.61712;3.47355
3.50721;11.6496
5.58529;10.2699
7.63896;3.78803
3.53571;0.722128
4.25882;6.5263
0.864331;1.20283
3.21445;12.8853
3.03695;4.29008
3.88579;1.27311
9.07571;0.676441
2.11767;5.3186
3.33875;2.42486
8.97218;-2.75324
4.29926;11.8454
-0.888885;0.558662
1.25797;5.28706
-0.519573;12.6807
1.39395;13.1639
1.915;9.3319
0.439171;11.5092
1.56612;2.98613
-0.231703;9.07099
1.57367;5.61418
0.139184;10.2591
8.43988;-4.16893
-1.24685;-1.81929
5.16124;4.36583
4.85033;4.43848
5.42577;-4.28322
1.80936;8.64454
2.37597;6.07283
0.465205;3.95369
3.2206;3.95853
2.28578;9.6923
0.0988195;5.47366
4.61942;3.61864
9.33845;8.38351
-0.244497;-1.19878
0.502961;0.520703
9.68159;-4.64503
2.41958;15.4658
0.810389;13.9714
3.83665;10.6113
3.02423;-4.08578
8.12031;9.16379
7.1093;-1.92652
1.21092;13.9604
5.66267;8.46017
2.74366;14.6148
2.87712;5.67934
3.9834;13.824
9.81742;3.01823
5.19426;-3.54239
5.54397;10.6751
2.77761;6.34974
7.95006;9.80008
4.97031;-4.96421
6.08801;-4.88283
7.73117;-4.34858
-0.620633;7.44508
7.25583;12.0602
7.65775;-5.47817
7.37316;3.01573
6.20828;-2.59056
2.57886;-4.39554
6.26931;12.189
9.89195;7.85676
1.1941;6.10588
6.96964;12.4966
2.09344;-3.23731
3.27364;-2.71887
8.25444;15.1319
0.113959;4.80429
-1.6391;14.434
4.76469;-3.24953
5.0066;0.740924
9.53893;1.86762
1.79729;9.30117
7.29477;14.7147
8.33892;-3.01615
-1.59902;5.26939
9.74589;15.2176
0.00494713;-1.15001
4.68914;12.9105
-1.01193;12.5745
10.0318;4.66299
10.1361;11.706
3.81565;-2.35742
1.93874;4.51397
-0.594826;12.436
5.22682;8.42561
0.0339575;5.54507
-1.61387;3.90968
0.987849;10.6466
3.14681;-3.97316
8.86453;3.41363
5.24499;12.2732
3.15071;9.89239
-1.13959;14.4247
5.53453;-3.06017
7.93244;6.94615
5.42018;11.3249
3.16266;-4.13229
9.62857;9.63244
4.72239;-4.48594
5.11482;-2.88387
6.75552;9.71536
6.02497;9.70289
0.290023;12.9774
4.13255;6.71946
9.64959;2.44989
-1.70538;5.77051
0.917494;3.23434
1.45452;0.316329
2.5952;12.9358
2.93638;-1.87164
3.86542;15.329
9.90616;13.0041
-1.0976;13.8908
5.43947;7.04838
9.87848;-1.82499
6.884;8.81451
9.01307;2.2957
3.08566;-4.01458
1.23179;13.3369
6.04993;-1.25259
1.52529;8.30797
7.08596;4.97987
-0.900104;-5.34917
7.53068;3.67141
8.83952;-1.97764
5.53273;1.93865
0.133621;6.72306
1.04302;-0.981969
4.28362;12.0494
7.97081;4.48868
-1.65321;5.70092
0.106111;13.5848
9.07378;6.2906
9.97295;-2.26024
3.71998;7.74505
2.49695;9.88422
1.67744;-3.52491
0.998047;2.06534
-0.566615;-5.36972
7.78243;15.1826
0.305792;3.00652
2.28785;1.47397
10.064;6.53403
4.78543;4.81342
3.12337;2.02841
9.81977;3.27777
8.92105;-2.9247
2.14001;11.196
6.42765;0.902686
9.61041;-2.53664
9.44585;0.89288
8.7029;-0.829245
3.00027;-3.31834
5.21062;4.96389
-0.460322;2.44284
4.01656;0.434573
7.61821;11.7377
5.59488;10.6489
2.94529;-2.12945
1.33992;11.3252
4.44655;-0.765539
0.848813;3.0983
2.39558;5.93544
0.67243;-4.85435
8.41179;-2.30004
0.280865;10.9559
3.7002;-4.57341
-1.70908;12.4308
-0.00528785;6.83271
2.44412;-0.109817
9.8046;12.0112
4.68986;10.1949
6.0751;-2.2967
4.41506;-4.50932
1.97506;10.7762
8.39905;11.9428
10.2247;-4.11125
1.09921;1.79043
5.54668;3.80537
2.75348;4.13232
5.36448;6.0151
1.1261;-4.43182
5.32811;-0.315199
9.07514;10.0199
8.22858;-0.1363
10.1672;11.2631
-0.710061;5.70488
4.76599;10.0938
6.45182;-4.22817
7.69542;15.452
8.24603;7.87032
8.15849;12.0287
6.65233;-4.09403
0.400944;1.05327
4.33933;6.22524
7.46748;-3.31333
-0.501235;-5.25622
0.0784807;9.15203
1.32062;-4.27617
3.45969;-3.58391
1.98288;3.55208
8.89237;2.93243
9.79398;3.60713
-0.0521484;8.13514
4.14941;14.0807
5.98267;1.39701
5.04775;4.45202
0.176131;0.180131
4.70885;1.71488
5.20909;-4.46068
9.0415;1.88899
0.0619905;-5.34954
2.58015;0.950825
6.67714;7.53134
2.60409;-2.55555
6.75996;8.73219
5.07374;7.09658
-0.83022;5.7235
-1.37931;-0.839145
0.423506;5.55268
0.0709073;11.9158
8.47554;9.66264
1.85733;-5.15458
10.1287;12.1958
2.53874;6.54618
8.92436;-0.0295805
9.32438;-4.56889
1.4305;0.537938
2.43682;14.8934
9.1153;9.52659
-0.445531;7.48672
2.93787;8.80436
0.8376;4.39339
0.805918;-0.242985
6.53528;2.85649
7.5384;12.2658
0.945598;7.72938
5.03485;5.61012
5.9756;6.24125
2.6791;-5.3949
-0.188611;0.0110527
1.40458;-4.3074
1.89981;5.6664
2.35031;8.29409
4.25272;-0.23018
2.68753;7.36759
8.65088;10.5495
1.7454;-3.69016
1.04306;5.1698
2.25677;13.9671
9.09074;-3.15345
7.49454;-2.73141
7.1191;1.63142
6.14926;2.62073
9.00295;-4.84536
2.91905;-4.8699
1.74183;8.27136
-0.739885;7.07785
0.468721;3.52324
1.28826;8.96753
6.38603;7.66263
1.83864;6.01959
2.9112;6.97706
5.83539;7.62495
-0.554647;14.8663
4.8426;-5.35684
-0.80267;1.29499
-0.117568;11.7588
6.17652;11.2605
0.721137;6.26907
8.17006;7.07533
5.30381;-2.9492
1.27382;8.69188
6.86352;3.75445
-0.515649;14.9706
-0.226014;10.9782
5.43757;3.52709
2.2173;15.3153
-1.49334;14.7972
5.61302;-2.87897
9.45485;-1.99767
-0.201892;-5.15369
4.10275;0.145945
8.27861;-2.30628
-0.977763;-4.54545
6.76874;13.2915
5.94993;0.831964
-1.58581;13.3466
9.94648;9.94099
2.27629;-3.79105
6.73949;4.29299
8.61122;1.01484
8.9729;-1.34511
1.83581;13.7942
0.191196;13.7405
-1.25842;-3.41443
-0.785555;-1.85055
-0.391782;6.51009
3.53023;14.5069
6.90646;5.17181
10.1966;3.6366
3.05476;7.96138
7.05775;3.27567
4.68025;9.4624
0.0566609;12.8789
7.74506;12.5983
2.31682;8.32848
0.283197;-0.537986
8.49478;4.41327
0.0792864;-5.09453
2.87784;-1.35849
-0.357977;4.3665
2.67055;-0.607079
-1.28052;11.5564
0.447066;10.5504
2.06324;-1.66864
0.611137;9.66151
8.10014;14.1255
-0.103042;2.07068
5.98311;0.623832
1.04693;3.7293
0.0597645;6.59156
-0.605555;1.30518
7.96347;14.5112
7.77197;14.7798
9.88521;-1.65783
0.173623;-3.62234
6.0521;5.68231
2.08747;9.05525
2.35495;5.14045
3.70751;8.43684
6.48818;8.26264
2.8462;5.23455
5.29754;5.50553
8.6787;-0.553861
8.00678;-3.27515
6.31882;14.8214
6.39938;10.7032
1.7195;4.83999
6.9125;-3.68492
3.71561;9.10099
1.45129;7.51116
7.63494;13.8359
0.0434086;-3.28077
5.58495;4.90213
5.56696;-4.03318
0.126558;0.801481
6.92112;5.90733
7.95345;1.08765
-0.974083;8.81126
4.80931;13.0122
7.66778;-0.82077
8.40924;4.32252
10.1514;-2.56971
9.74001;9.56682
0.930212;3.25233
3.17161;4.87262
-1.34515;-1.38354
3.19488;-1.57304
1.83896;-4.93029
6.40662;13.6654
-0.617699;12.1381
0.77105;11.736
2.81594;-5.02713
-0.16792;3.92825
6.66664;8.82743
2.18455;4.79023
9.07952;-1.75588
9.71157;13.3591
2.03252;13.7453
5.60482;5.88979
2.2172;-4.93626
-1.34577;2.23109
0.89297;3.94095
4.88031;5.48588
3.93894;-0.542861
3.44785;6.51718
-0.869883;8.08807
2.93467;4.1106
6.25339;5.54681
9.09791;2.31506
0.718136;-0.550689
8.56445;-3.1491
3.18625;11.688
-1.66142;9.83785
7.03761;7.60594
1.49151;-4.09908
6.02982;0.960049
3.43686;12.8199
7.30485;15.2601
2.96472;-0.618354
0.914116;11.927
7.87504;0.782408
3.94147;-1.37801
7.30029;-2.45399
6.88646;8.40186
4.4249;14.013
8.99067;2.43636
-1.28775;1.0146
0.575376;-4.45605
-1.29431;14.0277
6.30422;1.05009
10.1778;1.28957
5.65294;3.53066
0.566825;2.38114
3.24184;6.8852
5.51159;7.97792
3.25411;3.13161
9.51019;13.2973
5.50634;9.12334
-1.29956;1.3924
2.51868;6.17434
1.3074;-0.15364
9.42469;0.739382
4.99626;-2.79489
2.38047;7.18342
-1.07695;-5.09678
9.20915;-4.36852
2.32874;5.71365
4.0255;5.77223
9.12988;13.4229
-0.262895;5.32758
4.7333;5.93963
9.33811;4.63111
3.4968;5.68279
0.363968;4.55016
8.54725;5.74964
-1.36743;-3.04937
7.702;14.8052
3.18429;1.92696
-0.632681;10.4433
9.71022;-2.28686
7.55947;12.8139
0.701208;-2.99065
3.09145;8.97675
6.09376;1.09234
5.30406;10.909
8.17281;-2.72962
2.13209;10.3491
5.59085;10.5555
1.66536;11.1259
1.13612;-2.42293
2.14747;0.300208
1.37726;-3.05844
1.13595;8.68772
3.85773;1.58572
3.43632;3.44891
4.10363;-1.05237
1.79731;9.11347
2.19399;9.26034
2.84155;15.2086
-1.5799;14.9598
7.42862;12.2426
-0.507033;-3.56376
5.41382;9.60168
8.49959;13.0936
4.34863;-3.43251
-1.3982;12.0732
2.7144;0.668346
9.65556;7.44311
9.85061;3.35326
9.66361;2.95713
8.39124;3.79768
5.59272;-2.46504
-0.117913;14.3317
8.38732;5.47137
9.38447;12.618
4.17925;9.12791
6.71033;7.13138
7.6838;0.922262
2.06603;8.02594
0.513332;11.9307
7.1291;-0.843527
6.22076;-3.06887
4.40418;7.48856
7.00385;4.65089
-1.30039;8.87307
8.85172;13.114
-0.255287;4.98278
-1.4106;0.0518996
3.54116;12.9143
7.66044;2.32485
7.09414;0.424454
-0.951277;3.86282
8.8219;12.4869
7.23862;-1.24111
4.22592;14.2709
-1.3874;-0.423708
0.177078;9.16337
2.50853;8.72221
2.01968;-3.64834
0.146053;1.96376
7.48984;-4.54889
1.12014;13.3655
4.75222;0.196706
0.171356;15.2184
-0.00373377;14.4106
2.52901;13.1132
0.981483;3.46604
2.20487;-3.13907
1.62026;-3.76889
2.00132;10.9358
-1.49456;1.77936
-1.48879;-1.60059
-1.24272;2.48954
8.57378;2.06467
3.84211;-5.03529
6.80625;-0.464078
-0.972388;14.5762
-0.123488;7.31971
0.945936;0.788768
5.38322;2.35385
1.18966;14.5514
1.34261;4.50451
2.79997;6.91309
5.28453;8.44042
6.30098;13.4553
3.57642;9.11623
1.20978;4.35835
8.79894;0.647348
8.41737;10.1073
6.05401;1.15909
7.40256;2.21045
4.90143;11.9578
2.09665;9.0664
3.52001;6.02952
10.1358;-4.71435
9.29479;-0.475418
10.1255;-1.67956
6.80662;2.32452
7.49488;0.864522
-1.34432;3.84774
0.687013;4.61117
-0.0877309;4.02438
9.62973;-5.05038
7.17385;11.2874
7.39393;2.85375
-0.383426;5.59885
7.39812;8.61151
2.53666;-3.67917
2.60595;11.3042
5.84735;2.00309
8.26989;6.20373
5.37724;11.8969
7.08952;1.02676
0.630794;5.2277
5.58502;-0.543675
9.69025;11.6811
6.82857;-3.49059
1.47882;8.50703
-0.376272;-5.15283
3.8154;12.9859
3.19053;6.71095
3.12415;-1.76488
1.25998;10.6114
1.3934;7.47038
5.02747;13.3763
9.9177;2.97538
3.69288;6.47114
1.00272;-1.42579
8.7888;3.56364
6.67681;4.85918
6.22998;8.34735
1.95585;2.55747
7.27957;6.71567
-1.17315;12.7858
5.39734;5.32894
7.23096;-5.26624
-0.61578;-2.17356
0.486507;1.83235
9.32591;3.99484
9.82013;4.82342
2.43066;14.2462
8.96074;11.4212
4.34276;-2.85895
10.2159;2.68523
4.90697;9.26732
8.81538;-0.805335
2.56981;-1.44535
5.5055;-3.05858
7.5159;8.28662
10.0627;2.30316
0.284607;9.96889
2.8111;0.125447
8.95876;6.47581
5.62303;11.7032
-1.51248;6.73052
1.94806;2.31181
4.49098;-1.2046
0.351721;-4.83596
2.18226;-1.80158
3.2753;13.1111
8.77042;0.863683
-0.463822;-0.449593
4.1719;9.52794
2.49962;0.158647
2.68404;1.68903
5.91103;5.90013
-0.834047;-5.03127
7.94747;14.9232
5.32974;3.45337
7.71938;7.38519
-1.67635;-3.37698
10.0454;5.6306
1.88624;-2.09998
4.95837;7.82487
2.27482;15.1139
4.46772;-0.965819
1.63434;7.71182
3.69548;10.8659
2.35558;11.5464
-1.19596;9.52433
0.0673987;8.95637
1.31826;-0.636635
6.7472;-4.07996
0.668063;0.839645
4.14623;15.383
9.20419;5.0273
-0.635113;13.3918
-1.40549;2.89447
-1.04322;6.92254
-1.37038;2.8603
5.09654;6.12535
5.58685;12.484
0.41124;-4.05093
5.84712;5.54694
8.78742;8.84453
1.11644;-4.79906
2.67623;4.96573
1.39817;-3.80399
5.01044;4.32091
2.81037;-4.27082
3.76368;0.730492
4.93656;6.18
0.574192;6.88438
9.68969;-0.115801
0.39395;15.2638
6.07257;10.3134
4.72665;0.108987
5.53137;9.69631
2.25175;-0.382644
1.21471;-0.976452
9.33965;4.78452
1.20399;0.732787
10.0759;5.25879
2.74931;6.10603
9.9784;10.4344
5.55298;3.75364
-1.11575;-1.93831
10.1807;-0.242725
7.33061;14.4781
4.29941;14.223
9.49966;-2.14402
6.52505;4.60104
3.34141;0.80373
0.674204;10.493
4.74491;4.01061
9.94233;4.35297
9.53007;-0.788942
7.41043;14.0154
7.05848;-2.51545
4.00223;9.51954
9.02943;-3.57338
0.088964;14.5539
1.35474;-2.32317
0.682122;-5.09563
-0.550039;9.42269
9.71991;-4.63317
8.66352;8.13368
4.48593;0.713631
9.61138;9.73523
-1.09191;4.82849
0.359053;-4.80677
9.75084;-2.98903
1.30673;9.73722
-1.19494;15.3441
8.63101;5.61776
6.7121;10.6108
5.6725;12.6069
6.88412;13.0027
-1.61932;13.9459
9.0226;-3.09138
5.85778;12.5044
0.0902576;5.11728
4.29747;8.71333
7.83624;4.04548
3.04632;12.5076
9.57513;6.6644
8.90474;13.5254
6.6045;-2.42492
5.79723;10.1717
-0.113306;4.95443
1.52685;12.2529
1.39869;13.3039
6.70986;15.1999
7.53659;9.61344
9.15906;8.68358
8.23117;5.98447
4.6117;15.2675
-1.15186;-4.70396
6.20762;12.4027
4.12801;-4.10061
6.73871;3.68549
5.96931;7.08103
2.3391;1.70917
7.16492;14.9436
-0.70663;13.0453
3.87458;2.14038
6.96041;9.93323
1.32957;3.62797
6.86608;-4.77922
0.0708004;7.749
6.73535;15.2335
0.351979;-0.437669
9.93341;-0.694787
1.56621;7.95179
-0.805499;10.6699
6.70496;11.0881
0.707358;1.88498
2.88665;6.0363
6.55809;-2.70474
4.49279;10.9451
-1.58681;15.3479
-0.0183217;10.1088
6.95065;2.99968
0.353869;3.88428
3.4874;1.44817
-0.848127;-2.40519
2.03664;-0.163259
2.8798;0.652586
4.01397;8.48552
9.42107;6.31983
3.45023;7.92556
2.45168;7.98078
10.1103;10.0471
0.514046;8.87471
8.69991;9.46697
3.82986;13.1529
6.68421;7.3752
5.79671;3.566
-1.56721;11.4685
8.76159;4.06533
-0.114755;14.5536
5.45294;4.0683
0.727316;15.2873
7.20194;9.00226
6.08874;8.79527
1.25976;-3.60179
2.05905;7.20003
7.00656;1.00138
2.35978;13.8661
10.1478;-0.940547
5.83745;4.16585
-0.51721;1.6179
-0.900831;9.94412
7.46652;-3.61408
4.74007;8.10419
4.76214;8.7993
5.45157;-2.41861
-0.142795;11.5181
-0.142182;13.0585
4.23018;11.1115
4.99215;10.3124
8.79554;13.0446
2.51139;7.35868
0.530562;9.22954
4.63271;-1.60793
9.24085;-1.97223
5.96595;-5.02863
4.30181;9.56896
7.31314;0.299581
7.90708;0.798118
9.30644;1.87613
9.98853;5.53152
4.1943;-3.06497
2.2469;7.79621
10.2149;12.0399
3.30868;6.3173
5.27702;0.887388
3.56823;14.3347
9.21632;7.87788
5.96957;3.9408
8.08712;6.32324
5.62919;4.29788
5.24407;-2.91575
0.428195;1.68011
3.00933;15.2917
5.92042;1.2576
2.31449;7.54565
8.38378;12.0954
7.06467;-1.6913
3.87091;9.94421
-1.58224;13.2693
1.79658;7.17087
0.59382;10.0934
4.79319;-3.12725
2.7736;-1.46017
4.96917;-1.28875
7.28319;-1.74787
6.22379;1.62769
1.83936;12.346
6.39446;9.19021
8.29725;1.25603
-1.52553;-1.72445
9.53382;12.7069
-1.56946;8.75236
-1.20106;4.73254
3.18804;-4.16578
2.79105;9.42807
6.22148;6.62852
3.65942;-1.01932
6.50501;11.9628
3.08744;-0.215175
-1.39627;-2.14641
3.38255;9.15315
4.20788;9.84334
4.78949;-1.74091
3.3806;2.6068
4.22721;3.95137
5.00849;3.78679
2.02332;6.7233
-0.330486;2.14395
-0.949519;5.70571
3.34896;3.92768
1.15216;-3.54673
-1.4636;9.12526
1.89511;9.52748
4.55459;9.42446
9.8256;6.23206
8.66317;2.81926
1.29583;2.22934
-0.259947;11.3543
4.78339;6.16614
0.482068;-4.52646
-1.71428;10.3135
4.08162;1.24582
2.23959;7.26949
6.44129;2.96262
-0.0813132;-3.16206
8.4416;2.57899
0.670689;12.9165
-0.807571;5.19515
5.32941;7.26229
0.858352;6.22628
0.215338;-3.63233
9.67316;3.34954
3.70258;-3.82187
0.906491;-5.44456
5.84387;3.13498
-1.19344;7.93178
0.189116;5.75932
9.74863;4.95523
-0.0506804;8.03737
9.02877;0.474011
7.29017;10.2781
6.24886;14.6365
5.75836;10.2272
3.83666;-0.891389
2.49831;8.92128
7.55279;5.45388
7.52654;9.85042
9.53481;-0.644037
7.94917;-2.02272
1.02509;3.84282
5.13986;0.410385
-0.767373;10.0307
8.02983;-4.5778
1.06768;14.6685
6.48118;-2.62622
1.15716;3.80487
8.87681;13.6655
3.04222;5.31655
6.1573;12.743
7.03295;-5.14769
4.8839;5.23005
4.67925;1.42327
1.1217;4.57961
4.94956;-4.42098
5.96536;11.1606
4.1739;-0.860855
-0.883701;6.66643
9.7442;13.2107
5.69779;-1.3742
8.43528;1.01819
2.21833;-3.50823
7.26032;-0.878505
-1.69155;-2.26556
7.04031;8.52007
-1.50858;4.33321
6.43136;6.61181
9.96901;-0.851437
9.09576;-0.886262
6.63467;4.28431
1.47157;1.75506
1.32997;10.5846
5.01526;1.48597
2.36201;5.53406
0.902402;14.8096
6.88135;-3.95405
1.54876;-4.37057
0.240126;-4.87911
1.50482;-1.83498
0.421619;-5.34102
8.32433;-1.19718
3.9284;5.52746
7.59836;4.02546
7.1763;8.9197
6.29811;3.87419
0.0494378;14.3019
7.721;3.11897
6.72516;1.99345
7.13568;-4.39245
8.80572;14.7716
-1.54304;7.15737
-1.31423;0.715016
6.09674;-1.17468
2.12481;14.0077
2.78447;5.16124
9.45669;-0.854584
6.76946;3.1289
7.1745;4.84868
8.59249;4.8189
0.371934;5.76355
9.47177;1.4424
3.97028;9.79235
7.11078;-1.57797
-0.760969;4.63631
1.09262;14.7833
3.59455;-0.0832374
5.04182;4.69555
4.8653;-0.802513
6.51621;12.9377
0.0501224;-4.0188
2.84653;-3.65808
1.71949;-3.46701
4.20189;-4.73051
5.29381;2.09517
4.5548;10.6201
8.99498;4.25149
-0.602882;2.39421
0.529339;12.0938
4.97071;0.299647
2.06436;11.3158
1.12312;10.6081
-1.07709;11.4937
1.24923;7.33436
-1.38649;14.2945
4.08832;-1.63365
-1.62388;12.841
1.48044;0.872334
9.86084;10.6491
2.29962;6.22565
-0.213286;12.7002
2.1304;-4.92704
2.19098;3.37816
3.05696;5.46556
1.34542;14.7534
7.79869;6.67212
7.401;-4.68183
2.3787;11.7718
8.39675;7.05387
3.42211;12.973
4.70336;13.8482
-1.01611;6.0941
7.75527;1.51758
8.48511;10.5332
-0.543337;-1.42174
2.08077;-0.61909
-1.05086;8.07455
1.33507;2.7002
-0.951309;8.39105
9.17044;1.39469
5.7297;9.40097
9.1139;2.68372
7.20094;-0.182966
0.764598;7.00096
8.43051;8.03174
3.91795;2.68929
5.00713;5.78323
9.52337;2.03921
8.67618;11.2198
-0.311481;14.9375
10.1032;3.80125
0.686216;-4.45342
-0.709542;4.24225
3.50245;-2.20149
-0.276684;1.88255
4.04326;10.2478
-1.04799;2.73002
-0.106289;11.4727
5.95975;1.85704
3.06064;4.88796
10.155;12.9175
8.83414;6.23876
3.19044;11.8306
9.23455;0.471572
5.67598;-4.67962
1.30945;7.31855
4.00236;4.19742
6.14151;6.46743
9.32695;-3.41808
6.94197;-4.45703
3.62684;-1.07085
7.81328;5.21799
5.45238;14.1922
2.0418;-0.323772
1.6753;9.63426
7.11239;0.408061
5.39103;7.61143
8.30247;-5.27743
3.61404;10.3948
1.75808;-4.03747
7.77009;6.07318
6.37919;0.306793
-1.6268;1.61622
8.37527;14.1803
3.47465;6.51017
10.0604;13.1326
7.61247;10.984
2.99034;2.56849
6.8907;9.51124
5.78698;-5.30449
3.44457;2.2789
1.70632;-4.8327
10.1559;-2.77961
-1.27293;3.8024
8.85581;1.55401
4.36996;8.80034
8.86268;-1.48399
9.70836;13.3678
4.57984;11.3514
8.24602;14.8004
2.71087;11.7413
8.46598;-2.22916
5.49014;-0.246438
4.69818;1.37147
9.79846;-1.94597
2.25684;2.8803
4.69453;7.64054
3.38863;5.69327
7.28196;4.40747
9.93038;7.94611
7.91084;4.73059
2.07368;9.05865
6.35949;0.323579
5.31939;-1.15117
-0.824323;3.44447
0.303826;4.00646
1.18185;-4.94783
5.51988;12.381
1.53613;-2.41339
0.362832;-0.459474
2.01323;5.28943
5.88761;12.4436
-0.107155;-4.06158
2.8682;13.2609
4.70193;2.10251
4.62258;1.77736
8.40892;12.4235
-1.30371;5.54971
-0.21169;7.73244
7.01774;-1.10802
-1.10891;13.5177
6.16053;0.832638
9.40137;0.145725
0.054927;-1.15437
3.20848;1.43608
3.58209;9.84298
8.34744;-3.72302
5.23946;15.1255
0.0559409;14.8934
8.72509;9.03128
2.21624;3.06342
-1.31935;-1.70098
1.35393;-3.88535
6.70356;2.70392
6.70262;3.71727
5.41623;10.494
2.35286;-0.0356634
-1.02335;0.274897
4.56718;-0.989747
4.00173;14.3124
4.75933;13.9767
6.30736;2.64184
-1.63648;-0.0880577
2.65705;-2.06095
0.964486;-0.376264
8.48733;6.27127
6.0398;13.249
7.11588;13.644
9.85493;3.88902
1.84598;8.68071
8.85074;13.4139
3.46126;-0.688715
0.148972;4.97133
4.26782;8.95826
6.77948;15.1767
5.80181;-0.102084
9.16336;0.896041
5.95558;13.877
4.96599;-5.2229
-0.743664;11.0833
1.30476;14.2564
2.4212;13.558
8.22165;-3.6051
8.0483;11.339
4.66652;-2.98002
3.94413;3.3602
-1.53352;13.6644
6.03085;-1.71795
3.15329;-2.27233
8.6416;-2.91265
-0.121784;4.98097
2.78158;-4.47224
7.86258;-5.00498
9.87846;2.15499
-1.34022;-4.30911
0.069043;0.642949
10.1885;5.06293
0.619105;11.9227
5.33733;-5.12705
5.7967;-2.78826
-0.128322;-3.24856
4.83111;-2.20322
-1.54379;-1.28656
2.26362;3.52163
2.47063;-1.21086
4.85227;4.81549
6.65863;14.0642
4.70043;5.11711
9.68101;5.21805
8.65977;15.3014
5.02368;-5.01957
1.61533;6.32625
4.52906;4.61526
2.93226;-3.02882
4.21184;-5.01933
1.18024;7.85115
-0.220221;11.2249
7.73168;-2.38201
10.1833;-2.80324
5.1555;1.84942
2.21051;-2.7814
8.3128;-4.774
-1.04838;2.47816
4.70035;-5.1879
8.90212;3.08522
-1.71658;4.07514
3.39894;0.527809
-1.55206;14.579
7.44318;3.12034
-0.895602;0.101289
3.41915;1.20312
9.04854;6.30312
-0.394001;9.07038
6.74492;-3.16369
8.08551;0.530725
3.75327;-2.27696
3.21818;0.820637
0.475171;4.50216
6.38931;9.76217
4.11243;6.465
-0.154349;4.89774
-1.47278;6.38304
7.6046;-4.58847
4.4826;6.03862
3.66535;6.98225
8.0128;13.1029
9.18164;9.56235
3.59343;-4.91663
3.15156;-2.2029
-0.11304;-0.630129
3.54876;7.07541
2.84309;12.5472
9.01631;6.51196
2.24675;6.66484
1.80379;11.8336
0.00704951;3.59152
2.06503;-1.86002
10.204;-3.37315
0.81943;5.40661
6.02741;8.55337
-0.416363;4.27537
4.87928;-4.95576
0.411554;-5.46776
-1.13708;6.94045
0.121055;-1.48271
8.11018;7.12718
7.70011;-1.12677
3.74676;8.95874
7.58154;11.1936
1.43205;-3.87067
5.66268;3.22342
4.34477;14.2285
5.28337;5.16541
-1.29266;11.3849
-1.45456;8.99081
3.89758;-2.56911
0.0849606;-4.93549
0.204357;1.5739
-1.44043;-0.927269
9.36963;-1.6039
3.12715;10.2947
7.66044;-1.34728
9.74309;-0.332398
8.85369;10.0231
-1.28929;-2.29496
8.01996;8.35843
5.03484;1.34328
5.4111;-2.23814
8.22353;7.91228
9.73101;12.5507
2.16319;3.55503
10.2081;4.63927
3.71545;-2.07328
8.05467;4.6863
2.78969;10.1975
6.26566;11.0595
4.21411;4.07568
10.0541;4.13009
6.6433;12.7936
0.591823;10.0745
-1.49646;-5.22438
3.0374;6.89715
2.28651;15.4899
7.16658;-1.90242
5.87695;9.27577
-1.41098;14.7752
-0.163828;-4.90012
3.59829;6.92034
0.519487;0.0976802
-0.863347;6.49605
-1.61274;10.159
2.53601;5.25739
0.638411;1.7377
9.86856;13.448
0.807913;-1.98933
5.94572;-0.499965
0.382163;-4.57454
8.15982;5.37518
-1.25838;6.5262
6.48872;8.78749
1.53398;9.59105
5.96871;3.10277
7.18482;-3.55275
-1.76822;14.1875
2.52996;-3.90024
4.32348;2.31013
8.08074;12.7091
8.82858;-5.03648
0.759608;12.425
9.31087;3.44816
-1.53248;6.40403
6.18897;-1.30806
5.54971;4.81538
6.82835;8.21483
-1.01481;3.00988
2.2199;1.61356
-0.295184;15.0351
7.19933;12.7619
-0.934394;10.2094
7.90394;3.49724
8.10955;1.10298
7.82278;8.03801
0.396909;8.84488
6.21944;2.7289
4.65849;6.88305
8.03404;6.17552
0.0969021;4.59526
7.28569;10.5866
9.8818;4.40458
3.24794;-4.77777
8.74112;10.2737
2.69616;15.4854
6.96645;-2.97789
8.64557;11.2611
8.63661;8.66664
0.937622;9.01077
10.0869;-4.9643
2.24644;-1.94829
6.72176;-5.4797
4.95035;-0.379552
5.3062;2.42768
7.81627;10.1604
8.5174;6.13342
4.35971;11.9036
-1.474;14.0184
8.57618;13.4225
6.3855;-0.5684
9.02305;3.07092
2.47784;10.6251
0.69401;-0.844727
3.52813;3.56036
9.17059;3.53134
3.70203;-0.315186
5.40889;-2.05336
1.19292;-2.16633
3.11405;12.0785
4.65363;-1.16694
5.21223;2.75429
7.34228;-3.54411
0.880216;10.9745
-1.5104;-3.74631
6.44539;9.23642
2.03874;6.77478
-0.462948;8.60901
2.44707;1.10936
8.94102;11.1616
7.17269;11.4003
0.900246;-1.26422
-1.16135;11.746
2.60853;0.760248
9.97837;10.7195
-0.159306;5.311
9.9629;9.54761
9.11302;9.98906
7.93486;-2.80684
4.48345;11.9478
0.759633;-1.16952
4.60956;5.60215
7.70729;7.96156
0.624947;-2.52487
9.68767;-3.55456
9.43955;9.21064
8.98757;-2.20036
9.04509;14.4009
9.95893;0.0988321
1.16779;14.5953
-1.3138;2.46985
3.8793;-5.15908
-0.628596;2.44156
7.26427;13.491
4.29556;0.263513
7.04072;9.55158
3.98657;0.0929799
1.16356;0.169256
9.10688;3.83489
3.15822;12.5955
4.66447;1.7511
4.96491;3.59608
4.24757;4.22251
2.78827;4.56637
6.97362;7.6281
3.4538;10.6097
-1.72546;13.5379
7.61892;-3.41459
1.63542;5.75057
-1.73779;11.0842
7.94091;9.98512
4.29617;0.578081
-1.7368;10.2595
4.93134;13.6026
0.558241;14.8617
7.47463;9.84475
1.99732;1.47421
0.18476;11.6336
7.75955;5.9078
1.76139;5.48806
0.239084;9.83157
1.703;-1.89615
5.85828;-3.98165
1.46957;13.819
5.5151;0.235616
6.73468;3.25301
-1.65529;-0.991018
6.69348;-5.23116
9.80058;0.0484246
9.28799;-2.16707
1.02437;9.0396
8.89153;5.99296
-1.48783;-4.41149
2.57658;11.6805
5.35932;8.29644
2.3149;10.5022
2.86315;7.73632
9.42203;-5.03249
6.64981;-1.2347
9.52513;0.993584
3.93338;8.15967
6.93091;4.69166
8.60066;3.54768
4.196;11.9072
6.5592;3.30199
10.0701;13.9762
-0.443378;12.8878
3.91526;-2.67461
9.34788;12.0657
9.65052;5.4426
4.13981;0.644485
1.61561;12.9602
9.29332;-0.979137
9.03439;7.60547
3.23924;12.1842
9.41803;13.2571
4.12933;8.31564
2.76071;1.98248
-0.716674;12.8792
0.441225;10.9294
1.75071;-1.90026
6.7361;2.99283
-1.21713;-1.65512
4.68613;14.9338
-1.5468;4.79413
4.14795;5.24277
7.61207;10.7912
2.90597;9.28942
10.1112;0.600625
2.1585;3.06825
-0.19012;-0.0360665
1.83305;7.59862
9.23547;8.74408
9.9792;-5.38711
4.86047;-2.05925
7.67133;12.2746
2.24171;4.91799
1.22851;2.49801
6.36878;11.0556
2.46532;9.14347
1.56128;12.2782
0.724992;-4.24165
5.68682;7.05918
7.38872;7.35152
8.88132;-3.58735
-1.54156;-5.08541
2.43376;1.21511
5.94041;0.126157
10.1952;7.56432
1.49803;6.0525
7.65004;-4.24863
2.97689;-2.98444
4.88678;8.06445
4.22632;-0.59777
3.43003;12.4154
9.38754;9.43979
6.61492;-2.59806
7.47465;1.23305
7.05349;5.7159
9.40975;7.59092
5.7206;14.4743
5.936;14.9751
1.46968;0.488723
1.13359;0.118629
9.10602;5.31034
8.03065;9.02811
5.11098;-1.03181
7.95781;-2.79893
8.52294;1.02724
2.56332;0.622697
0.185782;0.619004
-1.74572;12.6062
3.37339;10.7306
0.412438;-2.04795
1.9023;-3.10616
7.6717;14.0451
-0.999612;3.51848
9.08726;1.52763
6.79411;-2.4085
5.445;7.53024
6.16248;3.28739
1.9662;-0.56645
5.79319;-2.92797
2.58121;4.75822
3.41815;9.70793
7.5791;7.01189
-1.59461;10.9134
3.71463;3.81787
4.8723;7.92737
5.51567;12.5605
7.25926;2.78289
7.7075;11.6594
8.10507;9.09583
0.0397215;5.77856
8.32561;10.3033
0.109318;5.05916
0.270373;4.33716
7.07155;11.3162
5.30954;-3.40267
1.68969;-5.02154
8.10729;-4.07462
5.64163;12.1022
8.41216;-3.92154
1.60146;2.95281
6.79333;13.16
1.36906;4.29704
1.6145;-4.41102
1.62224;-3.28576
7.18132;3.61344
5.92875;6.84213
0.456688;11.2716
-0.694979;1.97736
1.42359;11.864
0.100623;12.488
9.33933;3.83805
8.77082;10.2366
4.3691;4.92678
5.2693;2.07221
5.07871;12.7288
7.37572;0.481065
7.2979;-4.99163
7.23463;-4.69829
-0.868661;-4.79548
-0.058031;11.7521
3.82883;10.9788
3.12958;8.20466
5.21878;4.96556
-1.67742;12.3291
2.12118;-2.05439
6.68549;-0.239113
5.52352;6.75354
10.2171;-2.98292
-0.821246;6.80626
3.98388;8.15556
3.6672;-0.4157
9.4395;-1.10606
1.41438;8.88472
1.18751;1.66001
6.841;2.68159
0.168375;-1.62279
0.310193;6.47643
8.26536;10.3807
-0.957435;12.2339
5.48134;2.74155
-1.67886;0.996946
5.93425;7.43316
8.93313;7.96991
7.04728;14.9008
0.947812;-0.990468
5.67935;8.78128
3.70076;6.16298
8.89012;9.6565
1.10297;-2.65914
-1.02914;14.6069
4.51711;-0.801334
-0.0761968;9.15278
7.7472;15.036
3.66627;12.5871
8.0871;-4.28668
1.2635;11.9194
2.62444;13.3011
3.56291;-0.0692489
4.65913;-1.72717
0.97946;10.5171
2.95135;12.3579
3.53196;12.3462
3.08765;1.44364
5.07725;8.0386
3.80971;7.7892
5.4446;15.2769
8.49735;10.0997
6.46412;8.13296
6.86756;-2.5668
4.34431;5.87565
0.58801;10.5187
2.6729;6.32678
6.11556;11.6177
8.08002;-1.43929
10.156;-4.44091
9.69163;2.64284
9.02829;2.84628
1.06945;0.907898
6.95567;11.4617
9.61657;-1.45559
3.50481;6.06204
0.4022;0.708789
1.73956;12.7211
9.55671;-5.23254
-1.69328;4.03179
4.87178;-1.22922
0.81884;13.9082
7.41718;12.8402
7.09047;6.8251
-0.980903;9.88631
5.86668;-5.05122
-0.336199;5.77119
3.24432;1.98819
8.32091;-2.44502
0.189948;11.0956
2.27537;7.17083
2.30864;5.39075
9.00693;7.78936
2.85389;12.1914
5.96533;2.73607
1.77467;-1.33007
5.36534;5.24363
-0.308225;2.07442
2.83791;12.5739
9.58972;3.95476
5.33871;6.7537
3.87774;9.4594
-0.338635;13.1686
-0.954237;14.674
-1.36795;-0.632504
7.22975;2.29298
8.24047;-3.60282
8.89499;9.88795
6.89659;0.265538
5.12104;2.21335
6.21949;12.7725
5.00902;-0.0215352
2.79921;8.93139
5.67736;10.57
4.79304;6.42239
0.80413;-2.56443
0.0334818;8.89827
8.44427;0.170982
5.11393;13.8126
0.987119;7.26046
0.0357468;15.0845
9.96339;15.1884
-0.934746;12.7072
6.83362;11.1382
-0.0827402;0.625659
0.133762;11.4443
0.160369;9.70487
-0.968411;5.88427
3.15357;8.94566
1.9067;14.6116
1.28603;5.44896
-0.611625;3.01415
0.702703;14.4121
6.32436;10.8841
8.63268;13.5001
2.87261;-5.12525
8.83835;2.168
-1.74535;14.5363
1.00438;9.60947
7.17545;2.31787
-1.64707;13.4961
0.368395;-1.89672
5.76199;-0.345029
6.78288;-4.69276
9.41893;-5.08822
10.1722;-1.56131
4.71042;-3.56403
5.33448;10.178
-1.2968;0.107968
4.53976;13.5428
0.280319;13.6766
9.31431;-4.33733
1.55837;13.9507
-1.66773;5.18981
5.96723;10.3435
8.79439;8.26528
6.12692;-4.26013
8.14346;0.510594
1.87277;5.8261
2.11447;-0.534521
4.92593;1.20665
3.30667;-3.43138
3.15721;-5.173
8.35948;3.96072
1.60998;2.27866
2.5063;4.01303
1.6216;0.391062
4.31897;6.26994
0.699566;5.34466
-0.947288;12.3719
1.46895;14.4374
4.29696;13.9978
-1.68011;1.47573
0.794783;1.04215
8.67676;5.7962
4.79436;3.50971
8.50591;14.8818
4.54905;0.115465
10.0522;2.29492
6.83353;0.113774
7.11776;-3.9503
6.86246;-5.00112
2.47044;-0.727498
5.22933;6.25251
7.14267;8.19857
3.1468;-5.22467
5.43914;13.7316
9.51749;7.2833
1.19417;-2.24852
9.26169;-3.02087
6.53153;4.30308
4.78362;6.02052
3.46707;-3.96283
8.01056;3.36368
3.5512;5.68217
6.4914;-1.62432
5.49393;3.07426
0.718322;14.6426
5.84529;11.1134
4.44437;2.43392
3.53969;13.9895
2.90957;-4.58205
8.34492;1.45236
6.04786;-3.60159
4.04933;6.4967
0.720021;-1.77849
-1.32441;10.3364
6.9283;4.45466
8.14632;5.84802
8.97191;0.175647
-0.907034;6.76579
3.67647;8.73207
10.1272;8.39589
5.86126;7.65681
3.65244;-2.26015
-1.72958;13.2912
-0.793203;2.76998
9.48096;13.9205
6.91705;6.88043
-1.59919;-1.10383
0.148362;-0.833549
2.85725;-1.35308
9.93447;-3.17029
6.27662;11.3464
6.03442;6.38992
-0.911698;9.67792
0.0218333;5.54336
3.02428;-2.53424
0.469569;-4.74531
7.43146;7.91852
0.501167;10.6833
4.62414;0.193936
0.191872;4.38893
0.569681;13.1456
-1.05608;-1.09665
-0.614693;-0.883513
3.40132;4.62947
3.22623;3.04264
5.3381;-3.66502
0.726581;-0.393093
6.06137;0.381045
9.8099;11.3506
7.88966;2.16481
9.54221;15.3336
3.02971;9.40893
5.79124;6.88404
3.98555;-2.06808
8.54884;8.0155
5.83048;-4.33758
4.59635;9.0602
1.39901;7.6729
9.17668;9.10558
-0.46579;1.41009
-0.553877;9.23155
3.21575;1.00723
9.55483;-4.06003
5.29759;13.5933
8.67033;2.78268
1.50891;11.5769
2.85647;8.64759
4.49621;-5.16151
1.3795;-5.45191
0.373092;-2.92039
5.96919;11.5613
0.356872;-1.8053
4.28797;3.7778
7.8572;3.26813
-0.133782;13.64
7.17755;-0.498404
5.57372;-2.10671
4.79504;6.17997
0.980434;-2.63289
3.80328;-3.40616
4.58988;10.0013
9.1733;13.7361
3.16081;3.62665
9.40406;8.65055
3.46128;-3.18499
7.77866;-3.79167
9.29072;14.9422
1.30602;3.46771
3.20142;-4.25937
8.35334;6.07336
9.86463;6.88406
7.68998;6.72211
7.2342;1.55379
-0.123098;15.0806
3.88765;7.14532
-0.824599;-5.45932
2.30238;15.3152
9.23388;10.2656
3.32822;12.3214
3.3135;12.5866
9.72509;-0.883719
9.52998;12.9827
0.537693;-1.33201
1.9045;7.24845
1.30921;-2.34378
0.116748;-0.74078
7.09874;14.3668
7.92219;4.78764
1.60175;14.3534
3.85758;10.3115
4.78928;6.01271
7.27693;13.1154
4.69168;8.59891
5.86484;14.7398
4.45874;-4.23291
8.1194;4.5267
1.5805;10.5914
2.50964;4.41183
9.79538;8.42974
-0.832697;-0.86197
7.98198;-0.54791
3.58843;6.09626
0.400776;-0.151419
-1.27634;4.20942
0.619709;5.22216
0.801924;10.1707
-1.07579;14.843
5.81064;7.0328
5.89966;0.137079
4.94579;-2.16779
2.16381;2.56909
5.85223;7.25754
0.0245743;15.3383
-0.8275;-3.11009
6.08601;-2.20034
2.23454;4.32398
2.93385;10.8952
-1.54129;6.5406
-1.35642;-4.22586
-1.35285;-0.584237
5.0736;-0.259113
9.98228;7.70116
0.837932;7.3426
0.923692;12.4958
8.77839;10.9766
-1.594;-1.14615
0.244675;8.1569
7.99651;1.17619
5.9301;13.2508
3.3992;0.73319
-1.18119;10.564
7.3941;3.77217
4.76671;10.9474
-1.6027;6.67301
8.34517;-4.46721
7.98358;3.18784
1.80353;11.1453
-1.27343;5.32756
3.06877;0.0929622
2.68905;0.437534
-1.17025;2.62134
4.09936;-0.914763
-1.33672;0.87277
4.65367;8.74342
0.574877;14.7975
9.91949;-0.356044
6.99661;10.0038
6.45636;0.290801
4.4764;9.19889
8.4836;2.14274
7.20811;8.52258
7.55034;-4.52464
3.74305;11.6896
4.9631;12.6257
-0.762828;14.0963
-0.0310155;-2.67789
2.0572;7.8246
2.45134;1.96585
9.47421;13.1388
-1.37613;-2.70909
8.46788;-5.34412
2.75278;6.76786
7.16695;-4.17901
8.53781;0.0808518
7.37279;9.49247
5.77491;5.22157
2.7986;3.02419
4.90253;12.1529
0.912157;-3.03015
6.66347;0.966327
-1.17222;12.3118
3.52625;2.25373
4.0108;11.1658
6.91547;3.30377
6.3926;10.3988
4.8441;5.71084
7.3927;13.9995
-0.365028;5.18438
10.116;15.0074
7.51299;10.3104
6.50419;2.95883
1.3797;-4.01513
7.92315;11.6989
9.15443;-4.83321
9.45786;7.38632
2.29464;15.2049
3.76035;10.8916
2.48063;14.3045
5.10847;-3.85182
2.56616;-0.168121
8.24544;13.673
7.67155;7.07175
8.31714;13.4914
-0.492213;11.963
8.7893;12.9914
5.23197;6.46861
1.61868;12.2754
5.90628;-3.5968
6.2039;6.06124
-0.312862;7.11309
0.188604;4.17311
5.25741;7.61567
1.11266;14.2466
5.0301;11.592
-1.55586;13.9984
-0.96779;12.4118
8.31651;12.4366
3.63772;8.8139
7.32029;6.20965
4.37682;7.89679
3.47629;-3.47963
0.713087;9.62119
9.53046;12.2889
7.9468;7.24013
2.99007;14.0644
0.706125;6.26768
2.92571;11.1412
0.437627;7.77215
7.01157;10.2735
3.56951;10.2525
6.37398;5.25801
5.4553;5.41336
2.61548;-4.38221
0.634148;-2.9074
5.54853;9.47419
7.35537;-4.50156
7.92975;14.8248
7.42979;10.2604
7.99782;6.61403
2.50456;-1.06619
4.32052;6.32371
7.47656;13.3859
2.48422;14.5548
4.59461;-3.67736
6.69192;14.9922
8.26151;2.57032
4.07583;3.70941
9.06639;12.4148
4.11982;-3.31906
9.93709;-3.37538
8.0215;9.9668
0.00317683;7.61969
6.67091;13.7127
2.72145;5.37528
4.11955;9.85053
6.96662;15.4751
1.74671;4.98057
8.9963;8.10913
3.66738;3.48909
7.03673;-2.16624
3.06502;6.47692
4.73519;13.2015
-1.67496;3.85775
7.14217;4.98351
4.81211;9.59371
5.42322;2.16382
3.68172;10.2012
10.0949;-2.1779
6.16936;2.13355
6.33136;-2.2894
-0.647667;2.97646
0.0389867;2.62832
9.05116;-4.48324
-1.36002;1.96245
3.9362;10.6392
4.38783;12.9571
2.28494;-4.32972
7.45208;1.77247
4.23459;5.24495
8.36485;-4.46327
0.983517;3.83412
3.19031;8.86916
0.524467;2.95404
8.32786;12.4192
7.41148;5.35864
-1.70726;12.5417
9.2672;-2.21447
1.17286;11.7621
0.677023;0.377459
0.346908;8.77814
-1.20046;8.9908
4.92445;2.60284
7.16776;1.36393
7.00446;-0.340886
8.28079;6.6013
1.75905;-4.08246
-1.53262;9.36638
7.23954;-1.05926
-0.45547;6.94796
-1.00432;12.878
-0.463374;-4.04026
7.02983;-4.8883
0.930157;15.0597
8.4322;3.51756
1.32552;-4.93157
-0.469596;0.923851
6.82384;8.501
6.51954;4.1903
10.1414;3.37201
6.70395;11.9438
10.2033;-5.48474
8.99649;-5.12128
6.72237;8.11805
0.972547;11.6721
1.11343;0.649397
6.53291;1.8426
2.56665;3.43979
2.76389;6.82442
3.07542;-0.701857
-1.58601;8.40664
1.28518;-2.89231
9.836;14.8958
7.70925;8.32719
3.41063;10.9436
-0.810462;-2.59448
5.58282;-3.85751
-0.112411;5.21878
-0.626449;12.2724
0.125329;1.31067
6.18685;2.87283
5.62432;1.96458
7.19882;15.0392
7.59249;-2.86027
4.99779;-1.62615
2.46879;6.6756
8.37885;7.27445
6.66617;11.581
5.173;4.86198
3.88038;-5.27365
1.53605;6.07736
0.00821372;13.163
5.77277;0.522655
3.00817;9.71107
-0.184242;6.18862
-1.19758;11.2096
9.68226;8.45181
0.0323682;9.24689
5.92773;14.0485
8.15378;-1.17536
-0.397224;-1.7055
7.64728;14.6728
7.68654;4.75354
7.50648;2.20919
9.99887;-0.367995
2.75317;-0.108896
7.76678;5.53742
-0.0362157;3.39922
7.96719;5.90592
-0.0041178;14.3252
-0.584547;-1.39796
7.09555;-4.374
8.53505;13.1789
7.28879;5.01486
8.06278;6.7295
6.69829;14.1197
7.37514;4.80976
8.95719;6.06294
9.96903;8.51641
9.23122;14.6488
9.16052;0.677682
0.812808;9.32778
8.05577;2.06404
-0.223138;7.74518
9.05855;0.307302
5.1159;-5.4655
3.88105;1.07504
-1.11829;1.43318
0.649375;11.5034
8.18888;-5.04872
2.92307;5.75755
9.68772;-2.27313
-1.45725;12.3336
6.66989;-5.39939
4.41857;7.53195
9.78967;3.46841
9.1955;-1.74067
-0.183604;9.89473
4.68907;-0.00679946
2.58423;3.76332
4.676;14.1802
3.53161;-5.32016
1.22159;4.92831
2.28316;3.97919
1.89382;-1.96893
3.89312;9.13457
6.66921;3.47147
8.42511;9.82593
1.53574;6.12125
7.03374;11.125
0.306116;9.14596
0.843398;-3.66717
8.73588;1.85964
8.0629;3.19865
5.56305;-1.66252
8.48256;-2.37666
-0.342733;0.729798
0.106104;2.243
7.73749;4.8862
8.05982;-3.4402
6.1713;0.622652
7.75821;2.1759
6.84378;8.02581
-0.637526;15.3692
0.588319;11.8984
7.64383;2.27026
4.52962;-5.44235
3.70605;2.91961
2.45702;0.300665
8.00044;14.7401
3.72608;8.55025
-0.430876;6.62586
9.80717;0.136648
9.57221;10.4082
7.37449;10.5611
8.48598;3.41012
-1.10503;8.13232
7.6963;10.7478
1.7375;13.0578
7.42828;4.77519
6.76498;6.08119
8.53026;-0.529452
4.86933;1.11855
5.87009;13.5261
5.31526;3.97843
8.65643;-4.47264
-0.336471;15.0997
5.7347;-3.72128
1.21078;6.49208
8.32536;-5.27079
2.24893;9.12483
3.44105;2.70683
2.36552;-0.804643
0.192659;7.88529
-0.493882;14.0416
-0.261157;11.6794
4.00304;15.1759
-1.1243;-4.76834
1.81541;9.01014
9.50873;13.1837
-0.0736759;11.494
9.48202;-0.0127564
7.70071;6.33425
2.37055;-4.69989
-0.16638;-1.57716
-1.19325;4.34947
8.81724;4.63866
8.53646;-0.725174
6.69515;-5.01905
8.59578;11.5572
9.66005;15.2906
5.78237;3.61542
9.91372;8.85662
3.84547;0.230981
2.71386;3.07486
0.169807;5.32532
0.829364;-3.4043
7.54004;-5.36737
6.17854;-2.95147
-1.24844;11.2263
1.9165;-3.56794
1.40472;-1.51096
6.34537;-1.35628
5.7155;-0.732908
4.63343;-0.729243
4.41418;-1.45655
5.12896;1.03164
6.17781;-0.876462
5.66433;2.14964
6.11325;1.25895
5.68104;0.859851
5.21901;0.647493
7.15713;-1.57764
6.57085;-0.0933583
4.80589;0.844706
4.9907;0.134717
7.11081;0.148935
6.79263;-0.493813
6.54266;-1.44187
6.52328;1.22609
5.57888;0.98746
7.51954;0.757849
5.7691;-0.252651
7.63139;1.48343
5.64699;-0.205365
6.49237;1.37802
4.40449;1.76138
5.77552;1.61161
7.93374;-1.60363
5.26825;-1.21038
6.99108;0.308951
6.67434;0.151889
4.20789;-0.483029
7.40808;0.800546
5.8251;-0.018645
5.77664;1.45398
4.71882;-0.653827
5.96183;0.537914
6.84352;-0.356781
5.77134;-1.45949
7.18785;-1.68629
7.66853;1.64234
7.8251;-0.505949
7.00395;1.80884
5.64042;-1.67779
4.34846;-1.3185
6.38116;1.0728
6.58339;0.639047
4.33977;0.0414613
5.18959;0.214872
7.77282;1.01623
5.41886;-1.45837
4.1124;1.43069
6.82955;1.00592
4.82391;-1.34911
7.29643;2.06176
4.7146;1.01496
7.4541;-1.4103
4.25902;0.508055
4.14853;-0.050564
6.58026;-1.45301
6.38093;-0.988575
7.3698;-0.985682
7.40047;1.75957
6.80578;-1.35994
5.72444;0.628596
7.40629;1.1933
6.92023;1.5687
6.37398;-0.200227
6.32462;1.24789
6.20066;-0.32895
7.05965;0.965258
4.43601;0.563751
7.30495;-1.25497
4.82181;1.50349
6.44447;1.45207
7.80048;-1.1246
4.2135;1.22028
5.63972;1.66397
6.72984;-1.5045
4.05403;-1.49571
6.87409;1.51033
7.44758;-0.155681
6.82902;-0.128435
7.39409;-0.79636
4.86945;-0.355249
6.62469;1.9791
4.36001;1.1107
6.29286;1.71496
7.60573;1.16466
6.96845;0.100201
6.36673;0.818929
6.7256;0.630229
5.7892;-1.58468
6.0442;-1.43095
4.66081;0.148228
4.82333;1.5849
5.40855;-1.67909
5.17922;-1.71243
5.94248;-1.37668
5.24121;0.861933
6.01807;1.9159
6.59104;0.428075
6.77661;-1.06611
5.89304;0.432343
7.84856;-1.08851
4.28254;0.26529
7.48042;1.05814
4.64552;-0.680381
7.22346;0.739715
5.63867;1.93427
4.63794;0.512
7.26918;0.0964962
6.58291;-1.5016
6.13407;-1.42461
4.87171;1.42528
7.18733;0.939781
7.09119;-0.171635
5.11786;-0.0822041
6.51226;1.06089
4.10014;0.410816
7.72238;-1.56732
4.42611;1.25279
7.24082;-0.878374
4.32241;0.514284
7.61134;0.0110809
6.19856;-1.70072
4.27308;-0.482269
6.14578;0.905996
5.76613;-1.67015
7.23139;0.687846
7.50513;0.468717
5.37763;0.646322
8.04708;0.545482
4.31412;0.609342
5.35638;-1.53574
4.77016;-0.871245
4.64694;-0.753736
4.13155;1.93776
6.11789;-1.49604
6.20205;-0.220769
6.26504;-1.5494
5.82851;0.588125
5.71833;2.02429
5.24412;1.53447
4.10414;-1.47449
5.97231;1.65928
6.74423;1.39994
6.0556;0.841311
5.69542;0.41972
5.20065;1.1018
6.63398;0.0208109
7.98055;1.33092
7.01708;-1.8379
7.01868;-0.815035
4.41606;-0.729273
6.7142;0.731108
5.47133;-1.40729
5.06923;1.23967
4.367;0.363355
6.52413;-1.47885
6.63887;-1.45356
7.93043;-0.566906
7.69638;0.0360291
8.02441;-0.5582
4.20575;-0.724942
4.2936;0.889726
7.04587;-1.67585
5.97064;0.112944
4.23625;-0.960679
7.04791;-1.29769
6.06005;-0.187895
7.18342;1.58138
6.15482;-1.69735
6.57105;0.57182
6.41601;-0.854823
6.84297;-0.895129
5.44162;0.823396
6.28797;-0.812
4.60943;0.36237
6.3798;-1.13483
7.38743;0.723396
7.5049;0.483297
6.79754;-0.474458
4.34624;1.08379
6.31486;1.44415
7.5361;-1.57509
5.00626;0.769516
7.75629;1.21107
6.82217;0.377337
5.53289;-0.711828
7.27251;-1.57414
6.14304;-1.23587
6.99926;-1.51899
5.70213;1.65868
6.59338;2.13193
4.27386;0.0308069
6.60533;1.82876
4.2641;-0.547129
5.1043;-1.33965
4.28666;1.46916
7.8545;1.87276
7.64407;-1.08925
6.39228;1.45037
7.87182;-0.735558
5.5777;-0.545284
6.30261;-1.09978
5.63058;-1.50434
5.41435;-1.32017
4.72667;1.16648
4.08852;1.37004
7.04842;-1.58763
5.15085;-0.296253
7.99113;-0.535045
6.90662;-0.854568
5.8753;1.24328
4.3646;-0.220203
6.86604;2.05867
6.44055;-0.691687
7.25904;0.362373
6.32275;-1.11326
7.56709;-1.32463
5.53696;-0.752334
4.92103;1.00131
5.6775;-0.302308
5.91779;-0.183983
4.81774;-0.983788
5.97839;0.0185883
6.46996;0.0195242
7.23354;-0.573423
6.91496;-0.841155
4.41986;1.32955
6.68864;1.33589
7.13822;-0.82081
4.3942;0.447258
7.29156;0.76696
7.084;0.908653
7.19233;-1.32904
7.90632;-1.83664
7.42227;-0.36618
5.61105;-0.60994
7.19984;0.478784
6.15627;-0.771771
4.24737;-1.32377
6.99775;1.53092
5.85281;-0.0372903
4.43976;0.322663
5.04226;1.1784
5.40856;-1.76952
4.10759;-0.14724
6.42774;1.44916
4.36972;-0.438261
6.10781;1.61205
5.9827;0.0641284
7.5254;-0.545038
7.44795;-0.81355
6.59502;0.697785
7.41523;-1.19871
7.67601;1.71261
5.22752;0.723768
6.99352;1.13033
4.43648;1.48328
5.20299;-0.471261
6.41169;0.66155
5.50922;0.569279
4.26431;1.98696
5.76843;-1.31597
5.2987;1.92624
8.04608;1.3314
5.74037;1.62148
4.53636;-0.76168
4.55793;1.18138
7.68611;2.02317
7.73267;1.41212
7.48577;-0.989801
5.88589;0.529296
7.89053;0.372366
5.76258;-0.856474
7.65111;-1.77573
7.55508;-0.789674
6.54355;1.86939
4.94729;-1.63802
4.30342;0.295989
8.03822;-1.60051
5.37738;-0.171404
7.77097;-0.036258
6.81692;-1.62109
4.89512;0.553022
4.15207;-1.3222
5.71514;1.68784
5.43799;1.65103
5.96714;-0.621475
5.7734;1.77972
6.27205;-0.525497
7.75399;-0.122873
6.43483;0.347533
5.49651;1.43212
6.45951;-0.150071
5.47811;0.547737
5.99942;0.90549
4.12633;-0.179604
4.61923;0.993249
5.9493;-0.435646
5.29627;0.151373
5.99215;1.06141
5.58922;1.48014
6.46245;1.60636
4.60867;-1.71416
7.13608;0.930719
5.51035;0.940068
4.55785;1.99518
5.0376;0.104359
7.17729;1.54711
7.70429;-1.2946
5.84485;-0.24629
7.36089;0.0211841
7.32411;2.03012
4.76443;-0.676593
5.34448;0.110705
7.22478;1.38663
4.92212;-1.136
6.61677;1.43457
4.22036;1.27544
7.47041;1.40644
5.95616;-0.969244
6.0965;0.564002
4.77593;1.18411
4.41836;2.00323
6.48122;-1.82735
4.45862;-1.62393
5.67636;1.86951
6.14725;-0.949536
7.64964;0.961688
6.12387;-0.955887
4.82239;-0.601348
4.18074;-0.205487
6.01265;0.847506
4.97908;0.283007
5.87294;-1.50051
5.43944;1.8791
5.28024;1.58595
6.1931;0.106175
6.52005;0.661462
5.8594;-0.948727
6.58411;0.368024
5.17734;-1.68953
5.98754;1.3746
5.11093;-0.312825
6.08629;1.2848
6.48129;0.958681
4.43346;0.712025
4.50319;0.496107
5.30953;-0.467728
4.52911;1.23247
5.78176;0.0185572
6.86157;1.112
5.35451;-0.895326
4.96818;1.92456
7.51614;0.877578
4.72583;0.150246
4.9956;-0.0468232
6.21071;1.03314
5.07778;1.37165
4.47032;1.21406
6.40645;1.0016
5.92274;0.889908
5.46363;0.475937
5.13601;0.82316
7.75821;-0.284872
5.80564;-0.410031
7.48369;-1.28279
4.45197;-1.11181
5.57188;-0.52985
4.56275;-0.861982
4.09773;-0.661417
7.03826;-0.856671
7.04176;-0.701022
7.92647;-1.83046
4.42063;-1.55321
7.1336;0.877077
7.19839;-0.893658
5.51699;-1.28798
7.33228;0.703
7.28518;1.14049
4.16813;-0.859187
4.48046;1.70181
5.60802;-1.01757
4.34001;1.2299
6.20258;-1.04724
4.11792;0.350308
6.04134;1.20618
7.24364;-0.866902
4.25516;1.22011
5.05263;-1.27421
7.41689;-1.76377
7.35286;0.665283
5.09257;-1.08015
7.1273;-1.52515
7.37285;0.462478
7.36534;1.59098
7.35329;1.8958
7.04279;-0.988687
