0;489
0;169
0;1100
0;1928
0;2197
1;639
1;1230
1;1600
1;1027
1;1119
2;988
2;1609
2;399
2;1115
2;2619
3;1222
3;2478
3;2477
3;1368
3;1097
4;1664
4;1170
4;1122
4;121
4;506
5;2362
5;478
5;1637
5;995
5;302
6;1949
6;147
6;952
6;431
6;484
7;1653
7;1141
7;2298
7;514
7;2602
8;2204
8;1173
8;2270
8;2014
8;2050
9;1580
9;1503
9;126
9;1133
9;708
10;2269
10;64
10;1349
10;1640
10;827
11;2443
11;2793
11;1184
11;1322
11;2112
12;1395
12;2069
12;2105
12;159
12;2184
13;1706
13;1430
13;2595
13;549
13;2558
14;1427
14;287
14;1414
14;2495
14;260
15;1736
15;2447
15;2064
15;22
15;2001
16;320
16;200
16;2009
16;1338
16;2775
17;423
17;529
17;982
17;965
17;1761
18;986
18;2075
18;2758
18;525
18;1018
19;319
19;1855
19;1929
19;2012
19;421
20;719
20;1186
20;809
20;541
20;1415
21;1687
21;548
21;1266
21;192
21;2633
22;1736
22;2064
22;2447
22;2268
23;1153
23;2646
23;2500
23;184
23;1054
24;2000
24;2278
24;679
24;576
24;57
25;1551
25;2302
25;495
25;1964
25;2697
26;247
26;34
26;1306
26;248
26;672
27;2042
27;262
27;1543
27;2607
27;478
28;1767
28;2693
28;2581
28;234
28;154
29;1266
29;548
29;1687
29;2633
29;820
30;989
30;716
30;2135
30;2492
30;2590
31;1459
31;1943
31;144
31;1814
31;1432
32;539
32;1975
32;2131
32;626
32;1209
33;899
33;73
33;852
33;59
33;1377
34;248
34;247
34;2195
34;1306
35;681
35;487
35;2571
35;2526
35;2553
36;2030
36;2218
36;2664
36;2373
36;2163
37;1412
37;1283
37;1242
37;2026
37;1769
38;1665
38;2730
38;352
38;521
38;2094
39;156
39;1207
39;301
39;172
39;1366
40;546
40;473
40;236
40;2631
40;1595
41;2361
41;1232
41;1810
41;2438
41;670
42;1824
42;1879
42;1259
42;1225
42;625
43;2557
43;1493
43;2485
43;1347
43;2566
44;143
44;570
44;1337
44;1255
44;2774
45;2067
45;691
45;145
45;2404
45;597
46;1707
46;2119
46;2061
46;2232
46;1743
47;149
47;2259
47;393
47;2324
47;1517
48;1674
48;1514
48;2760
48;2286
48;847
49;1510
49;173
49;971
49;1556
49;1594
50;2555
50;2455
50;453
50;1179
50;1929
51;1933
51;2151
51;1014
51;1567
51;142
52;2401
52;316
52;415
52;665
52;1462
53;2136
53;1409
53;547
53;1646
53;1121
54;1071
54;2208
54;944
54;193
54;1898
55;1910
55;805
55;490
55;1808
55;68
56;1065
56;2300
56;444
56;1923
56;2408
57;1332
57;757
57;2000
57;132
57;650
58;920
58;1189
58;835
58;127
58;379
59;2339
59;902
59;899
59;2188
60;939
60;1621
60;2637
60;1729
60;841
61;701
61;1859
61;1339
61;1570
61;698
62;1696
62;1977
62;847
62;1695
62;74
63;2374
63;558
63;346
63;374
63;1635
64;690
64;2786
64;2269
64;1407
65;1516
65;98
65;737
65;848
65;661
66;2707
66;1753
66;1648
66;2767
66;1782
67;2098
67;596
67;1606
67;403
67;2285
68;805
68;369
68;2318
68;1340
69;2070
69;799
69;2171
69;96
69;883
70;631
70;2697
70;1964
70;92
70;2343
71;1079
71;317
71;2475
71;798
71;442
72;1058
72;2190
72;833
72;1804
72;2293
73;1377
73;852
73;899
73;1107
74;847
74;227
74;1977
74;470
74;1696
75;700
75;508
75;2066
75;2668
75;2726
76;2679
76;411
76;1067
76;963
76;1289
77;1797
77;2380
77;1368
77;1293
77;1097
78;998
78;1592
78;1662
78;1010
78;2116
79;2524
79;2415
79;673
79;1245
79;916
80;751
80;1701
80;402
80;2493
80;1039
81;1431
81;926
81;1204
81;2628
81;1587
82;1562
82;106
82;1610
82;2094
82;709
83;2257
83;2599
83;793
83;2342
83;1969
84;2013
84;940
84;884
84;292
84;1372
85;1426
85;124
85;1026
85;925
85;1160
86;1195
86;2382
86;135
86;1990
86;2244
87;2629
87;1693
87;1092
87;233
87;388
88;440
88;2652
88;2141
88;1248
88;2525
89;1351
89;1333
89;272
89;1735
89;2573
90;1103
90;2687
90;1547
90;1135
90;622
91;1601
91;1721
91;261
91;1990
91;135
92;1964
92;495
92;631
92;2697
93;1948
93;1957
93;2165
93;766
93;293
94;781
94;136
94;296
94;2409
94;589
95;2354
95;1472
95;1877
95;1038
95;562
96;2070
96;1518
96;1014
96;2480
96;142
97;1890
97;1932
97;626
97;1484
97;2131
98;1516
98;737
98;848
98;1822
99;962
99;956
99;1654
99;2747
99;1670
100;1546
100;1420
100;2636
100;336
100;1715
101;1051
101;1725
101;596
101;1252
101;2080
102;2496
102;1343
102;2034
102;190
102;1235
103;1581
103;786
103;471
103;2475
103;1140
104;850
104;58
104;948
104;920
104;1823
105;275
105;1031
105;1795
105;1410
105;2283
106;1562
106;709
106;1411
106;1610
107;1758
107;1579
107;2742
107;1110
107;1030
108;279
108;2406
108;559
108;520
108;1348
109;310
109;532
109;1118
109;2274
109;1126
110;2682
110;1353
110;1288
110;578
110;2484
111;280
111;217
111;977
111;2585
111;721
112;122
112;1496
112;142
112;1449
112;1641
113;2522
113;318
113;2014
113;2270
113;893
114;1313
114;123
114;282
114;1881
114;1645
115;2022
115;281
115;2343
115;631
115;70
116;946
116;1690
116;1352
116;1930
116;2346
117;1561
117;858
117;1489
117;265
117;2110
118;1833
118;2143
118;792
118;2222
118;2666
119;666
119;774
119;408
119;561
119;1077
120;1213
120;1413
120;2024
120;1745
120;1836
121;725
121;2591
121;1170
121;563
121;2205
122;1496
122;142
122;1449
122;1641
123;282
123;2435
123;561
123;1313
124;1426
124;1160
124;844
124;1074
125;1680
125;2338
125;699
125;2460
125;2065
126;708
126;1503
126;1308
126;1580
127;379
127;920
127;1867
127;1189
127;948
128;812
128;2433
128;621
128;737
128;1574
129;2673
129;2469
129;2797
129;2103
129;1355
130;2795
130;1753
130;694
130;311
130;2137
131;2573
131;170
131;2164
131;1735
131;1333
132;1132
132;757
132;1332
132;650
133;646
133;1924
133;2020
133;767
133;462
134;1936
134;2031
134;2219
134;1633
134;2181
135;1990
135;1195
135;2244
136;2409
136;1326
136;296
136;598
137;2645
137;1764
137;448
137;2717
137;1851
138;1959
138;1902
138;1849
138;829
138;1240
139;1686
139;1364
139;363
139;664
139;2539
140;1675
140;753
140;919
140;964
140;1291
141;1480
141;2516
141;1060
141;1117
141;332
142;1014
142;1496
143;1337
143;2040
143;570
143;1255
144;1772
144;2766
144;2726
144;2668
145;2501
145;2067
145;2306
145;1550
146;342
146;659
146;845
146;1568
146;2666
147;431
147;484
147;1096
147;171
148;605
148;2708
148;682
148;1358
148;1284
149;1856
149;1517
149;371
149;2259
150;569
150;406
150;611
150;2568
150;951
151;2644
151;1438
151;1549
151;214
151;891
152;691
152;1505
152;1803
152;2490
152;2067
153;2060
153;2102
153;2530
153;556
153;1240
154;305
154;1494
154;1767
154;2693
155;1488
155;273
155;1607
155;2754
155;1016
156;1207
156;172
156;301
156;1366
157;807
157;540
157;960
157;765
157;2749
158;2385
158;1128
158;292
158;870
158;882
159;2184
159;2069
159;723
159;334
160;2154
160;638
160;816
160;2299
160;416
161;358
161;2665
161;2638
161;2199
161;603
162;1922
162;587
162;2158
162;1987
162;2579
163;1748
163;758
163;1892
163;239
163;1521
164;1588
164;866
164;2079
164;2292
164;416
165;2696
165;2437
165;274
165;2674
165;2338
166;325
166;2431
166;1323
166;2482
166;1666
167;2298
167;2161
167;514
167;1653
167;1049
168;351
168;1316
168;1356
168;2249
168;2727
169;489
169;1612
169;2197
169;1100
170;1735
170;1333
170;1351
170;2573
171;1096
171;484
171;431
171;2710
172;433
172;2678
172;1207
173;995
173;1630
173;1510
173;1594
174;704
174;1238
174;778
174;1670
174;2565
175;322
175;1571
175;1693
175;1263
175;388
176;2756
176;2203
176;2028
176;1136
176;747
177;785
177;1750
177;645
177;1320
177;468
178;1264
178;225
178;966
178;1236
178;1009
179;1555
179;932
179;1008
179;888
179;2278
180;2283
180;1795
180;2243
180;105
180;1410
181;2134
181;1575
181;764
181;2594
181;1780
182;2313
182;1098
182;2523
182;598
182;2409
183;1201
183;970
183;1820
183;1880
183;2188
184;901
184;884
184;1153
184;2646
185;523
185;934
185;306
185;2452
185;1066
186;2364
186;2527
186;685
186;264
186;2115
187;380
187;2072
187;1962
187;736
187;993
188;776
188;816
188;1469
188;2154
188;1532
189;2729
189;418
189;2058
189;505
189;458
190;2449
190;1226
190;203
190;1202
191;842
191;1491
191;2465
191;450
191;1944
192;599
192;2633
192;1687
192;548
193;512
193;2570
193;2430
193;2208
194;2272
194;264
194;2572
194;2527
194;685
195;2574
195;2368
195;1120
195;2739
195;2743
196;2792
196;2505
196;307
196;2645
196;1711
197;1183
197;2621
197;1388
197;417
197;2411
198;1258
198;1260
198;245
198;563
198;506
199;1196
199;1214
199;684
199;2196
199;1100
200;320
200;2009
200;574
200;1755
201;2413
201;742
201;355
201;1113
201;1905
202;481
202;1003
202;1816
202;2685
202;1172
203;1226
203;1202
203;2449
203;2290
204;2684
204;1498
204;341
204;1642
204;1995
205;232
205;703
205;1836
205;2024
205;720
206;1813
206;1223
206;1792
206;771
206;1632
207;1778
207;267
207;1501
207;1033
207;890
208;2534
208;2309
208;2147
208;2226
208;819
209;1845
209;1452
209;392
209;2498
209;1525
210;1339
210;1692
210;1321
210;337
210;698
211;1784
211;2386
211;221
211;1822
211;496
212;746
212;1974
212;2080
212;366
212;2079
213;1081
213;2746
213;1234
213;1717
213;326
214;1040
214;787
214;1074
214;2508
214;1160
215;1440
215;1942
215;513
215;343
215;1865
216;1724
216;497
216;1918
216;797
216;748
217;280
217;977
217;2585
217;721
218;1481
218;752
218;2096
218;309
218;2059
219;1468
219;2383
219;1478
219;840
219;2574
220;2634
220;2734
220;985
220;2250
220;1756
221;1822
221;2386
221;1784
221;737
222;401
222;1610
222;1665
222;2094
222;930
223;1733
223;705
223;1064
223;11
223;1171
224;1216
224;790
224;1530
224;973
224;2785
225;1236
225;966
225;525
225;1264
226;935
226;612
226;584
226;1287
226;2039
227;1534
227;470
227;847
227;1847
228;1376
228;323
228;1230
228;1600
228;1190
229;628
229;918
229;1760
229;480
229;1102
230;2617
230;1974
230;2080
230;2643
230;671
231;2692
231;2623
231;345
231;2567
231;909
232;703
232;2024
232;2403
232;1836
233;923
233;290
233;2139
233;1338
233;2775
234;2425
234;2693
234;2515
234;1298
234;1767
235;1027
235;2174
235;1119
235;2418
235;1600
236;1566
236;2631
236;1536
236;1595
236;1506
237;645
237;785
237;177
237;498
237;1320
238;886
238;1139
238;447
238;775
238;2798
239;2732
239;1748
239;1521
239;2395
240;1081
240;2292
240;213
240;1367
240;746
241;2155
241;1714
241;1168
241;271
241;873
242;2791
242;1787
242;2178
242;1567
242;1973
243;924
243;2121
243;1728
243;1318
243;1970
244;1838
244;1424
244;2657
244;1208
244;424
245;1260
245;1258
245;1967
245;2479
245;1143
246;2106
246;1262
246;1317
246;1688
246;337
247;248
247;2195
247;1306
248;2195
248;1165
249;1305
249;347
249;2351
249;1504
249;479
250;1242
250;1467
250;1412
250;37
250;589
251;477
251;2083
251;1684
251;1185
251;1569
252;2133
252;1773
252;534
252;617
252;782
253;1249
253;2010
253;1179
253;1598
253;1671
254;1708
254;2186
254;572
254;2040
254;1337
255;1631
255;1656
255;750
255;1520
255;1874
256;257
256;1881
256;898
256;1313
256;2264
257;1881
257;1313
257;1645
257;898
258;2247
258;2517
258;437
258;714
258;2650
259;1848
259;1397
259;2395
259;1102
259;1934
260;2495
260;1109
260;1414
260;2048
261;1721
261;1601
261;2718
261;1035
262;2042
262;511
262;2607
262;1543
263;718
263;1852
263;1909
263;1296
263;1210
264;2527
264;685
264;2272
265;2554
265;908
265;1482
265;1561
266;2324
266;393
266;1517
266;149
266;734
267;1033
267;1778
267;890
267;1299
268;438
268;1082
268;464
268;2649
268;289
269;1850
269;2551
269;1443
269;610
269;1105
270;2772
270;1103
270;90
270;1381
270;2493
271;2265
271;2231
271;1168
271;1549
271;1161
272;2078
272;460
272;2186
272;975
273;1016
273;1607
273;1488
273;2754
274;2790
274;2696
274;2437
274;2338
275;1108
275;1031
275;1169
275;1410
276;1993
276;1896
276;780
276;1343
276;2063
277;372
277;436
277;2642
277;519
277;2706
278;1542
278;2677
278;790
278;2785
278;2194
279;653
279;2120
279;559
279;494
280;977
280;2585
280;721
281;2343
281;2022
281;1874
281;1668
282;1645
282;561
282;1881
282;1313
283;1870
283;1519
283;1879
283;1602
283;2336
284;2707
284;1782
284;2767
284;1648
284;522
285;937
285;35
285;1418
285;487
285;681
286;1070
286;772
286;2709
286;2596
286;1675
287;1427
287;383
287;1475
287;1414
288;517
288;779
288;2685
288;2600
288;83
289;2649
289;2169
289;464
289;1082
289;2397
290;2139
290;923
290;1237
290;2775
291;354
291;2363
291;2769
291;1046
291;1456
292;1372
292;882
292;945
293;1930
293;1957
293;2165
293;766
294;1560
294;2784
294;947
294;1854
294;2434
295;1102
295;259
295;2395
295;811
295;1397
296;2409
296;598
296;781
297;1790
297;1718
297;2274
297;647
297;109
298;315
298;313
298;1781
298;1243
298;1689
299;554
299;922
299;1672
299;1501
299;803
300;518
300;2441
300;846
300;571
300;1352
301;2494
301;1477
301;390
302;640
302;665
302;1017
302;397
302;1462
303;2547
303;308
303;335
303;614
303;986
304;2499
304;2767
304;1648
304;284
304;627
305;1494
305;2693
305;975
305;1767
306;1066
306;934
306;523
306;1241
307;1676
307;1711
307;2046
307;2792
308;2547
308;614
308;2780
308;1651
309;2450
309;2096
309;2162
309;902
310;1126
310;532
310;2458
310;1118
311;2137
311;1597
311;2138
311;542
311;1131
312;830
312;1428
312;814
312;623
312;2612
313;315
313;1689
313;1243
313;2722
314;405
314;1663
314;992
314;1779
314;1312
315;1781
315;1243
315;1689
316;415
316;2401
316;2717
316;1017
317;442
317;543
317;798
317;1079
318;2640
318;893
318;1888
318;2522
319;1929
319;2012
319;453
319;1077
320;2009
320;1755
320;574
321;1253
321;831
321;1537
321;1640
321;827
322;1571
322;1693
322;1263
322;388
323;683
323;1376
323;2326
323;843
324;2765
324;2654
324;2364
324;2536
324;984
325;2431
325;334
325;1395
325;12
326;1081
326;2086
326;2746
326;1950
327;526
327;2321
327;2598
327;2453
327;1328
328;2764
328;2412
328;1897
328;2451
328;1620
329;702
329;1138
329;2091
329;1523
329;2798
330;2701
330;1699
330;869
330;2580
330;1350
331;648
331;887
331;2256
331;2720
331;1819
332;1461
332;856
332;825
332;1480
332;2253
333;619
333;2255
333;1245
333;2524
333;473
334;2431
334;2482
334;166
335;1203
335;2209
335;2344
335;2547
336;1715
336;1341
336;912
336;2636
336;2724
337;1321
337;1692
337;1317
337;1262
338;1095
338;2577
338;2572
338;1413
338;2272
339;2661
339;890
339;834
339;1984
339;1913
340;2202
340;671
340;2087
340;1254
340;985
341;1498
341;2613
341;2684
341;1642
342;659
342;845
342;1269
342;660
343;1942
343;1440
343;513
343;1799
344;2667
344;2719
344;1968
344;1145
344;410
345;2567
345;2692
345;1596
345;2623
346;1999
346;2374
346;2282
346;984
347;1305
347;2379
347;2351
347;1793
348;1938
348;2160
348;2322
348;1921
348;2620
349;1507
349;696
349;1359
349;2073
349;1328
350;1895
350;407
350;465
350;506
350;1685
351;1316
351;976
351;2513
351;2259
352;521
352;2328
352;1665
352;2730
353;1180
353;2659
353;764
353;2594
353;1629
354;2769
354;1456
354;2745
354;2363
355;2413
355;1113
355;2185
355;2712
355;773
356;2486
356;1652
356;2146
356;1683
356;2305
357;879
357;2047
357;846
357;300
357;2250
358;2199
358;2638
358;693
358;2665
359;964
359;2271
359;1167
359;753
359;2200
360;1744
360;1914
360;1619
360;1657
360;2787
361;1679
361;483
361;1544
361;422
361;1324
362;1697
362;2612
362;2545
362;1123
362;463
363;1364
363;1686
363;664
363;897
364;1331
364;2057
364;2462
364;2535
364;2176
365;1417
365;2286
365;1847
365;2760
365;708
366;2079
366;866
366;746
366;2292
367;2452
367;523
367;2653
367;185
367;390
368;1611
368;2563
368;1865
368;1048
368;1093
369;1340
369;621
369;805
369;1574
370;903
370;913
370;1620
370;1897
370;2764
371;1856
371;2055
371;907
371;2349
372;519
372;436
372;2642
372;2706
373;2170
373;1147
373;2229
373;2445
373;731
374;1635
374;558
374;504
374;2374
375;1172
375;2539
375;1003
375;481
375;1686
376;2529
376;2531
376;956
376;1926
376;2260
377;2049
377;2377
377;1335
377;2402
377;1962
378;1394
378;1939
378;834
378;1984
378;472
379;920
379;1867
379;1189
380;2072
380;1962
380;993
380;736
381;1765
381;2568
381;403
381;2770
381;2308
382;2637
382;1099
382;784
382;1196
382;684
383;1475
383;1387
383;2216
383;1427
384;2773
384;1398
384;1628
384;1470
384;2778
385;1927
385;1876
385;1554
385;2268
385;758
386;1603
386;417
386;2606
386;2411
386;2074
387;1861
387;2062
387;1055
387;761
387;2414
388;1571
388;1693
388;17
388;529
388;965
389;1589
389;1951
389;510
389;1285
389;2751
390;1761
390;1477
390;423
390;1092
390;982
391;2258
391;1506
391;2323
391;1966
391;2541
392;1525
392;1845
392;1452
392;2498
393;2324
393;1517
393;149
394;1582
394;1193
394;726
394;2180
394;1533
395;2194
395;583
395;1842
395;2677
395;1501
396;1836
396;720
396;2024
396;1796
396;2340
397;640
397;1017
397;818
397;1980
398;2593
398;826
398;942
398;2399
398;400
399;988
399;2619
399;1944
399;2379
400;810
400;826
400;2399
400;1401
401;1737
401;1610
401;789
401;2016
402;2493
402;2772
402;751
402;270
403;1606
403;2098
403;2770
404;1118
404;2274
404;1723
404;1553
404;532
405;1663
405;992
405;1779
405;2148
406;2347
406;949
406;611
406;569
407;2599
407;2257
407;1895
407;2342
408;666
408;774
408;1447
408;2056
409;565
409;1614
409;1273
409;2461
409;586
410;2667
410;1968
410;1775
410;1145
411;2679
411;1067
411;963
411;2565
412;2156
412;1825
412;2782
412;433
412;2390
413;2101
413;1453
413;2370
413;1156
413;1706
414;1256
414;2081
414;1281
414;1769
414;1062
415;1017
415;665
415;302
416;2198
416;1282
416;1588
416;1149
416;2643
417;2411
417;2621
417;2074
417;891
418;1713
418;1268
418;1386
418;2520
418;1830
419;2716
419;2237
419;1277
419;1920
419;1133
420;1057
420;801
420;1535
420;148
420;605
421;1855
421;1841
421;730
421;607
421;2671
422;483
422;1679
422;2333
422;1114
423;982
423;1761
423;1477
423;529
424;1208
424;1873
424;1357
424;1424
425;1004
425;854
425;1880
425;754
425;2635
426;2100
426;1267
426;2053
426;1005
426;2436
427;2504
427;1264
427;575
427;2559
427;983
428;580
428;827
428;2282
428;624
428;831
429;1614
429;1273
429;2766
429;908
429;2554
430;2540
430;1481
430;1647
430;2096
430;218
431;484
431;1096
432;1946
432;1212
432;2463
432;2367
432;389
433;2267
433;2390
433;2090
434;1375
434;1710
434;860
434;1265
434;2168
435;1732
435;2647
435;1641
435;1449
435;1029
436;2642
436;2616
436;1001
437;714
437;2247
437;2788
437;2650
438;2124
438;2091
438;1082
438;1573
439;1565
439;564
439;1623
439;1310
439;1445
440;2141
440;2525
440;1248
440;2511
441;1994
441;2251
441;2140
441;2778
441;652
442;543
442;2384
442;798
442;1079
443;1555
443;1211
443;2255
443;2526
443;888
444;2300
444;2008
444;1065
444;2695
445;550
445;1295
445;551
445;1457
445;2391
446;1489
446;2110
446;1561
446;2672
446;117
447;1139
447;886
447;775
447;1268
448;1764
448;1851
448;1593
448;839
449;609
449;2799
449;1280
449;1198
449;533
450;2242
450;1251
450;1944
450;654
450;1793
451;644
451;1661
451;2510
451;1456
451;783
452;1616
452;1886
452;2325
452;1346
452;2745
453;1929
453;2012
453;2455
454;2391
454;2575
454;1457
454;1857
454;445
455;1151
455;2296
455;1966
455;1595
455;1506
456;1137
456;994
456;745
456;800
456;606
457;557
457;2691
457;2694
457;2757
457;2736
458;2729
458;2794
458;1463
458;1386
458;418
459;2549
459;2403
459;838
459;2398
459;2287
460;2432
460;2078
460;499
460;555
460;2077
461;1669
461;2471
461;2542
461;1360
461;734
462;1956
462;1924
462;646
462;767
463;1123
463;2576
463;1697
463;545
464;1689
464;2423
464;1303
464;2169
465;1627
465;1895
465;1260
465;2479
466;768
466;2434
466;1854
466;1681
466;2426
467;1169
467;1108
467;275
467;2074
467;1183
468;1750
468;712
468;1021
468;785
469;2128
469;1578
469;1392
469;1460
469;1969
470;1780
470;1534
470;847
471;786
471;2475
471;1581
471;1140
472;1394
472;1939
472;597
472;1883
473;916
473;619
473;546
474;1221
474;1997
474;507
474;1860
474;1433
475;530
475;503
475;384
475;2773
475;1583
476;2641
476;2740
476;1894
476;2188
476;970
477;1185
477;1684
477;1876
477;2083
478;617
478;534
478;2042
479;1393
479;1504
479;2210
479;1899
479;2351
480;1760
480;2099
480;628
480;918
481;1003
481;1172
481;1816
482;2312
482;2382
482;2761
482;86
482;2244
483;1679
483;2333
483;1114
484;1096
485;909
485;1826
485;2552
485;1599
485;733
486;1960
486;2388
486;2494
486;2562
486;491
487;2553
487;681
487;2526
487;1211
488;1916
488;2007
488;1083
488;1374
488;898
489;1100
489;2196
489;1612
490;1910
490;2288
490;1808
490;2311
491;2562
491;1072
491;2241
491;2507
491;1960
492;2193
492;603
492;2389
492;1450
492;2349
493;853
493;1781
493;1724
493;216
493;315
494;839
494;559
494;1851
494;1593
494;1764
495;1964
495;1551
495;1654
496;1771
496;1739
496;689
496;1822
496;1784
497;748
497;797
497;1724
497;1192
498;788
498;2615
498;2006
498;645
499;2432
499;2077
499;2078
499;555
500;1296
500;1909
500;1858
500;263
500;1729
501;1762
501;2448
501;2051
501;1848
501;1053
502;1643
502;2077
502;601
502;555
502;572
503;530
503;2532
503;1000
503;2773
504;2211
504;1407
504;690
504;1635
505;2058
505;1622
505;820
505;1038
505;562
506;2093
506;1685
506;1664
507;955
507;1997
507;1221
507;2252
508;2256
508;700
508;655
508;2066
509;1632
509;1923
509;1726
509;444
509;2008
510;1285
510;2751
510;1589
510;1951
511;2607
511;2042
511;1543
511;1058
512;2570
512;2430
512;1970
512;2208
513;1942
513;1440
513;1004
514;1049
514;1653
514;2705
514;2298
515;1660
515;1407
515;2211
515;690
515;504
516;1827
516;990
516;1842
516;2677
516;2194
517;779
517;2600
517;2611
517;83
518;2441
518;1352
518;571
518;1690
519;1940
519;2706
519;436
520;1348
520;2406
520;559
520;839
521;2328
521;1441
521;2730
522;2763
522;1782
522;2608
522;2473
523;2452
523;934
524;601
524;2244
524;261
524;1643
524;1721
525;966
525;1018
525;2537
525;1236
526;2321
526;2598
526;1328
526;2453
527;2783
527;2442
527;564
527;1623
527;1122
528;1899
528;2332
528;2469
528;479
528;1393
529;965
529;1483
530;1583
530;1949
530;2532
531;2035
531;1345
531;2023
531;649
531;2228
532;1723
532;1118
532;1126
533;2799
533;2221
533;1540
533;609
534;2133
534;617
534;2607
534;2042
535;824
535;1951
535;2367
535;1589
535;389
536;610
536;2025
536;2551
536;809
536;269
537;1470
537;1777
537;384
537;1628
537;1398
538;1667
538;931
538;1006
538;763
538;554
539;1975
539;2131
539;1209
539;626
540;2749
540;936
540;2627
540;807
541;719
541;2367
541;824
541;1186
542;2138
542;1597
542;2564
542;1550
542;2689
543;2384
543;798
543;1079
544;632
544;1900
544;762
544;635
544;2392
545;2533
545;1402
545;1116
545;1123
546;2631
546;236
546;1383
547;1409
547;1646
547;1121
547;2136
548;1687
548;1266
548;2633
549;2428
549;2595
549;1626
549;2558
549;1649
550;1295
550;551
550;1457
550;2391
551;1295
551;660
551;1269
552;895
552;759
552;1188
552;662
552;1730
553;1935
553;1540
553;2314
553;1303
553;2423
554;1672
554;583
554;1501
555;2432
555;2077
556;2209
556;1203
556;2102
556;2344
557;2691
557;2736
557;2694
557;2757
558;2374
558;1635
558;346
559;839
559;1851
559;1593
560;1032
560;594
560;1086
560;2480
560;1496
561;1645
561;1465
561;1881
562;1038
562;1472
562;1622
562;1877
563;2591
563;725
563;2205
563;1786
564;1623
564;1565
564;2783
565;1273
565;586
565;1614
565;2461
566;1807
566;868
566;2072
566;1954
566;187
567;2360
567;2438
567;996
567;857
567;2361
568;2183
568;1235
568;2063
568;1945
568;1705
569;951
569;611
569;2308
569;1029
570;2774
570;1255
570;749
571;2441
571;1352
571;1690
571;2365
571;872
572;601
572;1708
572;555
573;2626
573;1124
573;1524
573;1700
573;1111
574;2009
574;2457
574;1755
575;983
575;1893
575;2504
575;1422
576;1741
576;679
576;2541
576;2278
577;1012
577;2609
577;1502
577;606
577;959
578;1529
578;1390
578;1353
578;2419
579;2601
579;1056
579;2763
579;2277
579;657
580;831
580;1253
580;827
580;624
581;1342
581;2162
581;2450
581;73
581;2446
582;688
582;1987
582;2579
582;587
582;1499
583;1501
583;2194
583;299
584;2039
584;1712
584;658
584;618
585;1358
585;1416
585;1284
585;605
585;2589
586;765
586;807
586;1273
586;960
587;1922
587;1987
587;2579
588;1272
588;2396
588;1471
588;2317
588;2429
589;1467
589;1370
589;1326
589;136
590;2147
590;752
590;2059
590;2371
590;2226
591;1204
591;2248
591;2628
591;717
591;2544
592;2357
592;2303
592;1971
592;1133
592;1277
593;1691
593;643
593;2217
593;968
593;2053
594;1086
594;2480
594;1518
594;1246
595;2662
595;1455
595;1436
595;2051
595;2732
596;2098
596;1252
596;1644
597;2404
597;1394
597;378
597;1984
598;2409
598;2313
599;2633
599;1687
599;548
599;21
600;2651
600;1219
600;1177
600;2489
600;1846
601;1643
601;2718
602;2054
602;1608
602;1469
602;2290
602;188
603;2665
603;2349
603;1450
604;1419
604;669
604;2076
604;2586
604;699
605;1358
605;1284
605;2708
605;682
606;959
606;2609
606;1502
606;1508
606;1137
607;1841
607;1982
607;2089
607;2558
608;739
608;1347
608;2485
608;1659
608;1972
609;1280
609;2799
609;766
610;2551
610;2025
610;809
611;1029
611;2647
611;951
612;935
612;1287
612;1207
612;584
613;2123
613;2605
613;2624
613;78
613;1538
614;1203
614;2410
614;2780
614;2547
614;1596
615;1602
615;2253
615;856
615;1461
615;283
616;1776
616;759
616;1083
616;1188
616;911
617;2133
617;2042
618;1712
618;1142
618;2039
618;996
618;1442
619;2255
619;1245
619;867
619;2524
620;2109
620;677
620;2082
620;434
620;1710
621;2433
621;1340
621;812
622;2393
622;2772
622;1103
622;933
623;830
623;2052
623;2612
623;2545
624;2329
624;2536
624;1999
624;2765
625;1824
625;1259
625;2336
625;1552
626;2131
626;1932
626;1975
627;1648
627;2767
627;2499
627;66
627;2707
628;918
628;1760
628;1102
629;1783
629;1143
629;2479
629;1967
629;1627
630;1359
630;2073
630;1507
630;2189
630;349
631;1964
631;2697
631;2343
632;762
632;1900
632;635
632;2392
633;2491
633;1022
633;1633
633;88
633;1936
634;1495
634;1329
634;2273
634;1716
634;1078
635;762
635;1544
635;2470
636;2468
636;1293
636;1271
636;1787
636;1797
637;1800
637;2330
637;2569
637;742
637;2293
638;2299
638;2198
638;1254
638;416
639;1600
639;1027
639;1230
639;1976
640;1017
640;818
640;1980
641;1474
641;2704
641;1084
641;1365
641;1791
642;2698
642;1492
642;1737
642;1634
642;1158
643;1691
643;2217
643;968
643;1535
644;1661
644;1456
644;2510
644;2769
645;785
645;1320
645;1750
646;1924
646;2020
646;767
647;1718
647;1553
647;1790
647;2481
648;2256
648;887
648;2720
648;1819
649;2023
649;722
649;2035
649;1591
650;1332
650;757
650;2028
650;1132
651;710
651;1465
651;1087
651;1088
651;1682
652;2706
652;2127
652;1994
652;2251
653;2120
653;1608
653;108
653;602
654;1793
654;2172
654;2242
654;2675
654;1251
655;1985
655;1996
655;881
655;2256
655;2284
656;1362
656;1221
656;474
656;953
656;1997
657;2119
657;2608
657;2473
657;2117
657;2175
658;1712
658;2039
658;1287
658;618
659;845
659;1269
659;660
660;845
660;1269
660;1568
661;848
661;984
661;63
661;2374
661;2654
662;1730
662;1188
662;2776
662;895
663;801
663;1590
663;1050
663;1057
663;420
664;1364
664;1686
664;2539
665;1462
665;1017
666;774
666;1465
666;1088
667;724
667;2352
667;2793
667;1489
667;1952
668;2301
668;1978
668;2391
668;550
668;445
669;2402
669;1335
669;2674
669;2049
670;715
670;1704
670;1605
670;2782
670;2688
671;2202
671;2617
671;2087
671;1254
672;1306
672;34
672;865
672;247
673;1863
673;2415
673;916
673;1912
674;2207
674;679
674;2541
674;2258
674;391
675;2603
675;2525
675;1248
675;2428
675;1649
676;756
676;735
676;727
676;1446
676;2407
677;2109
677;2082
677;434
677;860
678;1864
678;1429
678;1437
678;2588
678;1564
679;2000
679;2541
679;1741
680;2166
680;2011
680;1820
680;1154
680;723
681;2571
681;2526
681;867
682;2708
682;1594
682;2582
683;843
683;2297
683;2326
683;1035
684;1196
684;1100
684;784
684;1099
685;2115
685;2364
685;2527
686;796
686;1078
686;2239
686;1716
686;1075
687;2192
687;1284
687;863
687;1050
687;2589
688;2579
688;1987
688;587
688;1922
689;1771
689;1822
689;1739
689;1784
690;1407
690;2211
690;374
691;2067
691;2490
691;1803
692;869
692;896
692;330
692;273
692;2538
693;1091
693;874
693;2052
693;795
694;2795
694;627
694;1206
694;1753
695;1789
695;1175
695;2107
695;1548
695;941
696;1507
696;811
696;2598
696;2796
697;2561
697;1752
697;1270
697;2605
697;2781
698;1339
698;1450
698;1692
698;492
699;1680
699;2460
699;2065
699;1098
700;2066
700;2726
700;2668
700;1482
701;1898
701;1859
701;1318
701;693
702;1138
702;2091
702;1523
702;2798
703;2353
703;2068
703;1774
704;1670
704;2302
704;1238
704;1770
705;1733
705;1907
705;2112
705;1330
705;1801
706;2263
706;1788
706;1884
706;1585
706;917
707;1434
707;1745
707;2272
707;194
707;1095
708;1417
708;1503
709;1618
709;1411
709;1562
710;1087
710;1465
710;2776
710;1645
711;1289
711;1344
711;2164
711;76
711;2660
712;1021
712;1750
712;1076
712;974
713;2279
713;2476
713;1698
713;769
713;2041
714;2788
714;2247
714;2369
715;1704
715;2346
715;1825
715;2424
716;989
716;2590
716;2604
716;2492
717;2248
717;2544
717;2295
717;1204
718;1852
718;1210
718;1909
718;1296
719;1415
719;824
719;1186
720;1796
720;2340
720;1836
720;1853
721;2454
721;1005
722;2656
722;1000
722;2295
722;2544
723;1154
723;2011
723;2184
723;334
724;2352
724;2110
724;2793
724;1489
725;2591
725;2205
725;1786
726;2180
726;1582
726;1193
726;1940
727;756
727;735
727;1446
727;2407
728;1199
728;2019
728;1932
728;1785
728;1928
729;1688
729;2506
729;2106
729;1182
729;1262
730;2671
730;2101
730;1841
730;1706
731;2170
731;1147
731;1585
731;2229
732;1218
732;918
732;910
732;2099
732;229
733;2692
733;1826
733;909
733;2530
734;1224
734;1075
734;2542
734;2324
735;1446
735;2407
735;756
736;1309
736;993
736;2072
737;1516
737;812
738;1423
738;1053
738;910
738;1434
738;1218
739;1659
739;1347
739;1972
739;1799
740;1799
740;1611
740;1865
740;368
740;1278
741;943
741;2359
741;2669
741;1479
741;1399
742;2330
742;1800
742;2569
743;2196
743;1754
743;489
743;1618
743;2304
744;769
744;1698
744;713
744;2279
744;2476
745;994
745;800
745;1137
745;2406
746;2079
746;2292
746;866
747;1136
747;2177
747;1694
747;2224
747;1812
748;1192
748;797
748;1724
749;2774
749;1255
749;44
749;143
750;1656
750;1520
750;1631
750;2420
751;1039
751;1701
751;2493
752;1481
752;2059
752;2147
753;1675
753;964
753;1167
754;854
754;1004
754;1545
754;2635
755;1019
755;1036
755;2262
755;1612
755;849
756;1446
756;2407
757;1132
757;1332
758;1554
758;1892
758;1521
758;1748
759;1188
759;895
759;1354
760;2592
760;1559
760;2691
760;938
760;2018
761;2414
761;1055
761;1237
761;777
761;835
762;2470
762;2125
763;1963
763;1006
763;1406
763;2714
764;2659
764;2594
764;1575
765;960
765;807
765;2157
766;2165
766;1280
766;1948
766;1957
767;1924
767;2020
768;2434
768;1854
768;1681
768;2426
769;1698
769;2279
769;2476
770;933
770;2276
770;2393
770;2669
770;622
771;1792
771;1223
771;1813
771;1632
771;2695
772;2596
772;1070
772;2709
772;992
773;2185
773;1371
773;2017
773;2150
774;1855
774;421
775;1573
775;886
775;2798
776;816
776;1469
776;1357
776;2154
777;835
777;2414
777;1189
777;58
778;2173
778;828
778;1238
778;1067
779;2611
779;2600
779;2685
780;1896
780;1343
780;1993
780;2063
781;136
781;1467
781;2409
782;1766
782;1568
782;1768
782;1773
783;1068
783;2213
783;2034
783;1661
784;1099
784;1484
784;2713
785;1320
785;1750
786;1581
786;1140
786;2475
787;1040
787;2508
787;1702
787;2738
788;1070
788;2709
788;286
788;314
789;2016
789;1052
789;1737
789;2698
790;1216
790;2785
790;973
790;2759
791;1774
791;2287
791;2068
791;1572
791;2403
792;2143
792;2666
792;1833
792;1568
793;1578
793;1969
793;1460
793;2223
794;2027
794;2791
794;921
794;1988
794;1971
795;2108
795;2521
795;874
795;1091
796;1078
796;2239
796;1716
796;634
797;1809
797;1749
797;1724
798;2384
799;2171
799;1246
799;1719
799;2070
800;994
800;2611
800;1137
801;1057
801;1050
801;1590
802;2354
802;1304
802;95
802;1311
802;1228
803;1672
803;2733
803;922
803;2214
804;2036
804;2215
804;2356
804;2127
804;953
805;1808
805;1145
806;2144
806;2614
806;2088
806;2710
806;1587
807;960
808;1717
808;2528
808;1234
808;2683
808;1279
809;1186
809;862
810;826
810;2399
810;1401
810;1576
811;2453
811;2598
811;349
812;2433
812;1574
813;1140
813;471
813;2475
813;2435
813;2012
814;1428
814;830
814;2787
814;623
815;2195
815;247
815;248
815;34
815;26
816;2154
816;1532
817;1286
817;1382
817;2762
817;1042
817;915
818;1017
818;2291
818;415
819;1009
819;2309
819;1261
819;1617
820;837
820;880
820;1266
821;1673
821;2459
821;1185
821;1920
821;2237
822;1954
822;1844
822;2233
822;2416
822;2132
823;2243
823;2502
823;2439
823;2759
823;180
824;2367
824;20
825;856
825;1461
825;2253
825;1176
826;2399
826;1401
827;831
827;2282
827;1253
828;2173
828;1028
828;174
828;1238
829;1849
829;1615
829;2373
829;1902
830;1428
830;2521
831;1253
831;1537
832;1254
832;2202
832;985
832;2657
832;2299
833;2293
833;2569
833;1804
833;637
833;1800
834;1984
834;1939
834;1394
835;1189
835;920
835;379
836;1127
836;2675
836;2172
836;1251
836;2728
837;880
837;1025
837;1538
837;2520
838;2549
838;2287
838;1485
838;2318
839;1851
839;1593
839;1764
840;1785
840;2197
840;1928
840;1468
840;2383
841;2713
841;1099
841;1484
841;1729
841;784
842;1491
842;2465
842;2771
842;1350
843;2297
843;1125
843;1290
843;1832
843;1720
844;1426
844;1160
844;1074
844;1438
845;1269
846;1869
846;518
846;2441
847;1977
847;1696
848;1516
848;737
849;1411
849;2730
849;2262
849;38
849;2094
850;948
850;58
850;920
850;127
851;1950
851;1945
851;2063
851;1097
851;2086
852;1377
852;1981
852;899
853;2353
853;1781
853;1724
853;216
854;1004
854;2635
854;1880
855;1481
855;752
855;430
855;218
855;2226
856;1461
856;2253
857;1839
857;2230
857;2458
857;2003
857;2345
858;1561
858;1489
858;667
858;2793
859;2140
859;906
859;1994
859;441
859;2773
860;2725
860;1375
860;2168
860;2187
861;2116
861;998
861;78
861;1592
861;1662
862;1415
862;20
862;719
862;269
863;2663
863;2192
863;2500
863;1814
864;2335
864;2702
864;2502
864;1703
864;1492
865;1056
865;2277
865;2601
865;2522
866;2079
866;2292
866;1282
867;1245
867;2571
867;2524
867;79
868;1807
868;2168
868;2072
868;187
869;1699
869;2701
869;1148
870;2385
870;2238
870;1073
870;2254
870;2610
871;1171
871;1515
871;1157
871;1798
871;577
872;2365
872;1725
872;1020
872;2441
873;2519
873;1476
873;1714
873;2038
873;1722
874;1091
874;2052
874;944
874;623
875;1776
875;2461
875;2376
875;2245
875;1584
876;1617
876;1013
876;2514
876;972
876;1513
877;2350
877;1638
877;2537
877;1236
877;225
878;2261
878;1002
878;2311
878;2288
878;894
879;2047
879;846
879;300
879;518
880;1538
880;1025
880;2123
880;2520
881;2284
881;1996
881;1985
881;900
882;945
882;1372
882;1109
883;2070
883;921
883;1973
883;1014
884;1403
884;1054
884;23
884;2013
885;1604
885;1911
885;2132
885;2111
885;2158
886;1139
886;2798
887;2720
887;1819
887;2256
888;1555
888;1389
888;1008
888;1211
889;1320
889;2315
889;785
889;177
889;1639
890;2661
890;1033
890;1778
891;2411
891;2621
891;2606
891;197
892;1904
892;1722
892;2220
892;2658
892;1476
893;2522
893;1888
893;2640
894;1002
894;2261
894;2327
894;1910
894;490
895;1188
895;1354
896;2149
896;2627
896;1259
896;2336
897;1364
897;664
897;139
897;1816
898;2153
898;2007
898;911
898;1083
898;1916
899;1377
900;2284
900;2668
900;2726
900;1985
900;2066
901;1153
901;1862
901;2646
901;2500
902;2339
902;2162
902;2450
903;913
903;1620
903;1897
903;2764
904;1739
904;1784
904;496
904;2703
904;2744
905;961
905;2705
905;2378
905;1392
905;2634
906;2140
906;2773
906;1398
906;384
907;2349
907;1856
907;1517
907;149
908;2554
908;1482
908;2157
909;1826
909;1599
909;2552
910;1423
910;1218
910;918
911;1083
911;2153
911;1188
911;2007
912;1341
912;1715
912;2724
912;2125
913;1620
913;2764
913;1897
914;1777
914;537
914;1470
914;2215
914;804
915;1239
915;1042
915;1286
915;2789
916;2415
916;2524
916;1863
916;1245
917;1866
917;1090
917;1788
917;2263
918;2099
918;1760
919;1291
919;1406
919;2006
919;2615
920;1189
920;1867
921;1973
921;1971
921;2791
922;2214
922;1672
922;2733
923;1338
923;2775
923;2139
924;2121
924;1318
924;2581
924;1570
925;1026
925;1702
925;958
925;1074
926;1431
926;2341
926;2266
926;1983
926;1747
927;1373
927;1309
927;1953
927;993
927;510
928;1885
928;1178
928;1523
928;1129
928;2798
929;1531
929;2316
929;2636
929;2333
929;1292
930;2085
930;1522
930;1231
930;1441
931;1667
931;1006
931;2714
931;1840
932;1008
932;2278
932;1555
932;2000
933;2276
933;2393
933;90
934;1066
934;1941
935;1287
935;1207
935;584
936;2749
936;157
936;2672
936;2627
937;1418
937;1720
937;2326
937;487
938;2592
938;1200
938;2691
938;1559
939;1621
939;2637
939;841
939;382
940;2142
940;2013
940;1371
940;292
941;2512
941;1363
941;1558
941;2002
941;2125
942;1466
942;2593
942;1215
942;2487
942;1408
943;1399
943;2669
943;1591
943;2130
944;1071
944;2052
944;1887
945;1372
945;1109
945;1128
946;1690
946;1352
946;2424
946;2346
947;991
947;2434
947;2784
947;1560
947;1380
948;1837
948;1539
948;920
949;2347
949;1435
949;1217
949;997
950;1821
950;1623
950;1172
950;375
950;439
951;2308
951;1029
952;1834
952;1583
952;1949
952;1379
953;2356
953;2191
953;1294
953;2036
954;1229
954;1817
954;1918
954;2722
954;2037
955;2550
955;2699
955;2264
955;1997
956;1654
956;962
956;2092
957;2223
957;1460
957;1625
957;2735
957;1130
958;2738
958;2670
958;2366
958;1702
959;1502
959;2609
959;1508
959;1012
960;2157
960;540
961;2378
961;1392
961;2634
961;2705
962;2747
962;2565
962;963
962;411
963;1067
963;2565
963;2679
964;1167
964;1675
964;2271
965;1483
965;423
966;1018
966;1264
967;1682
967;1163
967;2768
967;1088
967;2776
968;1872
968;2053
968;2217
969;2748
969;2337
969;1369
969;2017
969;2546
970;2188
970;1201
970;2641
971;1556
971;2582
971;1510
971;1872
972;2560
972;1205
972;2222
972;1833
973;2759
973;2785
973;1216
974;2737
974;1743
974;2232
974;1984
975;1494
975;2573
975;2078
975;460
976;2259
976;2513
976;1316
976;2055
977;2585
977;721
978;1187
978;1537
978;1883
978;2306
978;1253
979;1156
979;1828
979;2723
979;2546
979;1453
980;1194
980;2376
980;1636
980;1584
980;1247
981;2092
981;1298
981;2515
981;2570
981;1970
982;1477
982;1761
982;529
983;1893
983;2143
983;2504
983;118
984;2654
984;1999
985;1756
985;2087
985;2250
985;2202
986;2075
986;2758
986;308
987;2466
987;1901
987;1410
987;1031
987;1108
988;2619
988;1115
988;1609
989;2590
989;2135
989;2492
990;1827
990;1524
990;2439
990;2626
991;2434
991;2289
991;1380
991;466
992;1663
992;1779
993;1309
993;1953
994;1137
994;2406
995;1630
995;49
995;2362
995;1510
996;1763
996;1142
996;2039
996;1712
997;1192
997;748
997;2347
997;1435
998;1662
998;2116
998;1592
999;1155
999;2581
999;28
999;1767
999;1738
1000;2656
1000;2532
1000;2159
1001;2642
1001;1030
1001;1758
1001;2742
1001;2706
1002;2261
1002;2288
1002;2311
1003;1172
1003;1816
1004;1880
1005;2053
1005;217
1005;968
1006;2714
1006;1406
1006;1840
1006;1667
1007;1668
1007;1520
1007;1874
1007;1047
1007;2777
1008;1555
1008;1389
1009;1236
1009;225
1009;1264
1010;1592
1010;2781
1010;998
1010;861
1011;1967
1011;2602
1011;1143
1011;629
1011;1783
1012;2609
1012;1502
1012;606
1013;2514
1013;1513
1013;1958
1013;1617
1014;2070
1014;2151
1015;1655
1015;1416
1015;1197
1015;1191
1015;2589
1016;1607
1016;2754
1016;1609
1016;1488
1018;2559
1018;225
1018;1264
1019;1036
1019;2262
1019;1612
1019;849
1020;2365
1020;1930
1020;1725
1020;116
1021;1750
1021;177
1021;785
1022;1633
1022;1936
1022;134
1022;1671
1023;1871
1023;1989
1023;1473
1023;2625
1023;1250
1024;1981
1024;852
1024;1377
1024;2060
1024;2740
1025;2520
1025;1830
1025;1713
1026;1074
1026;1702
1026;1160
1026;124
1027;1119
1027;1600
1027;2418
1028;2660
1028;1344
1028;2584
1028;2164
1029;2647
1029;150
1030;2642
1030;1758
1030;2616
1031;1410
1031;1108
1032;1586
1032;594
1032;1086
1032;1641
1033;1299
1033;2588
1033;1778
1034;2635
1034;1526
1034;1894
1034;2310
1034;2641
1035;2297
1035;1832
1035;1290
1035;843
1035;2718
1036;1612
1036;2262
1036;2197
1037;2481
1037;1553
1037;1049
1037;2161
1037;167
1038;1622
1038;1472
1038;1877
1039;1925
1039;2543
1039;1585
1039;1319
1040;1074
1040;1702
1040;1160
1041;2045
1041;2016
1041;1562
1041;82
1041;106
1042;1378
1042;2789
1042;1286
1043;2735
1043;1357
1043;776
1043;1208
1043;2611
1044;1191
1044;1862
1044;901
1044;1868
1044;1811
1045;2011
1045;1647
1045;2184
1045;2540
1045;2096
1046;2363
1046;1085
1046;354
1046;2769
1047;2032
1047;2777
1047;2497
1047;1668
1048;2563
1048;1611
1048;2166
1048;1865
1049;2705
1049;7
1050;2192
1050;1590
1050;1284
1051;2080
1051;212
1051;1974
1051;1725
1052;2698
1052;2016
1052;1737
1052;1634
1053;1423
1053;910
1053;1745
1053;1434
1054;2216
1054;1475
1054;1403
1054;383
1055;1237
1055;2775
1055;2139
1055;1338
1056;2277
1056;2601
1056;2381
1057;1535
1057;2217
1058;1543
1058;2190
1058;262
1059;1327
1059;1731
1059;2400
1059;2032
1059;1509
1060;1952
1060;2516
1060;2655
1060;1176
1060;1117
1061;2429
1061;2317
1061;1471
1061;2396
1061;2514
1062;1281
1062;1256
1062;1577
1062;1210
1062;2784
1063;2320
1063;1678
1063;1164
1063;2201
1063;2440
1064;1798
1064;2113
1064;2358
1064;1907
1064;1171
1065;2300
1065;1315
1065;1104
1066;2498
1066;523
1067;2679
1067;2565
1068;2213
1068;451
1068;2034
1068;1661
1069;1355
1069;1899
1069;1504
1069;528
1069;479
1070;2709
1070;1291
1071;2208
1071;193
1071;1898
1072;2562
1072;2507
1072;2388
1072;2794
1073;2254
1073;2610
1073;2238
1073;1453
1074;1160
1074;1426
1075;796
1075;1716
1075;1078
1076;2084
1076;1955
1076;2214
1076;468
1077;2012
1077;1929
1077;813
1078;2239
1078;1716
1079;2475
1079;471
1080;2314
1080;2423
1080;2169
1080;1303
1080;2397
1081;2746
1081;1234
1082;2649
1082;2124
1083;2153
1083;2007
1084;1365
1084;1474
1084;2704
1084;1346
1085;1931
1085;2587
1085;2401
1085;52
1086;2480
1086;1518
1086;1496
1087;2776
1087;1682
1087;967
1088;2768
1088;1163
1088;1682
1089;1425
1089;1912
1089;79
1089;673
1089;867
1090;1866
1090;1788
1090;1361
1090;2263
1091;2052
1091;944
1091;701
1092;17
1092;388
1092;2629
1092;1761
1093;1278
1093;2563
1093;1611
1093;1048
1094;2690
1094;1402
1094;2533
1094;1926
1094;1116
1095;2577
1095;2572
1095;2272
1095;1413
1096;2710
1097;1950
1097;2086
1097;1368
1097;2478
1098;2523
1098;2313
1098;2076
1098;2460
1099;2713
1099;1484
1099;2637
1100;1196
1100;2196
1101;2289
1101;2632
1101;2019
1101;2753
1101;1380
1102;1397
1103;2687
1103;1135
1103;1547
1103;1381
1104;1878
1104;1315
1104;2300
1104;2334
1105;1443
1105;1850
1105;2551
1105;2576
1106;1734
1106;2723
1106;2487
1106;1666
1106;1233
1107;1377
1107;2344
1107;852
1107;581
1108;1169
1108;1410
1109;2495
1109;1414
1109;1372
1110;2742
1110;1758
1110;1579
1110;1001
1111;1524
1111;2626
1111;1700
1111;2394
1112;2796
1112;349
1112;2099
1112;696
1112;1359
1113;2712
1113;1677
1113;2548
1114;2018
1114;2333
1114;1559
1114;760
1115;2619
1115;1835
1115;1444
1115;1464
1116;1402
1116;2533
1116;1731
1116;2690
1117;1801
1117;1751
1117;1330
1117;2516
1117;2655
1118;2274
1118;1723
1119;1600
1119;1190
1119;639
1120;2743
1120;2739
1120;2681
1120;2368
1120;1161
1121;1646
1121;1409
1121;2234
1122;1664
1122;2093
1122;1170
1123;2576
1123;1697
1124;2626
1124;1700
1124;1564
1124;1524
1125;1290
1125;1832
1125;1720
1125;2297
1126;2458
1126;2230
1127;2728
1127;2675
1127;1251
1127;2172
1128;1497
1128;2385
1128;2238
1128;2056
1129;2798
1129;1523
1129;886
1129;238
1130;2735
1130;1208
1130;1838
1130;1424
1131;2490
1131;1803
1131;2564
1131;1597
1131;2138
1132;1332
1132;57
1133;1277
1133;2357
1133;2716
1133;2303
1133;1580
1134;2451
1134;2246
1134;1275
1134;2412
1134;1709
1135;2687
1135;1547
1135;1302
1135;1381
1136;2177
1136;1694
1136;1742
1137;959
1138;2091
1138;1781
1138;1523
1139;1830
1139;1268
1140;2475
1141;1653
1141;2602
1141;514
1141;2298
1142;1442
1142;1712
1142;2039
1143;1967
1143;2479
1143;1783
1144;2488
1144;2730
1144;2262
1144;38
1144;352
1145;1968
1145;2667
1145;1808
1146;2622
1146;2146
1146;2394
1146;1927
1146;1613
1147;2170
1147;2229
1147;2445
1148;2538
1148;2580
1148;1699
1148;2701
1149;2198
1149;2643
1149;1282
1149;1254
1149;2299
1150;1921
1150;2594
1150;1575
1150;2235
1150;2134
1151;1966
1151;1506
1151;1566
1151;1595
1152;1157
1152;2122
1152;1515
1152;2720
1152;977
1153;2646
1153;2500
1153;1862
1154;2011
1154;159
1154;2184
1155;1727
1155;2467
1155;2761
1155;2581
1156;1453
1156;1828
1156;2546
1156;2723
1157;2122
1157;1515
1157;577
1158;1231
1158;1492
1158;2698
1158;930
1159;2187
1159;2111
1159;2725
1159;2158
1159;1911
1160;1426
1161;2681
1161;2231
1161;2743
1161;2265
1162;2506
1162;2542
1162;1956
1162;462
1162;729
1163;1682
1163;2768
1163;2776
1164;2201
1164;2440
1164;2167
1164;2320
1165;1917
1165;2195
1165;34
1165;1306
1166;1500
1166;1297
1166;1557
1166;1530
1166;1843
1167;2271
1167;1675
1168;1549
1168;2155
1168;2265
1169;2074
1169;53
1170;1664
1170;725
1170;2591
1171;1798
1171;1515
1172;2539
1173;2204
1173;2014
1173;2270
1173;672
1174;2114
1174;1947
1174;2727
1174;2199
1174;2249
1175;2107
1175;1789
1175;1548
1175;1363
1176;2212
1176;1952
1176;2352
1177;2489
1177;1219
1177;1526
1177;1545
1178;1885
1178;1572
1178;1523
1178;1129
1179;1249
1179;2555
1179;2010
1180;1629
1180;2659
1180;764
1180;2597
1181;2408
1181;1421
1181;1336
1181;1726
1181;1906
1182;1224
1182;2118
1182;2542
1182;1162
1183;1388
1183;2621
1183;2508
1184;2443
1184;2294
1184;1819
1184;858
1185;2268
1185;1673
1185;1876
1186;2367
1187;1794
1187;1883
1187;1537
1187;1939
1190;1376
1190;235
1190;1600
1191;1862
1191;2589
1191;1655
1192;797
1192;1809
1193;1533
1193;1582
1193;2180
1194;1636
1194;1584
1194;2376
1194;1247
1195;1990
1195;2590
1195;2382
1196;784
1197;1655
1197;2167
1197;2330
1197;2440
1198;1948
1198;93
1198;1957
1198;2799
1199;2019
1199;2753
1199;2632
1199;1932
1200;1292
1200;2018
1200;1114
1200;760
1201;1820
1201;2188
1201;59
1202;2449
1202;1226
1202;1676
1203;2209
1203;2344
1204;2628
1204;2248
1205;2222
1205;2560
1205;1833
1205;118
1206;1512
1206;2137
1206;2795
1206;2630
1206;311
1207;1366
1208;1424
1208;1873
1208;1357
1209;2131
1209;2225
1209;1975
1210;1490
1210;1769
1210;1909
1211;2526
1211;2571
1211;1389
1212;1946
1212;1619
1212;1914
1212;2787
1212;2463
1213;1413
1213;1745
1213;2024
1213;2577
1214;1220
1214;1196
1214;2304
1214;684
1215;2593
1215;2375
1215;1466
1215;2487
1216;2785
1216;1530
1217;1435
1217;1765
1217;2347
1217;2568
1218;918
1218;1423
1218;2099
1219;2651
1219;1959
1219;2355
1220;2304
1220;1754
1220;743
1220;199
1221;1997
1221;2252
1222;2683
1222;2477
1222;1234
1222;2478
1223;1813
1223;1792
1223;1632
1224;2389
1224;2118
1224;2193
1225;2472
1225;2456
1225;1879
1225;1891
1226;2449
1226;2290
1227;1937
1227;1719
1227;1246
1227;594
1227;2206
1228;1311
1228;1539
1228;2354
1228;1877
1228;95
1229;1817
1229;1918
1229;2145
1229;2722
1230;1600
1230;1119
1230;1027
1231;2085
1231;642
1231;1522
1232;1810
1232;2361
1232;2047
1232;879
1233;1408
1233;1300
1233;2227
1233;1454
1233;2583
1234;2746
1234;1717
1235;2034
1235;1343
1235;2496
1236;966
1236;2537
1237;2139
1237;2775
1238;2565
1238;2747
1238;963
1238;2173
1238;1067
1239;1042
1239;1286
1239;1978
1239;1831
1240;2552
1240;2530
1240;2060
1240;2102
1241;1941
1241;934
1241;1066
1241;185
1242;1412
1242;1283
1242;2026
1243;2722
1243;2145
1243;2037
1243;1998
1244;2105
1244;2184
1244;2069
1244;1677
1244;12
1245;2524
1245;2415
1246;1719
1246;2171
1246;1937
1247;2048
1247;2376
1247;1354
1248;2525
1248;2141
1249;1598
1249;2010
1249;1581
1250;2351
1250;2625
1250;2210
1250;1464
1250;347
1251;2242
1251;2172
1251;2675
1252;1280
1252;67
1252;1725
1253;1537
1254;2299
1254;2202
1255;2774
1256;1281
1256;2081
1256;1769
1257;1345
1257;2228
1257;531
1257;80
1257;1701
1258;1260
1258;465
1258;2479
1259;1824
1259;2336
1259;2149
1260;2479
1260;1627
1261;1272
1261;2309
1261;588
1261;2396
1262;2106
1262;1688
1262;1317
1263;1571
1263;2058
1263;562
1264;2504
1264;1236
1265;1710
1265;1915
1265;1335
1265;2049
1266;1687
1266;2633
1267;1556
1267;2100
1267;971
1267;1872
1268;1830
1268;1713
1268;2520
1269;146
1270;1752
1270;2561
1270;676
1270;2327
1271;2704
1271;2468
1271;2027
1271;794
1272;2396
1272;1471
1272;2317
1273;1614
1274;2005
1274;1843
1274;2779
1274;2750
1274;2484
1275;1383
1275;2451
1275;2246
1275;1991
1276;2280
1276;1329
1276;1495
1276;2513
1276;2239
1277;2716
1277;2357
1277;2303
1278;2563
1278;368
1278;1611
1279;2285
1279;1644
1279;1606
1279;1367
1280;2165
1281;1490
1281;1210
1282;2643
1282;2198
1283;1757
1283;1412
1283;1769
1284;1358
1284;2192
1285;1589
1285;1951
1285;2751
1286;2789
1286;1378
1287;584
1287;2039
1287;1712
1288;2682
1288;2484
1288;1965
1288;1843
1289;2425
1289;2679
1289;411
1290;1832
1290;2297
1291;2006
1291;2709
1291;2615
1292;2316
1292;1531
1292;2636
1293;2468
1293;1797
1293;2380
1293;1787
1294;2191
1294;2356
1294;2180
1294;2444
1295;1458
1295;1269
1296;1909
1296;1858
1297;1557
1297;1500
1297;2419
1297;2029
1297;2152
1298;2515
1298;2092
1298;1289
1299;2189
1299;2095
1299;2588
1300;2227
1300;1563
1300;1408
1300;2583
1301;2061
1301;1639
1301;889
1301;46
1301;1320
1302;1381
1302;2687
1302;1547
1302;1103
1303;2423
1303;2314
1303;1689
1303;1935
1304;1541
1304;21
1304;2354
1304;1486
1305;2379
1305;1793
1305;2351
1306;248
1307;2373
1307;2281
1307;1615
1307;2163
1307;2586
1308;1988
1308;2027
1308;592
1308;1971
1309;187
1309;380
1309;566
1310;1445
1310;1565
1310;2041
1310;1480
1311;2354
1311;1539
1311;1877
1311;95
1312;2348
1312;2578
1312;405
1312;1663
1313;1881
1313;2264
1313;1645
1314;1361
1314;2445
1314;1090
1314;2741
1314;1866
1315;2300
1315;56
1315;444
1316;2513
1316;2557
1317;2106
1317;1321
1318;2121
1318;1859
1318;1570
1319;2543
1319;1925
1319;1884
1319;1747
1320;2315
1321;1692
1321;1262
1322;2112
1322;1733
1322;2793
1322;2655
1322;1751
1323;1666
1323;1734
1323;2482
1323;1369
1324;1544
1324;635
1324;768
1324;544
1325;1976
1325;2181
1325;1812
1325;2224
1325;2418
1326;94
1326;2409
1326;1370
1327;1731
1327;1509
1327;2260
1327;2400
1328;2073
1328;2095
1328;1507
1328;1359
1328;2189
1329;1495
1329;2280
1329;2239
1330;1751
1330;1801
1330;2112
1330;1322
1331;2057
1331;2535
1331;1439
1331;2129
1333;1351
1333;1735
1333;2573
1334;2503
1334;1499
1334;1992
1334;582
1334;688
1335;2049
1335;2402
1336;2408
1336;2334
1336;1906
1336;2686
1337;2040
1337;570
1337;1255
1338;2775
1338;2139
1339;1692
1339;1511
1339;1321
1340;2433
1340;128
1341;1715
1341;2724
1341;2512
1342;2446
1342;2450
1342;2126
1342;2371
1342;2059
1343;1896
1343;2496
1344;2660
1344;2164
1344;170
1345;2035
1345;2023
1345;2628
1346;2510
1346;1661
1346;1886
1346;1616
1347;2485
1347;2557
1348;2406
1348;1508
1348;959
1348;606
1349;2269
1349;2630
1349;2307
1349;2786
1349;1640
1350;2580
1350;2771
1350;1699
1350;2701
1350;1491
1351;1735
1351;2573
1351;2584
1352;1690
1352;2441
1353;1529
1353;2419
1353;1390
1354;2376
1354;1776
1355;2469
1355;1740
1355;528
1355;1899
1356;2249
1356;2727
1356;2055
1356;2114
1357;1873
1357;1424
1358;2708
1359;1507
1359;2073
1360;2471
1360;1400
1360;1576
1360;1669
1361;917
1361;1866
1361;2445
1362;2715
1362;1221
1362;474
1362;1997
1363;2038
1363;1558
1363;2512
1363;2002
1364;1686
1364;2539
1365;1791
1365;1705
1365;2183
1366;2653
1366;209
1366;1845
1367;1644
1367;1717
1367;2285
1367;2098
1368;2478
1368;1950
1368;2086
1369;2033
1369;2748
1369;2150
1369;2017
1370;771
1370;1792
1370;1467
1371;2185
1371;2142
1371;2017
1372;1414
1373;1285
1373;510
1373;1953
1373;1309
1374;1903
1374;2618
1374;2728
1374;1404
1375;2168
1375;868
1375;1710
1376;1119
1376;1600
1377;1981
1378;2789
1378;817
1378;915
1379;1834
1379;2797
1379;431
1379;1986
1380;1577
1380;1975
1380;2289
1381;2687
1381;1547
1382;2762
1382;1422
1382;1286
1382;342
1383;2631
1383;1991
1383;1536
1384;1545
1384;754
1384;1177
1384;2489
1384;1526
1385;1820
1385;1880
1385;2166
1385;183
1385;215
1386;1463
1386;1268
1386;1713
1386;447
1387;2422
1387;1475
1387;2216
1387;1432
1388;2508
1388;2621
1388;467
1389;1555
1389;1742
1390;1529
1390;110
1390;2419
1391;1422
1391;1420
1391;1382
1391;817
1391;1286
1392;2378
1392;1625
1392;2128
1393;2210
1393;1504
1393;2351
1393;1899
1394;1939
1394;1984
1395;2069
1395;2105
1395;159
1395;2184
1396;2482
1396;2431
1396;2375
1396;334
1396;166
1397;1848
1397;628
1398;1628
1398;2778
1398;2773
1398;1470
1399;2669
1399;2228
1399;2023
1399;1591
1400;2511
1400;2141
1400;1669
1400;440
1401;2273
1401;1716
1402;2533
1402;2690
1403;1427
1403;1475
1403;2216
1404;2728
1404;2699
1404;1127
1404;1903
1405;2179
1405;1455
1405;2662
1405;1227
1405;1937
1406;2006
1406;2714
1406;2615
1407;2211
1407;1660
1408;1454
1408;1466
1408;2583
1409;2136
1409;1646
1410;1795
1411;1618
1411;2094
1412;2026
1413;2577
1414;2495
1414;1427
1415;809
1415;541
1416;1655
1416;2589
1416;2201
1417;126
1417;2760
1417;2286
1418;2326
1418;1720
1418;843
1419;2218
1419;2163
1419;2586
1419;2030
1420;1546
1420;2789
1420;1378
1421;1906
1421;2567
1421;2623
1421;345
1422;342
1422;2762
1422;146
1423;732
1424;1873
1424;1838
1425;1912
1425;79
1425;673
1425;285
1428;2612
1428;1697
1429;1564
1429;1437
1429;1864
1429;2588
1430;1563
1430;2583
1430;1706
1430;549
1431;2341
1431;2266
1431;1983
1432;2422
1432;383
1432;2048
1433;1860
1433;2444
1433;1221
1433;507
1434;1745
1434;2272
1435;2347
1435;1765
1435;406
1436;2206
1436;2083
1436;1937
1436;2662
1436;1684
1437;1864
1437;1564
1437;2588
1438;1629
1438;2644
1438;214
1439;2535
1439;2057
1439;2203
1439;1815
1440;1942
1440;1880
1441;2328
1441;1901
1441;1522
1441;2466
1441;2085
1442;1712
1442;658
1442;2039
1443;1850
1443;2420
1443;2551
1444;1835
1444;2648
1444;1464
1444;2619
1445;2041
1445;2783
1445;1565
1446;2407
1447;2044
1447;2370
1447;2671
1447;2056
1448;1638
1448;1528
1448;2350
1448;2126
1448;877
1449;1641
1449;1496
1449;142
1450;2638
1450;2665
1451;2477
1451;2683
1451;1029
1451;1222
1451;2647
1452;1845
1452;1525
1452;1287
1453;2254
1454;2583
1454;1563
1454;1430
1455;2179
1455;2662
1455;2051
1456;2769
1457;1857
1457;2391
1457;1979
1457;2575
1458;1978
1458;2301
1458;2762
1458;668
1459;1943
1459;1814
1459;2663
1459;1387
1460;2223
1460;1625
1460;1578
1461;2253
1462;2401
1462;415
1463;418
1463;2729
1463;2794
1464;1835
1464;2625
1464;2619
1465;1645
1465;282
1466;2487
1466;2593
1466;2375
1467;94
1468;2383
1468;1478
1468;1785
1469;2054
1469;2290
1470;1777
1470;1628
1471;2396
1471;2317
1471;2429
1472;1877
1472;1622
1473;1989
1473;1871
1473;2332
1473;2469
1474;2704
1474;48
1474;2027
1475;2216
1476;2519
1476;2658
1476;2038
1476;1904
1477;1761
1477;17
1478;2574
1478;2383
1478;2488
1479;2359
1479;2462
1479;1889
1479;943
1480;2516
1480;2476
1481;2096
1482;2554
1482;2766
1483;17
1483;388
1483;423
1484;2713
1485;2318
1485;2549
1485;2398
1485;459
1486;2387
1486;21
1486;1823
1486;1541
1487;1882
1487;1831
1487;2097
1487;2322
1487;2220
1488;1607
1488;2754
1489;2110
1489;1561
1489;2352
1490;1769
1490;718
1490;1283
1491;2771
1491;2465
1492;2702
1492;1634
1492;2698
1493;2566
1493;2518
1493;2557
1493;2752
1494;499
1494;2432
1495;2280
1495;2239
1496;2480
1497;2056
1497;2238
1497;2768
1497;1163
1498;2613
1498;2684
1498;1642
1499;1992
1499;2503
1499;2566
1500;1557
1500;2419
1500;1843
1501;1778
1501;922
1502;2609
1502;1508
1503;1580
1503;2001
1504;1899
1504;2210
1504;2351
1505;2175
1505;2473
1505;1782
1505;2608
1506;1566
1506;1966
1506;1536
1507;2073
1508;2609
1509;1731
1509;2260
1509;2400
1510;1594
1510;1556
1511;2236
1511;210
1511;1321
1511;1692
1512;2307
1512;2630
1512;2137
1512;2004
1513;1768
1513;118
1513;1833
1514;1674
1514;847
1514;227
1514;1977
1515;2720
1515;2122
1516;661
1517;2324
1518;2480
1518;2070
1519;2336
1519;2149
1519;1870
1519;1259
1520;1668
1520;2777
1520;1047
1521;2732
1521;1684
1522;2085
1522;1901
1523;2798
1524;2626
1524;1700
1525;1845
1525;2498
1526;2489
1526;2635
1526;754
1526;2310
1527;2442
1527;2783
1527;1786
1527;2205
1527;725
1528;1638
1528;2350
1528;2126
1528;2344
1529;2419
1529;110
1530;2029
1530;1557
1530;790
1531;2316
1531;2636
1531;2333
1532;2154
1532;1469
1532;160
1533;1582
1533;2435
1533;726
1534;1847
1534;2286
1534;74
1535;2217
1535;1872
1536;1566
1536;2323
1536;2631
1537;2306
1538;2123
1538;1025
1538;2624
1539;1837
1539;2354
1540;1998
1540;2037
1540;2799
1541;1823
1541;850
1541;104
1541;948
1542;2677
1542;2194
1542;395
1542;2785
1543;2042
1544;2470
1544;762
1545;2489
1545;1526
1546;2636
1546;336
1546;1715
1547;2687
1548;2392
1548;2474
1548;1789
1548;2731
1549;2644
1549;891
1550;2689
1550;1640
1550;2501
1550;2564
1551;2302
1551;1964
1551;2697
1552;1225
1552;1824
1552;2472
1552;42
1553;2481
1553;2161
1554;1892
1554;163
1554;1521
1556;2582
1556;1872
1557;2029
1557;2152
1557;2419
1558;2002
1558;2038
1558;2512
1558;2021
1559;2592
1559;2691
1559;2694
1560;2784
1560;991
1560;1854
1561;2110
1562;1610
1562;2094
1563;2583
1563;13
1564;1864
1565;1623
1566;1966
1567;2178
1567;1933
1567;2151
1568;2666
1568;1766
1568;845
1569;2083
1569;2171
1569;1719
1569;799
1569;1937
1570;1859
1570;2236
1570;2121
1570;1511
1571;1693
1572;1885
1572;756
1572;727
1573;2124
1573;2798
1573;886
1573;447
1574;1775
1574;221
1575;2134
1575;2594
1575;2235
1576;2471
1576;400
1576;1401
1577;539
1577;1209
1577;2784
1577;1975
1578;1969
1578;2342
1578;2128
1579;1758
1579;2742
1579;1889
1580;1277
1580;2237
1581;2475
1582;2180
1583;1834
1583;1949
1583;2673
1583;2797
1584;1636
1584;2245
1584;2376
1585;1925
1585;1788
1586;560
1586;2372
1586;594
1586;1405
1587;2088
1587;2614
1587;1431
1588;1282
1588;866
1588;2079
1589;1951
1589;2751
1590;2192
1590;863
1591;2023
1591;2130
1592;2781
1593;1764
1593;1851
1594;971
1594;2708
1595;1966
1595;1566
1596;2410
1596;2567
1596;2692
1596;733
1597;2138
1597;2564
1598;2010
1598;1671
1598;1179
1599;2664
1599;1826
1599;231
1601;1721
1601;1035
1601;2718
1602;2253
1602;1461
1602;856
1603;2606
1603;2074
1603;417
1603;2466
1604;2158
1604;2111
1604;1911
1604;2132
1605;2688
1605;2678
1605;2782
1605;226
1606;2285
1606;2098
1606;1644
1607;2754
1608;2054
1608;2120
1608;1469
1609;2754
1609;1607
1610;2094
1611;1865
1611;2563
1612;2197
1612;840
1613;2622
1613;2394
1613;2305
1613;547
1614;2245
1615;2373
1615;1849
1615;2281
1616;2745
1616;2769
1616;354
1616;1456
1617;2514
1617;1061
1617;2429
1618;1754
1618;106
1619;1914
1619;2463
1619;1946
1619;2787
1620;1897
1620;2764
1620;2412
1621;1729
1621;1858
1621;841
1622;2058
1623;1821
1624;2340
1624;1853
1624;1796
1624;720
1624;1809
1625;2223
1625;2128
1626;2428
1626;1430
1626;2595
1626;2583
1627;2479
1627;1783
1627;2342
1628;2778
1629;2597
1629;2659
1630;49
1630;1556
1630;1267
1631;1656
1631;1520
1631;1850
1632;2695
1632;1792
1632;2008
1633;1936
1633;2031
1634;2698
1634;2702
1635;2374
1636;2245
1636;2376
1637;1857
1637;1979
1637;1457
1637;2104
1637;454
1638;2350
1638;2537
1639;1961
1639;2315
1639;1320
1640;2689
1640;2269
1640;542
1641;1496
1642;2684
1642;2736
1643;2077
1643;2312
1644;2285
1644;2098
1645;1881
1646;2234
1647;2096
1647;2540
1647;309
1647;1481
1648;2767
1648;2499
1648;2707
1649;2558
1649;2595
1649;2428
1649;1982
1650;2624
1650;1025
1650;238
1650;1139
1650;886
1651;1995
1651;2686
1651;2780
1651;1906
1651;1421
1652;1683
1652;2486
1652;2366
1652;2738
1653;2298
1654;376
1654;2529
1655;2589
1656;1520
1656;1874
1657;2043
1657;1829
1657;2755
1657;2752
1657;1908
1658;644
1658;451
1658;1456
1658;291
1658;2769
1659;1972
1659;343
1659;1347
1660;2211
1660;504
1660;1759
1661;2510
1661;1456
1661;2213
1662;2116
1662;599
1663;1779
1663;2148
1664;121
1664;725
1665;2094
1665;2730
1666;1734
1666;2482
1666;2375
1667;2714
1667;763
1668;1874
1668;2777
1669;2471
1669;2542
1670;2747
1670;2302
1670;2565
1670;1238
1671;2010
1671;1249
1671;1179
1672;2733
1672;2214
1673;2268
1673;1736
1673;15
1674;2286
1674;2760
1674;227
1675;2709
1676;1711
1676;2046
1676;2449
1677;2712
1677;2105
1677;2548
1678;2320
1678;1164
1678;2201
1678;1594
1679;2333
1679;1114
1680;2460
1680;2065
1680;2338
1681;2426
1681;1854
1681;2680
1681;2736
1682;2768
1682;2776
1683;2486
1683;2366
1683;2738
1684;2083
1685;2093
1685;407
1685;1122
1686;2539
1687;2633
1688;2106
1688;1317
1689;2423
1689;2314
1690;2441
1691;2217
1691;1996
1691;968
1692;1317
1692;1262
1693;2629
1694;2177
1694;1
1694;1230
1695;1696
1695;1977
1695;74
1695;847
1696;1977
1697;2612
1697;2545
1697;312
1698;2476
1698;1461
1698;332
1699;2701
1699;2580
1700;2626
1701;1747
1701;81
1702;2738
1702;1074
1703;2779
1703;1634
1703;2702
1703;1274
1703;2750
1704;2346
1704;1825
1704;2424
1705;2183
1705;1791
1705;2380
1706;2101
1706;2595
1706;1563
1707;2232
1707;1743
1707;2119
1707;2737
1708;2186
1708;555
1708;2040
1709;2246
1709;2412
1709;1302
1709;1620
1710;1915
1710;2377
1711;2046
1711;1593
1712;2039
1713;1830
1713;2520
1714;2155
1714;2038
1714;2519
1715;2724
1716;2239
1717;2528
1718;1790
1718;2274
1718;1118
1719;2171
1719;1937
1720;1290
1720;1832
1720;2297
1721;2718
1721;1035
1722;1904
1722;2658
1722;1476
1723;109
1723;2274
1723;1126
1724;1918
1725;2365
1726;1923
1726;2408
1726;1632
1727;2467
1727;2761
1727;2236
1727;1511
1728;1970
1728;2570
1728;2581
1728;2515
1729;2225
1729;1858
1730;2776
1730;1188
1730;895
1731;2260
1731;1926
1732;2151
1732;122
1732;112
1732;142
1733;2112
1733;1330
1733;1751
1734;2487
1734;2375
1735;2573
1736;2268
1736;2447
1736;2064
1737;2698
1738;2676
1738;2761
1738;482
1738;2312
1739;1771
1739;1784
1740;2673
1740;475
1740;537
1740;2797
1741;2541
1741;2296
1741;2427
1742;2177
1742;1008
1742;888
1743;2232
1743;2737
1743;2119
1744;2521
1744;2108
1744;1829
1744;1657
1746;2587
1746;2575
1746;454
1746;1931
1746;2745
1747;2266
1747;1983
1747;2543
1748;1892
1748;2321
1749;1809
1749;2353
1749;1624
1749;497
1751;1801
1751;2655
1751;2112
1752;2327
1752;2561
1752;894
1753;2707
1753;1505
1753;311
1754;2304
1754;709
1755;2457
1755;2009
1755;16
1756;2087
1756;2250
1756;2202
1756;340
1757;37
1757;1852
1757;718
1757;1210
1758;2742
1759;1771
1759;1739
1759;496
1759;689
1759;2703
1760;2099
1762;2448
1762;2051
1762;1455
1762;2179
1763;2464
1763;2345
1763;2003
1763;1142
1764;1851
1765;2568
1765;150
1766;2666
1766;1768
1766;660
1767;2693
1767;2581
1768;2133
1768;1013
1769;2026
1770;2302
1770;174
1770;1551
1770;25
1771;1822
1772;2726
1772;2668
1772;2066
1772;900
1773;2133
1773;660
1773;1766
1774;2068
1774;2353
1774;2287
1775;2386
1775;1968
1775;1145
1776;2376
1776;980
1777;1628
1777;1398
1779;2148
1780;2134
1780;1575
1780;74
1781;2091
1782;2707
1782;2473
1782;2608
1783;2479
1783;1967
1784;2386
1785;1928
1785;2197
1786;2205
1786;2591
1786;121
1787;2468
1787;1797
1788;2263
1788;1866
1789;2107
1789;632
1790;2274
1790;109
1791;2380
1791;1293
1791;2183
1792;1813
1792;2695
1793;2379
1793;2172
1794;1913
1794;630
1794;1359
1794;1112
1795;2283
1795;1031
1796;2340
1796;1853
1797;2380
1797;2468
1798;2113
1798;2358
1798;223
1799;608
1799;1942
1800;2330
1800;2569
1800;2293
1801;2112
1802;1891
1802;2456
1802;1879
1802;2472
1802;1225
1803;2490
1803;1597
1803;2564
1804;2190
1804;1061
1804;2293
1804;2317
1805;1868
1805;1811
1805;2413
1805;1044
1805;1655
1806;1887
1806;193
1806;1094
1806;2531
1806;512
1807;2072
1807;2168
1807;187
1808;1910
1809;2353
1809;497
1810;2424
1810;2346
1810;946
1811;1868
1811;2413
1811;1191
1812;2224
1812;2181
1812;1976
1812;2219
1813;1632
1814;2663
1814;1943
1815;2129
1815;2384
1815;2535
1815;543
1815;1331
1816;2685
1816;363
1817;1918
1817;2145
1817;2722
1818;2578
1818;2348
1818;2148
1818;1961
1818;1779
1819;2294
1819;2443
1819;858
1820;2166
1821;1172
1821;564
1821;1003
1822;1739
1823;850
1823;1304
1824;2336
1824;2149
1825;2156
1825;2782
1826;2552
1827;1842
1827;2677
1827;2626
1828;2546
1828;2723
1828;2337
1829;2043
1829;1174
1829;1947
1829;2755
1830;2520
1830;447
1831;2322
1831;1042
1831;1882
1831;1378
1832;2297
1833;2222
1833;2143
1834;2797
1834;2673
1835;2619
1835;2625
1836;2024
1836;1796
1837;1867
1837;1228
1837;127
1838;2657
1838;1208
1839;2003
1839;2345
1839;2464
1839;2230
1840;2714
1840;2200
1840;140
1840;1406
1841;1855
1841;2558
1842;2194
1842;1124
1843;2484
1843;2682
1843;2005
1844;2233
1844;2132
1844;1954
1844;1911
1845;1287
1846;2651
1846;1902
1846;1849
1846;1959
1847;2286
1847;2760
1848;1934
1848;2395
1848;1102
1849;2373
1849;1902
1850;2551
1850;610
1852;1296
1852;1909
1853;2340
1853;2372
1854;2426
1854;2434
1855;607
1856;2055
1856;2259
1857;1979
1857;2391
1857;445
1858;1909
1859;2121
1859;2236
1860;2444
1860;1221
1860;507
1861;2062
1861;1055
1861;16
1861;2775
1862;2646
1863;2415
1863;2524
1863;79
1864;2588
1865;2563
1866;2445
1866;373
1867;948
1868;2413
1868;1655
1869;2441
1869;2617
1869;571
1869;300
1870;2336
1870;2149
1870;1879
1871;1989
1871;2332
1871;528
1872;2582
1872;2217
1873;244
1874;1520
1874;1047
1875;2331
1875;2090
1875;1935
1875;2267
1875;2314
1876;2268
1876;22
1876;1736
1877;2354
1878;1642
1878;2684
1878;204
1878;2334
1879;2456
1879;1891
1880;513
1882;2097
1882;2658
1882;2220
1883;1939
1883;378
1883;1394
1884;2543
1884;1925
1884;2263
1885;1270
1885;2561
1886;2325
1886;1695
1886;62
1887;2545
1887;2612
1887;1697
1888;2640
1888;284
1888;522
1889;2462
1889;107
1889;364
1890;1932
1890;626
1890;1484
1890;2131
1891;2456
1891;2472
1892;2321
1893;2143
1893;792
1893;2666
1894;2641
1894;2740
1894;2635
1895;1627
1895;2342
1896;1993
1896;2496
1897;2764
1897;2412
1898;2208
1898;2430
1899;2210
1900;2319
1900;2392
1900;2474
1901;2466
1901;1410
1902;1959
1902;2651
1902;1219
1903;2618
1903;2728
1903;1251
1903;2242
1904;2658
1904;2220
1905;855
1905;2240
1905;637
1905;742
1906;2686
1907;2358
1907;2113
1907;1733
1908;2752
1908;1493
1908;2566
1908;2518
1908;2043
1910;2327
1911;2132
1911;2187
1912;79
1912;1863
1913;630
1913;2189
1913;1299
1914;2787
1914;1946
1914;2463
1915;2281
1915;1335
1915;1307
1916;2007
1916;2699
1916;1083
1917;2050
1917;248
1917;1173
1917;1306
1918;2145
1918;2722
1919;2711
1919;2004
1919;1512
1919;2786
1919;2307
1920;2459
1920;2237
1920;1569
1921;2235
1921;2594
1921;1575
1921;1938
1922;1987
1922;2579
1922;582
1923;2408
1923;1181
1924;1956
1924;2020
1925;2543
1926;2260
1926;2690
1926;2531
1927;1876
1927;2146
1927;356
1928;2197
1929;2012
1930;2165
1930;1957
1931;2587
1931;2104
1931;2401
1931;1462
1932;1975
1932;32
1933;2151
1933;2178
1933;1014
1934;2395
1934;1397
1934;2732
1935;2314
1935;2423
1935;1080
1936;2031
1936;2219
1936;2181
1937;2206
1938;2160
1938;2620
1938;2322
1940;1582
1940;2036
1940;394
1941;2457
1941;574
1941;306
1942;1880
1943;1387
1943;2663
1944;1793
1944;654
1945;2063
1945;1950
1945;780
1946;2463
1947;2114
1947;2199
1947;2727
1947;358
1948;1957
1948;2165
1949;147
1949;431
1950;2086
1950;2478
1952;2655
1952;2516
1952;2352
1952;724
1953;736
1953;1309
1953;380
1954;2233
1954;2416
1955;2084
1955;2661
1955;890
1955;712
1956;133
1956;646
1956;767
1957;2165
1957;2421
1958;2514
1958;1061
1958;2190
1958;511
1959;2355
1959;2651
1960;2241
1960;2397
1960;2562
1961;2578
1961;2348
1961;2381
1962;2072
1962;2377
1963;2615
1963;2006
1963;1406
1963;1006
1964;2697
1965;2750
1965;2005
1965;1274
1965;2484
1967;2479
1968;2667
1969;2342
1969;1460
1970;2570
1970;2430
1971;2303
1971;1988
1972;2503
1972;1347
1973;2791
1973;794
1973;1971
1974;2080
1974;746
1975;2131
1976;2418
1976;2181
1977;227
1978;2301
1978;1295
1979;445
1979;550
1980;2100
1980;2436
1980;426
1981;2740
1981;73
1982;2089
1982;2652
1982;1248
1983;2266
1983;2341
1984;1939
1985;2284
1985;1996
1985;2066
1986;2103
1986;2797
1986;129
1986;1834
1987;2579
1988;2027
1988;592
1989;2332
1989;2469
1990;2244
1991;2483
1991;2323
1991;1536
1991;2631
1992;582
1992;2503
1992;2566
1993;1343
1993;2063
1994;2251
1994;2140
1994;2778
1995;2686
1995;2684
1995;1906
1996;2284
1997;2252
1998;2037
1998;2722
1998;553
1999;2765
1999;2654
2000;2278
2000;576
2001;2670
2001;2447
2001;2064
2002;2021
2002;2512
2002;2724
2002;2038
2003;2345
2003;2464
2004;2711
2004;2786
2004;2307
2005;2750
2005;2779
2006;2615
2007;2699
2008;2695
2008;2300
2009;2457
2011;159
2013;292
2013;1372
2014;2270
2014;2204
2015;1700
2015;2321
2015;1892
2015;1554
2015;1564
2016;1737
2016;1562
2017;2150
2017;2033
2017;2185
2018;2333
2018;1559
2019;2632
2019;2753
2020;462
2021;2724
2021;2519
2021;2038
2022;1874
2022;2343
2022;1668
2023;2035
2023;2228
2024;720
2025;2551
2025;2576
2025;809
2026;1283
2027;1971
2028;2756
2028;2203
2028;1332
2029;2152
2029;1500
2030;2218
2030;2076
2030;2163
2031;2417
2031;2071
2031;2182
2032;2777
2032;2497
2032;2420
2032;1668
2033;2150
2033;325
2033;166
2034;2496
2035;2248
2036;2356
2036;2215
2036;2127
2037;2722
2037;1817
2038;2519
2040;44
2040;572
2041;2279
2041;1527
2042;2607
2043;2755
2043;2752
2044;2370
2044;1073
2044;2238
2044;2254
2045;1965
2045;2750
2045;2005
2045;1052
2046;1593
2046;559
2047;300
2047;518
2047;846
2048;2495
2048;2422
2048;287
2049;2402
2049;2377
2050;2639
2050;2204
2050;1173
2051;2448
2051;2179
2053;2100
2054;2290
2054;188
2055;2259
2055;149
2055;907
2056;2768
2056;1088
2056;1163
2056;967
2057;2535
2057;2129
2058;562
2058;1038
2059;2446
2059;2371
2059;2450
2060;2102
2060;2530
2060;556
2061;1639
2061;889
2061;1320
2062;16
2062;1055
2062;200
2063;1896
2064;2447
2064;2366
2065;2460
2065;1098
2066;2668
2066;2726
2067;2490
2068;2353
2068;2403
2069;2105
2069;2184
2071;2182
2071;2417
2071;2418
2071;2174
2073;2189
2074;2621
2075;2758
2075;308
2075;2613
2076;2523
2076;2313
2076;1419
2077;2432
2078;2432
2078;555
2079;2292
2080;746
2081;2026
2081;1315
2081;1281
2082;2109
2082;434
2082;1846
2083;2206
2084;2661
2084;712
2084;890
2085;1901
2086;2478
2087;2202
2087;2250
2088;2614
2088;2144
2088;2710
2089;2652
2089;1248
2089;1649
2090;2267
2090;2390
2090;2331
2091;2124
2092;2515
2092;99
2093;4
2093;350
2095;2189
2095;2073
2095;2588
2096;2540
2097;2021
2097;2658
2097;1476
2098;2285
2099;229
2100;2436
2101;13
2101;2671
2102;2530
2102;2410
2102;733
2103;2797
2103;2673
2103;2469
2104;2587
2104;2575
2104;1462
2104;1085
2105;2184
2106;337
2107;1363
2107;2155
2108;2521
2108;1829
2108;830
2109;434
2109;1710
2110;2352
2110;667
2111;2158
2111;2187
2111;162
2113;2358
2113;2539
2114;2199
2114;2727
2114;2249
2115;2364
2115;1218
2115;324
2116;599
2117;2175
2117;2119
2117;1707
2117;2404
2118;1688
2118;1262
2118;1692
2119;2232
2120;108
2120;602
2122;1508
2122;871
2123;837
2123;1025
2124;775
2125;2470
2125;2512
2126;2371
2126;2446
2126;2059
2127;2706
2127;2215
2128;2223
2128;1460
2129;2176
2129;2616
2129;2384
2130;741
2130;859
2130;1579
2132;2187
2132;2233
2133;2607
2134;2594
2134;2235
2135;2492
2135;716
2135;2106
2136;1646
2136;1121
2137;2630
2137;2138
2138;2564
2138;2630
2139;2775
2140;2773
2140;1398
2140;2778
2141;2525
2141;2511
2142;158
2142;292
2142;2385
2143;2666
2143;2222
2144;2614
2144;2710
2144;171
2145;2722
2146;2622
2146;2305
2147;2226
2147;2371
2147;2059
2148;2348
2148;314
2149;2336
2150;969
2150;2185
2151;142
2152;2419
2152;2200
2153;1188
2153;2007
2155;2038
2155;1363
2155;873
2156;2390
2156;2782
2156;2267
2157;2554
2157;446
2158;2187
2159;2295
2159;2544
2159;2509
2159;2656
2159;717
2160;2322
2160;1921
2160;1150
2161;2481
2161;2298
2162;2450
2162;2339
2162;1342
2163;2586
2163;2218
2163;2281
2164;2660
2164;170
2166;1154
2167;2440
2167;2201
2167;1655
2168;2233
2168;566
2169;2397
2169;2649
2170;2229
2170;2445
2172;2675
2173;1067
2173;963
2173;2565
2174;2182
2174;1027
2174;1119
2175;2473
2175;2608
2175;152
2176;2616
2176;1030
2176;436
2176;2642
2177;1389
2178;51
2178;2151
2179;2662
2179;595
2181;2219
2181;2224
2182;2417
2182;2418
2183;2380
2186;555
2186;2078
2186;572
2187;2725
2188;2641
2190;833
2191;2356
2191;2180
2191;2444
2192;1358
2193;2389
2193;2349
2193;907
2193;603
2194;2677
2196;169
2198;2643
2198;2299
2199;2665
2200;964
2200;140
2201;2440
2203;2756
2203;2535
2204;2270
2204;113
2205;2591
2206;1719
2207;679
2207;2541
2207;2258
2207;391
2208;2430
2209;2344
2209;614
2210;2351
2211;374
2212;2110
2212;825
2212;2352
2212;724
2213;451
2213;2510
2214;2733
2215;2251
2215;1777
2218;2586
2219;1325
2220;2658
2220;1722
2221;609
2221;2799
2221;954
2221;449
2222;2560
2224;1976
2224;2219
2225;2131
2225;626
2225;32
2226;2534
2226;752
2227;2723
2227;1563
2227;979
2228;2669
2229;2445
2230;2458
2230;310
2231;2265
2231;2681
2231;2743
2232;2737
2234;2305
2234;547
2234;1409
2235;2594
2236;1339
2236;210
2237;2459
2237;1277
2237;2716
2238;2385
2238;2254
2239;634
2240;2396
2240;1471
2240;1272
2240;588
2240;2317
2241;2397
2241;2169
2241;1080
2242;836
2242;2172
2242;1127
2243;2502
2243;2283
2243;1795
2244;2382
2244;2312
2245;2461
2245;409
2246;2412
2246;2451
2246;328
2247;2517
2247;2650
2248;2628
2249;2727
2249;2199
2250;2734
2251;2778
2251;1628
2251;1398
2252;474
2252;2715
2254;2610
2255;2427
2255;2296
2257;2599
2257;2342
2257;1895
2258;2323
2258;2483
2258;2541
2258;1536
2259;371
2260;2531
2261;2288
2261;2311
2262;2730
2263;1866
2264;2550
2264;2699
2265;2681
2266;2341
2267;2390
2267;2331
2269;2630
2269;2307
2271;753
2271;1675
2272;2572
2273;1716
2273;1495
2273;1078
2274;532
2274;310
2275;91
2275;1601
2275;2590
2275;1990
2275;135
2276;2393
2276;622
2276;2669
2277;2601
2277;2381
2278;679
2279;2476
2279;1698
2280;2239
2280;634
2281;2586
2281;2373
2282;2374
2282;63
2283;1410
2283;1031
2285;403
2286;2760
2287;2549
2287;2403
2288;2311
2288;894
2289;2632
2289;947
2291;2721
2291;2717
2291;2436
2291;2454
2293;2569
2294;2443
2294;11
2294;858
2295;2544
2295;2509
2295;2248
2296;2427
2296;1151
2296;576
2301;1295
2301;1239
2303;2357
2303;2716
2304;2196
2305;1646
2305;1121
2306;2501
2306;472
2307;2786
2307;2630
2308;2770
2308;150
2308;2568
2309;2534
2309;1272
2310;1894
2310;2489
2310;2740
2311;2719
2312;2382
2312;86
2313;2523
2314;2423
2315;785
2315;645
2316;2636
2316;2333
2317;2429
2317;2396
2318;727
2318;1446
2318;735
2319;2731
2319;2474
2319;2392
2319;544
2320;2201
2320;1543
2322;1239
2323;2483
2324;149
2325;1695
2325;2620
2325;62
2326;2553
2327;2561
2327;697
2328;1901
2328;1522
2329;2536
2329;2765
2329;1999
2329;324
2330;2569
2330;2293
2331;2390
2331;1198
2332;2469
2332;1899
2334;2686
2334;2408
2334;1906
2334;1181
2335;2702
2335;1492
2335;1634
2335;1703
2337;2546
2337;2748
2337;979
2338;2696
2338;2437
2339;309
2339;2450
2341;1747
2342;2599
2343;2400
2345;2464
2346;2424
2348;2578
2348;1779
2349;1856
2349;2055
2350;2537
2352;2793
2353;797
2354;1472
2355;2310
2355;1902
2355;138
2357;2716
2358;2539
2359;2669
2359;943
2359;1132
2360;2438
2360;996
2360;857
2360;1839
2361;2438
2361;670
2362;1630
2362;640
2362;173
2363;2769
2363;2505
2364;2527
2365;1690
2366;2738
2366;2447
2367;20
2368;2739
2368;2700
2368;2743
2369;2788
2369;437
2369;2247
2369;2405
2370;2671
2370;1453
2371;2446
2372;1796
2372;720
2372;2340
2372;396
2374;1999
2375;2487
2375;2482
2377;2072
2377;1335
2378;2634
2378;1625
2379;654
2380;2468
2381;26
2381;247
2382;135
2383;2197
2384;317
2385;2610
2386;2744
2387;192
2387;599
2387;2633
2387;2116
2388;2562
2388;491
2388;1960
2389;907
2389;2349
2391;2575
2392;2474
2392;2731
2393;2669
2394;2622
2394;1524
2395;1397
2396;2429
2397;491
2398;2577
2398;2549
2398;838
2398;2403
2399;1454
2400;1731
2401;415
2401;665
2402;2674
2403;2549
2403;838
2404;1394
2404;472
2404;1984
2405;2697
2405;2788
2405;1551
2405;437
2406;1137
2406;959
2406;1508
2410;345
2410;2567
2411;2621
2411;2606
2412;2764
2414;835
2414;1237
2414;1055
2415;2524
2416;2751
2416;1844
2416;2132
2417;2418
2417;1976
2420;2497
2420;2777
2420;1520
2421;1948
2421;93
2421;293
2421;1825
2422;383
2422;1475
2424;116
2424;1690
2425;711
2425;1298
2425;2515
2426;2736
2426;2680
2427;455
2427;576
2428;2595
2428;2558
2430;2570
2431;2482
2433;737
2434;1681
2434;2426
2435;1193
2435;394
2436;2454
2436;818
2437;2674
2437;2696
2438;857
2439;516
2439;2759
2439;2785
2440;1416
2442;2783
2442;1170
2442;1664
2443;858
2444;2180
2446;2450
2448;1455
2448;1848
2451;2412
2452;306
2452;390
2453;2598
2453;295
2453;696
2454;2721
2454;1005
2455;2555
2455;2089
2455;2652
2456;2472
2457;320
2457;16
2458;1839
2459;419
2459;1673
2461;1614
2462;107
2462;1579
2463;885
2464;996
2465;2771
2465;2556
2466;1410
2466;1108
2467;2761
2467;482
2467;1511
2469;1899
2470;632
2471;1075
2472;42
2473;2608
2473;2763
2474;2731
2476;332
2477;2683
2477;2478
2478;2746
2481;167
2481;1049
2483;1536
2483;2631
2484;2682
2484;1353
2485;2557
2485;739
2486;2366
2486;2305
2488;2262
2488;2730
2488;2700
2489;1034
2489;2635
2490;2564
2490;1597
2491;2020
2491;1022
2491;1633
2491;88
2492;729
2493;2772
2494;156
2494;2388
2494;39
2497;2777
2497;1520
2498;1845
2498;306
2499;2767
2499;284
2500;2646
2500;2663
2501;2689
2501;1640
2502;2335
2502;180
2503;1659
2504;2560
2504;1205
2505;2792
2505;307
2505;1046
2506;1956
2506;2492
2506;462
2507;2562
2507;2794
2507;289
2508;1040
2509;2544
2509;2710
2509;717
2510;1456
2511;2525
2511;88
2512;2724
2513;2280
2516;2655
2517;2650
2517;437
2517;714
2518;2566
2518;2752
2518;1922
2519;1558
2521;312
2522;2640
2523;2030
2526;2571
2526;888
2528;2683
2528;1234
2528;1279
2529;2531
2529;1926
2529;2260
2529;956
2530;2552
2531;2690
2532;2656
2532;2773
2532;475
2533;2690
2534;1261
2534;2147
2535;2129
2536;2765
2536;1999
2537;225
2538;2627
2538;869
2538;807
2538;157
2540;1481
2540;1244
2541;1151
2544;2248
2545;2612
2545;312
2545;1428
2546;2748
2547;2780
2548;2712
2548;1395
2548;12
2550;507
2550;2699
2550;1404
2552;733
2553;2526
2553;1211
2555;453
2555;2652
2556;2771
2556;1350
2556;2580
2556;875
2557;1908
2558;2595
2559;1200
2559;525
2559;966
2560;1833
2561;2605
2565;2747
2566;2752
2567;2692
2567;2623
2568;2770
2572;264
2574;2383
2574;1468
2576;545
2578;2148
2580;2701
2580;2771
2581;2693
2581;243
2582;1510
2584;1735
2584;1333
2584;170
2585;593
2587;2575
2592;2691
2592;2694
2593;2399
2596;1675
2596;992
2596;1070
2597;353
2597;2644
2597;892
2598;1328
2598;1507
2599;1895
2600;2735
2600;83
2601;2522
2601;893
2602;1653
2602;514
2603;2525
2603;1248
2603;2428
2603;2141
2604;2590
2604;989
2604;30
2604;1190
2605;2781
2605;1885
2606;417
2607;617
2608;2763
2610;1453
2610;2238
2611;745
2611;994
2613;457
2613;2691
2613;557
2614;2710
2616;2642
2617;340
2617;2202
2618;1251
2618;2242
2618;2728
2620;1921
2620;2235
2622;2305
2623;2692
2624;1025
2624;238
2624;1139
2625;2619
2627;2749
2627;2149
2628;2035
2628;717
2629;388
2629;1571
2631;1566
2632;2753
2632;728
2634;2734
2634;2250
2637;784
2638;2665
2638;603
2639;1917
2639;8
2639;2204
2639;1173
2640;113
2641;2740
2643;366
2643;866
2644;1168
2645;1764
2645;2717
2645;448
2647;1732
2647;150
2648;1115
2648;2754
2648;1835
2648;1488
2649;464
2650;714
2652;1248
2652;440
2653;39
2653;1207
2653;156
2654;2765
2654;2364
2656;2295
2657;220
2657;1424
2659;181
2659;2594
2660;170
2661;267
2663;2646
2663;23
2664;909
2664;485
2664;1826
2667;2719
2668;2726
2670;2366
2670;925
2670;2447
2672;2212
2672;2110
2672;960
2673;2797
2673;952
2674;2696
2675;2728
2676;2077
2676;1643
2676;154
2676;2761
2678;2782
2678;2688
2678;935
2679;2565
2680;2736
2680;2757
2680;557
2681;2743
2681;2739
2682;1353
2683;1234
2685;481
2685;897
2688;226
2688;2782
2689;2564
2691;2694
2694;2757
2700;2739
2700;2743
2700;195
2701;1491
2702;642
2703;1739
2703;496
2703;1771
2704;1791
2704;636
2705;1037
2705;7
2707;2767
2711;2786
2711;1512
2711;2307
2712;201
2713;2637
2714;919
2715;249
2715;1997
2715;1221
2717;448
2718;1832
2719;1968
2719;2288
2721;2717
2721;448
2721;1851
2725;2579
2725;1375
2728;1251
2729;2794
2729;418
2731;1900
2732;2395
2733;299
2734;1756
2734;985
2735;2223
2735;1460
2737;1984
2738;925
2739;2743
2740;1034
2741;2764
2741;328
2741;913
2741;1897
2741;903
2744;1784
2744;211
2744;410
2745;2769
2745;291
2745;1456
2746;2086
2747;963
2748;1828
2749;2149
2750;2779
2753;728
2755;2752
2755;1908
2756;650
2756;1332
2757;1559
2758;303
2758;335
2759;2785
2759;1216
2759;224
2762;1286
2762;342
2763;657
2763;2601
2766;700
2766;1772
2770;569
2770;1606
2772;90
2773;1628
2774;143
2778;1470
2779;1843
2780;1596
2780;1906
2780;1421
2781;2561
2784;991
2786;2269
2786;2630
2787;1946
2788;2247
2788;258
2789;817
2790;165
2790;2696
2790;2437
2790;2674
2791;1567
2792;2645
2792;1676
2795;2137
2795;1753
2796;349
2796;2099
2796;1760
2797;952
2800;1892
2800;2321
2800;1554
2800;758
2800;2015
2801;477
2801;1185
2801;1876
2801;2268
2801;251
2802;2171
2802;799
2802;1569
2802;1719
2802;69
2803;1227
2803;1405
2803;2179
2803;1586
2803;1937
2804;365
2804;1417
2804;2286
2804;2760
2804;708
2805;385
2805;1554
2805;1927
2805;758
2805;1892
2806;353
2806;2659
2806;1180
2806;2594
2806;764
2807;1160
2807;124
2807;1074
2807;844
2807;1426
2808;85
2808;925
2808;2670
2808;1026
2808;958
2809;708
2809;1417
2809;1503
2809;126
2809;9
2810;1564
2810;1429
2810;1437
2810;1864
2810;1124
2811;356
2811;2146
2811;2305
2811;2486
2811;1146
2812;126
2812;708
2812;2760
2812;1308
2812;2804
2813;2237
2813;1580
2813;1133
2813;1277
2813;9
2814;547
2814;2234
2814;1409
2814;1646
2814;1121
2815;1146
2815;2622
2815;2146
2815;2394
2815;1927
2816;2321
2816;2800
2816;2015
2816;1892
2816;327
2817;214
2817;1040
2817;2508
2817;787
2817;2807
2818;2808
2818;85
2818;1417
2818;925
2818;365
2819;1169
2819;275
2819;467
2819;1108
2819;53
2820;2268
2820;1736
2820;22
2820;1673
2820;15
2821;386
2821;1603
2821;417
2821;2074
2821;2606
2822;2820
2822;1673
2822;2268
2822;1736
2822;15
2823;214
2823;2817
2823;151
2823;1438
2823;1040
2824;62
2824;1696
2824;1977
2824;847
2824;74
2825;844
2825;1629
2825;1426
2825;2659
2825;1180
2826;395
2826;583
2826;2194
2826;1842
2826;1501
2827;1684
2827;2083
2827;1436
2827;2206
2827;251
2828;2234
2828;1121
2828;1646
2828;2814
2828;2305
2829;2305
2829;356
2829;2234
2829;2486
2829;2811
2830;2070
2830;96
2830;69
2830;883
2830;1014
2831;1169
2831;2819
2831;467
2831;275
2831;53
2832;1736
2832;15
2832;2447
2832;2064
2832;22
2833;2825
2833;844
2833;1426
2833;124
2833;2807
2834;2802
2834;1569
2834;2171
2834;799
2834;69
2835;958
2835;2366
2835;2670
2835;2738
2835;925
2836;1146
2836;2815
2836;2622
2836;2146
2836;2394
2837;1521
2837;163
2837;239
2837;2732
2837;758
2838;2810
2838;1437
2838;1429
2838;1564
2838;1864
2839;386
2839;1603
2839;2821
2839;2606
2839;417
2840;2439
2840;990
2840;516
2840;823
2840;1827
2841;891
2841;1549
2841;2411
2841;271
2841;2606
2842;2732
2842;239
2842;2837
2842;1521
2842;163
2843;2803
2843;1227
2843;594
2843;1937
2843;1086
2844;1040
2844;787
2844;2817
2844;214
2844;1074
2845;787
2845;2508
2845;2486
2845;1683
2845;1652
2846;2303
2846;1971
2846;921
2846;883
2846;592
2847;1503
2847;2813
2847;1580
2847;2237
2847;2001
2848;1108
2848;987
2848;1031
2848;1410
2848;2466
2849;2732
2849;2827
2849;1521
2849;2842
2849;1684
2850;1474
2850;641
2850;1084
2850;2704
2850;2824
2851;2508
2851;1388
2851;1183
2851;197
2851;2817
2852;2206
2852;1436
2852;1937
2852;1405
2852;2662
2853;1161
2853;2231
2853;2681
2853;2265
2853;271
2854;2760
2854;2812
2854;2286
2854;48
2854;1674
2855;1842
2855;1124
2855;2810
2855;1827
2855;1437
2856;1988
2856;2027
2856;1971
2856;794
2856;1308
2857;921
2857;883
2857;2846
2857;1973
2857;1971
2858;2816
2858;2321
2858;2015
2858;2800
2858;1892
2859;2805
2859;1554
2859;385
2859;2015
2859;2800
2860;2626
2860;1524
2860;573
2860;1111
2860;1124
2861;2606
2861;386
2861;2411
2861;2839
2861;891
2862;2015
2862;2858
2862;2816
2862;1700
2862;1564
2863;2670
2863;2808
2863;2835
2863;958
2863;925
2864;2074
2864;417
2864;467
2864;2621
2864;197
2865;891
2865;2841
2865;2411
2865;2621
2865;151
2866;2811
2866;356
2866;2146
2866;1927
2866;22
2867;214
2867;2844
2867;1040
2867;2817
2867;2807
2868;2866
2868;1927
2868;22
2868;1876
2868;385
2869;1388
2869;1183
2869;2851
2869;197
2869;2831
2870;1988
2870;1308
2870;2856
2870;592
2870;2027
2871;1124
2871;573
2871;2626
2871;2855
2871;2860
2872;227
2872;1514
2872;1674
2872;1534
2872;847
2873;2823
2873;214
2873;151
2873;2867
2873;2817
2874;1827
2874;516
2874;1842
2874;990
2874;2677
2875;1474
2875;2850
2875;641
2875;2704
2875;48
2876;2825
2876;2833
2876;764
2876;2659
2876;1629
2877;2858
2877;2862
2877;2816
2877;2321
2877;2015
2878;1586
2878;1032
2878;560
2878;2843
2878;2803
2879;2865
2879;891
2879;2841
2879;2621
2879;151
2880;1613
2880;2394
2880;2814
2880;1409
2880;2622
2881;2146
2881;2836
2881;2305
2881;2811
2881;2622
2882;1524
2882;2860
2882;1111
2882;990
2882;2626
2883;1920
2883;2459
2883;419
2883;2834
2883;2237
2884;1549
2884;2644
2884;151
2884;1168
2884;2841
2885;2875
2885;1474
2885;48
2885;2854
2885;2850
2886;1438
2886;2644
2886;151
2886;2873
2886;1629
2887;2074
2887;2864
2887;2848
2887;1108
2887;467
2888;2305
2888;2814
2888;2234
2888;2828
2888;2881
2889;787
2889;1702
2889;1040
2889;2844
2889;2738
2890;2845
2890;2508
2890;2851
2890;2234
2890;787
2891;2837
2891;239
2891;2842
2891;163
2891;1521
2892;163
2892;758
2892;1892
2892;1554
2892;2837
2893;2357
2893;1277
2893;1133
2893;2303
2893;2716
2894;2872
2894;227
2894;74
2894;847
2894;1534
2895;2732
2895;2849
2895;2842
2895;595
2895;239
2896;595
2896;2662
2896;2895
2896;2849
2896;2732
2897;2892
2897;758
2897;163
2897;2837
2897;1521
2898;1417
2898;2804
2898;2809
2898;365
2898;708
2899;1629
2899;1180
2899;2597
2899;353
2899;2886
2900;2486
2900;2845
2900;2890
2900;1652
2900;1683
2901;2015
2901;1700
2901;2862
2901;2859
2901;1111
2902;2835
2902;2670
2902;2366
2902;958
2902;2863
2903;2874
2903;516
2903;1827
2903;2677
2903;1842
2904;1971
2904;921
2904;2846
2904;592
2904;2856
2905;467
2905;2864
2905;2887
2905;2074
2905;1169
2906;2802
2906;2834
2906;2171
2906;799
2906;1569
2907;2831
2907;53
2907;2869
2907;2819
2907;1169
2908;2659
2908;764
2908;2806
2908;1180
2908;353
2909;2870
2909;1308
2909;592
2909;9
2909;126
2910;2814
2910;547
2910;1409
2910;1613
2910;2888
2911;2858
2911;2816
2911;2877
2911;2321
2911;2862
2912;2892
2912;1892
2912;163
2912;758
2912;2897
2913;2872
2913;1534
2913;2894
2913;1674
2913;1847
2914;2869
2914;1183
2914;1388
2914;2907
2914;2831
2915;1613
2915;2622
2915;2881
2915;2888
2915;2836
2916;2237
2916;2459
2916;2813
2916;2847
2916;821
2917;2844
2917;2817
2917;2508
2917;787
2917;1040
2918;794
2918;2856
2918;2904
2918;2027
2918;1971
2919;2826
2919;1842
2919;395
2919;583
2919;2855
2920;2885
2920;48
2920;2875
2920;1674
2920;1514
2921;1524
2921;1111
2921;2860
2921;2882
2921;2626
2922;2856
2922;1988
2922;2870
2922;2027
2922;2918
2923;2880
2923;2910
2923;1409
2923;1613
2923;547
2924;1748
2924;163
2924;2912
2924;2321
2924;2892
2925;2830
2925;2070
2925;69
2925;96
2925;883
2926;1702
2926;1026
2926;1074
2926;925
2926;1040
2927;239
2927;2891
2927;2842
2927;2732
2927;2837
2928;2907
2928;2831
2928;53
2928;2136
2928;2914
2929;2136
2929;53
2929;1409
2929;105
2929;2819
2930;2809
2930;2898
2930;1417
2930;1503
2930;2863
2931;1795
2931;2283
2931;180
2931;105
2931;1410
2932;1988
2932;2922
2932;2856
2932;2870
2932;2027
2933;2849
2933;2895
2933;2732
2933;2896
2933;595
2934;1569
2934;2802
2934;2834
2934;2906
2934;1719
2935;2802
2935;2906
2935;2834
2935;2171
2935;2934
2936;2824
2936;1346
2936;62
2936;1886
2936;1084
2937;2912
2937;2892
2937;163
2937;1892
2937;2897
2938;2868
2938;2866
2938;22
2938;356
2938;1876
2939;2937
2939;2924
2939;2912
2939;2800
2939;2321
2940;2670
2940;2863
2940;2835
2940;958
2940;2902
2941;353
2941;2659
2941;2908
2941;1180
2941;2806
2942;1534
2942;1847
2942;470
2942;1780
2942;227
2943;2878
2943;1586
2943;1032
2943;560
2943;2843
2944;1629
2944;2825
2944;1438
2944;2899
2944;844
2945;2879
2945;2865
2945;2823
2945;2817
2945;2873
2946;1702
2946;925
2946;2926
2946;1026
2946;958
2947;2670
2947;2902
2947;2863
2947;2940
2947;2001
2948;365
2948;2804
2948;1417
2948;2898
2948;1847
2949;2811
2949;2829
2949;356
2949;2305
2949;2881
2950;2466
2950;987
2950;1901
2950;1603
2950;1441
2951;678
2951;1429
2951;1864
2951;2838
2951;1564
2952;1111
2952;2921
2952;1524
2952;1700
2952;2626
2953;799
2953;2171
2953;69
2953;2802
2953;2070
2954;2890
2954;2845
2954;2508
2954;2851
2954;2900
2955;2849
2955;2933
2955;1521
2955;2732
2955;2895
2956;1847
2956;2286
2956;365
2956;2948
2956;2804
2957;1971
2957;2904
2957;2922
2957;592
2957;2856
2958;2816
2958;2858
2958;2911
2958;2321
2958;2877
2959;2858
2959;2911
2959;2816
2959;2877
2959;2958
2960;2439
2960;2840
2960;990
2960;516
2960;823
2961;2923
2961;2880
2961;2910
2961;1409
2961;105
2962;2439
2962;2960
2962;2840
2962;990
2962;823
2963;96
2963;2070
2963;1518
2963;2953
2963;2480
2964;2885
2964;1308
2964;2932
2964;2027
2964;1988
2965;1429
2965;1564
2965;2838
2965;2810
2965;2951
2966;2064
2966;2447
2966;2832
2966;22
2966;15
2967;1518
2967;2480
2967;594
2967;1086
2967;1246
2968;1700
2968;1124
2968;2862
2968;2871
2968;1564
2969;22
2969;2938
2969;2868
2969;1736
2969;2832
2970;2411
2970;891
2970;2621
2970;417
2970;2865
2971;2924
2971;1748
2971;2939
2971;2937
2971;163
2972;2845
2972;2900
2972;2890
2972;2954
2972;2486
2973;2859
2973;2805
2973;385
2973;1927
2973;2901
2974;2901
2974;2952
2974;1700
2974;1111
2974;2015
2975;1417
2975;2930
2975;2898
2975;2818
2975;2808
2976;2805
2976;2973
2976;385
2976;2859
2976;1927
2977;592
2977;2909
2977;2357
2977;1133
2977;2893
2978;2859
2978;2800
2978;1892
2978;2973
2978;1554
2979;2831
2979;2819
2979;2928
2979;2907
2979;1169
2980;2929
2980;2136
2980;53
2980;1409
2980;105
2981;1146
2981;2815
2981;2836
2981;2622
2981;2146
2982;2885
2982;2920
2982;2875
2982;2964
2982;1474
2983;2873
2983;2823
2983;2867
2983;214
2983;1438
2984;2855
2984;2919
2984;1842
2984;1437
2984;2838
2985;708
2985;126
2985;2812
2985;2809
2985;2898
2986;2887
2986;2848
2986;987
2986;2466
2986;2950
2987;2234
2987;2828
2987;2900
2987;2305
2987;2829
2988;477
2988;1185
2988;2801
2988;251
2988;2268
2989;2810
2989;2838
2989;1564
2989;1437
2989;1429
2990;1554
2990;1892
2990;758
2990;2912
2990;2892
2991;1564
2991;2965
2991;2810
2991;1429
2991;2968
2992;2876
2992;2825
2992;2833
2992;2944
2992;2908
2993;2884
2993;1549
2993;1168
2993;2644
2993;2597
2994;2846
2994;2857
2994;921
2994;1971
2994;2904
2995;2644
2995;2884
2995;151
2995;1549
2995;2993
2996;2070
2996;2925
2996;2830
2996;69
2996;96
2997;1436
2997;2827
2997;2206
2997;2852
2997;1684
2998;2850
2998;2920
2998;2875
2998;1474
2998;2824
2999;2700
2999;2368
2999;2839
2999;2739
2999;1603
3000;1827
3000;516
3000;2874
3000;2903
3000;1842
3001;2873
3001;2983
3001;2823
3001;214
3001;2867
3002;2960
3002;2439
3002;990
3002;2962
3002;2840
3003;1185
3003;2988
3003;2801
3003;477
3003;2268
3004;2978
3004;2859
3004;2990
3004;1554
3004;1892
3005;1521
3005;2837
3005;2732
3005;2842
3005;2891
3006;2955
3006;2849
3006;2827
3006;1684
3006;2933
3007;2760
3007;2854
3007;2286
3007;1674
3007;48
3008;2850
3008;1474
3008;2875
3008;2998
3008;641
3009;1564
3009;2991
3009;2965
3009;1429
3009;2810
3010;2459
3010;821
3010;2916
3010;1920
3010;2883
3011;2439
3011;2962
3011;2960
3011;2840
3011;3002
3012;2974
3012;2952
3012;1111
3012;2901
3012;1700
3013;1426
3013;124
3013;844
3013;1160
3013;85
3014;883
3014;2846
3014;2994
3014;2857
3014;2925
3015;1549
3015;271
3015;2884
3015;1168
3015;2993
3016;1927
3016;2973
3016;2976
3016;385
3016;2859
3017;547
3017;1409
3017;1646
3017;2136
3017;1121
3018;3004
3018;2978
3018;2859
3018;2990
3018;1554
3019;1842
3019;2855
3019;1827
3019;3000
3019;2984
3020;2988
3020;477
3020;2801
3020;3003
3020;1185
3021;2760
3021;2812
3021;2286
3021;2854
3021;2804
3022;2268
3022;2822
3022;2820
3022;1673
3022;1736
3023;22
3023;1736
3023;2969
3023;2820
3023;2832
3024;2934
3024;1569
3024;1937
3024;1719
3024;2206
3025;2966
3025;2064
3025;22
3025;2447
3025;2832
3026;356
3026;2811
3026;2949
3026;2866
3026;2829
3027;2394
3027;2882
3027;1111
3027;2921
3027;1524
3028;3012
3028;2974
3028;2952
3028;1111
3028;2901
3029;2920
3029;48
3029;2998
3029;2885
3029;2875
3030;2945
3030;2817
3030;2823
3030;2879
3030;214
3031;1111
3031;2921
3031;2952
3031;1524
3031;3028
3032;2957
3032;2922
3032;2870
3032;2856
3032;1988
3033;2907
3033;2928
3033;2979
3033;2831
3033;2914
3034;2869
3034;2914
3034;1183
3034;1388
3034;2907
3035;1124
3035;2871
3035;2968
3035;2810
3035;2989
3036;583
3036;1501
3036;2826
3036;395
3036;2919
3037;2880
3037;2394
3037;3027
3037;1613
3037;2915
3038;1185
3038;3003
3038;2988
3038;3020
3038;2801
3039;1646
3039;1121
3039;3017
3039;53
3039;2136
3040;385
3040;2805
3040;2976
3040;2973
3040;3016
3041;2843
3041;2943
3041;2803
3041;594
3041;2878
3042;2865
3042;2879
3042;891
3042;2970
3042;2411
3043;2832
3043;1736
3043;15
3043;3025
3043;22
3044;2957
3044;592
3044;3032
3044;1971
3044;2904
3045;2956
3045;2286
3045;365
3045;1847
3045;2804
3046;2895
3046;2732
3046;2896
3046;2933
3046;2842
3047;2857
3047;883
3047;2994
3047;3014
3047;1973
3048;2873
3048;3001
3048;2823
3048;2983
3048;214
3049;2925
3049;69
3049;2996
3049;2830
3049;2070
3050;1438
3050;2944
3050;2886
3050;844
3050;2983
3051;3025
3051;2966
3051;2064
3051;2447
3051;3043
3052;3037
3052;2882
3052;3027
3052;2840
3052;990
3053;2882
3053;2860
3053;1524
3053;2921
3053;990
3054;2845
3054;2954
3054;2972
3054;2890
3054;2889
3055;2871
3055;1124
3055;3019
3055;2855
3055;2860
3056;2839
3056;386
3056;1603
3056;2606
3056;2821
3057;2809
3057;2898
3057;2930
3057;1417
3057;708
3058;197
3058;1388
3058;1183
3058;2869
3058;2851
3059;2998
3059;3029
3059;48
3059;2920
3059;1514
3060;3010
3060;821
3060;2459
3060;1920
3060;251
3061;2889
3061;2845
3061;2972
3061;3054
3061;787
3062;2930
3062;2863
3062;2947
3062;2975
3062;2670
3063;2936
3063;62
3063;2824
3063;1886
3063;1696
3064;1521
3064;2837
3064;2897
3064;3005
3064;2891
3065;181
3065;2134
3065;1780
3065;1575
3065;764
3066;2950
3066;2466
3066;1901
3066;987
3066;1441
3067;2825
3067;2992
3067;2876
3067;2833
3067;2944
3068;2171
3068;799
3068;2802
3068;2935
3068;2953
3069;2920
3069;48
3069;3007
3069;3029
3069;2885
3070;2739
3070;2999
3070;2368
3070;2743
3070;2681
3071;1603
3071;2821
3071;2986
3071;386
3071;2839
3072;2860
3072;3053
3072;3000
3072;2882
3072;3055
3073;2835
3073;2940
3073;2902
3073;2670
3073;958
3074;105
3074;2931
3074;1795
3074;2283
3074;180
3075;2801
3075;477
3075;3020
3075;2988
3075;3038
3076;2919
3076;2984
3076;3036
3076;583
3076;2826
3077;3053
3077;990
3077;2882
3077;3072
3077;3052
3078;2644
3078;2995
3078;2884
3078;151
3078;1549
3079;2662
3079;595
3079;1455
3079;2896
3079;2179
3080;1971
3080;2904
3080;2957
3080;3044
3080;3032
3081;395
3081;2826
3081;583
3081;2194
3081;3036
3082;1673
3082;821
3082;3010
3082;2822
3082;2916
3083;2961
3083;2923
3083;2880
3083;3074
3083;823
3084;2877
3084;2991
3084;3009
3084;2965
3084;2959
3085;9
3085;126
3085;708
3085;2985
3085;2909
3086;3041
3086;2943
3086;560
3086;2843
3086;2878
3087;2992
3087;3067
3087;2876
3087;2825
3087;2833
3088;2876
3088;2942
3088;2992
3088;3087
3088;764
3089;1876
3089;3040
3089;385
3089;2801
3089;3075
3090;3087
3090;2992
3090;3067
3090;2825
3090;2876
3091;1927
3091;385
3091;2868
3091;3016
3091;3040
3092;3083
3092;2961
3092;2923
3092;2880
3092;2840
3093;2486
3093;1652
3093;1683
3093;2900
3093;2972
3094;3088
3094;2942
3094;2876
3094;2833
3094;2992
3095;2866
3095;2811
3095;356
3095;3026
3095;2146
3096;3062
3096;2930
3096;2947
3096;2863
3096;2809
3097;1026
3097;2946
3097;925
3097;2926
3097;1702
3098;3047
3098;2857
3098;883
3098;3014
3098;2994
3099;2854
3099;3069
3099;3007
3099;2812
3099;2760
3100;1876
3100;3089
3100;2268
3100;3023
3100;2820
3101;2847
3101;2001
3101;2916
3101;1503
3101;2813
3102;1074
3102;1026
3102;1160
3102;3097
3102;124
3103;3094
3103;2833
3103;2876
3103;3067
3103;2992
3104;151
3104;2873
3104;3048
3104;3001
3104;2886
3105;2179
3105;1405
3105;1455
3105;2803
3105;3079
3106;2914
3106;3034
3106;2869
3106;1183
3106;1388
3107;2818
3107;2975
3107;2808
3107;1417
3107;2898
3108;62
3108;1695
3108;1696
3108;1977
3108;2824
3109;2813
3109;2237
3109;2847
3109;2916
3109;1580
3110;2970
3110;2411
3110;891
3110;3042
3110;2621
3111;1842
3111;3019
3111;1827
3111;2874
3111;3000
3112;2820
3112;3023
3112;2268
3112;1736
3112;3022
3113;2910
3113;2880
3113;2923
3113;1613
3113;2814
3114;2853
3114;1161
3114;2681
3114;2231
3114;2861
3115;2834
3115;2906
3115;2935
3115;2802
3115;1569
3116;3101
3116;2847
3116;2001
3116;3082
3116;2916
3117;2621
3117;417
3117;3110
3117;2411
3117;2970
3118;2206
3118;1436
3118;3024
3118;2083
3118;2852
3119;3030
3119;2945
3119;2823
3119;2873
3119;3048
3120;2875
3120;1474
3120;3008
3120;2850
3120;2998
3121;417
3121;386
3121;2074
3121;2821
3121;2864
3122;3075
3122;2805
3122;1554
3122;3040
3122;758
3123;2738
3123;958
3123;2835
3123;2366
3123;3073
3124;3007
3124;2760
3124;2286
3124;2854
3124;1674
3125;62
3125;3108
3125;3063
3125;2824
3125;2936
3126;327
3126;526
3126;2321
3126;2924
3126;2911
3127;2803
3127;1405
3127;3105
3127;2179
3127;2843
3128;2908
3128;2659
3128;3090
3128;764
3128;2941
3129;2805
3129;3040
3129;3122
3129;2976
3129;3004
3130;1108
3130;2848
3130;467
3130;1169
3130;2905
3131;3129
3131;2805
3131;3122
3131;3040
3131;2976
3132;3115
3132;2834
3132;2906
3132;1569
3132;2802
3133;3098
3133;883
3133;3047
3133;2857
3133;3014
3134;2946
3134;3097
3134;925
3134;1026
3134;2926
3135;1580
3135;2813
3135;9
3135;3109
3135;1503
3136;2837
3136;2891
3136;163
3136;2897
3136;2892
3137;181
3137;764
3137;3065
3137;2659
3137;2908
3138;2942
3138;3088
3138;3094
3138;1534
3138;470
3139;3051
3139;2966
3139;3025
3139;2064
3139;1652
3140;2845
3140;3054
3140;2972
3140;3061
3140;2954
3141;3122
3141;3075
3141;2801
3141;3131
3141;3129
3142;2900
3142;2486
3142;3093
3142;2972
3142;1652
3143;2896
3143;595
3143;2662
3143;2895
3143;3079
3144;844
3144;1426
3144;124
3144;2807
3144;3013
3145;3010
3145;2459
3145;1920
3145;3060
3145;821
3146;2807
3146;124
3146;1160
3146;3144
3146;844
3147;787
3147;2917
3147;2844
3147;2889
3147;2508
3148;1308
3148;2870
3148;2932
3148;1988
3148;2964
3149;2870
3149;3032
3149;2909
3149;2977
3149;2922
3150;3060
3150;821
3150;3010
3150;3145
3150;3003
3151;3069
3151;2920
3151;48
3151;3029
3151;3007
3152;15
3152;2832
3152;3043
3152;1736
3152;2447
3153;2851
3153;3058
3153;1388
3153;197
3153;1183
3154;251
3154;477
3154;3020
3154;2988
3154;1684
3155;1780
3155;470
3155;74
3155;1695
3155;227
3156;1169
3156;467
3156;2819
3156;2831
3156;3130
3157;1277
3157;1133
3157;2893
3157;2357
3157;2716
3158;2237
3158;2916
3158;3109
3158;2813
3158;419
3159;1040
3159;1074
3159;2926
3159;2844
3159;1026
3160;1847
3160;1534
3160;2956
3160;3045
3160;2913
3161;2920
3161;3151
3161;3069
3161;3029
3161;2885
3162;2844
3162;3147
3162;787
3162;1040
3162;2917
3163;925
3163;3097
3163;3134
3163;1026
3163;2946
3164;3096
3164;3062
3164;2930
3164;2947
3164;2001
3165;2898
3165;3057
3165;2985
3165;708
3165;1417
3166;3092
3166;2840
3166;3083
3166;2961
3166;2923
3167;2268
3167;3100
3167;2820
3167;1876
3167;3022
3168;3019
3168;3055
3168;2855
3168;2871
3168;1842
3169;1227
3169;1246
3169;1719
3169;1937
3169;2843
3170;3003
3170;1185
3170;3038
3170;2988
3170;3020
3171;2171
3171;3068
3171;1719
3171;2935
3171;1246
3172;96
3172;2963
3172;2070
3172;1014
3172;2996
3173;2952
3173;1111
3173;3031
3173;3028
3173;3012
3174;2952
3174;3031
3174;3173
3174;1111
3174;3028
3175;3036
3175;583
3175;1501
3175;2826
3175;3081
3176;3127
3176;2803
3176;1405
3176;2843
3176;3105
3177;3106
3177;3034
3177;2914
3177;2869
3177;1183
3178;2921
3178;1524
3178;1111
3178;3031
3178;3173
3179;3006
3179;2955
3179;2849
3179;1521
3179;1684
3180;2979
3180;3033
3180;2928
3180;2907
3180;2831
3181;2864
3181;2074
3181;2905
3181;197
3181;2914
3182;1518
3182;2480
3182;2967
3182;2963
3182;1086
3183;2824
3183;1696
3183;1977
3183;62
3183;3059
3184;477
3184;3075
3184;3141
3184;3020
3184;3154
3185;2920
3185;2885
3185;2875
3185;3029
3185;3120
3186;3129
3186;3004
3186;3131
3186;3018
3186;1554
3187;2918
3187;794
3187;2904
3187;3080
3187;1971
3188;1160
3188;124
3188;2807
3188;3146
3188;1074
3189;2921
3189;1524
3189;3178
3189;3031
3189;1111
3190;2875
3190;3120
3190;3185
3190;2885
3190;2982
3191;2997
3191;1436
3191;2206
3191;3118
3191;2827
3192;1437
3192;2984
3192;3076
3192;2989
3192;2838
3193;3180
3193;2979
3193;3033
3193;2928
3193;2831
3194;2083
3194;3118
3194;3191
3194;2827
3194;1684
3195;1564
3195;2810
3195;3009
3195;2991
3195;2989
3196;2136
3196;53
3196;2929
3196;2980
3196;3017
3197;2411
3197;2861
3197;417
3197;2970
3197;386
3198;3114
3198;2861
3198;2606
3198;2853
3198;3197
3199;1700
3199;3173
3199;1111
3199;2952
3199;3178
