0;1463
0;562
0;1878
0;2055
0;849
1;1586
1;2118
1;534
1;1046
1;143
2;973
2;65
2;1327
2;1760
2;1866
3;1521
3;559
3;1925
3;526
3;1603
4;1102
4;957
4;435
4;1775
4;1365
5;1654
5;443
5;682
5;908
5;1381
6;1475
6;1620
6;1124
6;567
6;1547
7;1912
7;1999
7;874
7;1946
7;947
8;174
8;1185
8;1585
8;1166
8;827
9;1787
9;870
9;1103
9;155
9;1293
10;1428
10;1274
10;823
10;673
10;1488
11;1121
11;1031
11;1568
11;1312
11;419
12;1490
12;1911
12;1133
12;2009
12;1233
13;1614
13;1809
13;1960
13;335
13;1965
14;2088
14;1210
14;1115
14;212
14;1754
15;470
15;1172
15;658
15;393
15;90
16;894
16;721
16;215
16;100
16;1611
17;2170
17;666
17;1883
17;391
17;764
18;389
18;1297
18;400
18;378
18;759
19;1309
19;1519
19;1162
19;1786
19;196
20;1260
20;2102
20;1361
20;2025
20;475
21;123
21;1301
21;408
21;316
21;1866
22;616
22;1798
22;1751
22;42
22;1566
23;1061
23;243
23;421
23;866
23;73
24;2054
24;1627
24;697
24;1718
24;379
25;1350
25;1603
25;990
25;559
25;1925
26;46
26;1082
26;1613
26;1366
26;2028
27;1202
27;1667
27;1417
27;538
27;1197
28;406
28;269
28;2019
28;263
28;1720
29;759
29;389
29;1646
29;1756
29;843
30;1237
30;1073
30;1513
30;1796
30;685
31;781
31;958
31;587
31;1668
31;1304
32;1078
32;673
32;1120
32;939
32;823
33;2005
33;604
33;378
33;400
33;198
34;1746
34;1959
34;896
34;1085
34;1662
35;1225
35;1366
35;1032
35;1714
35;1023
36;1569
36;722
36;1471
36;472
36;1060
37;1313
37;251
37;519
37;795
37;2112
38;1285
38;1745
38;107
38;98
38;1666
39;749
39;1876
39;1553
39;1609
39;2149
40;1737
40;1501
40;113
40;420
40;1740
41;1976
41;893
41;744
41;349
41;1265
42;116
42;1566
42;1212
42;920
42;1798
43;49
43;1947
43;1621
43;1889
43;1297
44;1465
44;699
44;1141
44;546
44;613
45;1209
45;929
45;528
45;671
45;509
46;1613
46;386
46;1082
46;2028
47;2107
47;1469
47;1705
47;341
47;2040
48;521
48;1861
48;720
48;435
48;1853
49;1621
49;2166
49;1947
49;1889
50;262
50;117
50;325
50;1768
50;502
51;1401
51;1458
51;483
51;2116
51;270
52;642
52;2103
52;704
52;102
52;1174
53;1107
53;1321
53;1054
53;1872
53;1480
54;1310
54;1040
54;310
54;1150
54;1260
55;1580
55;2022
55;448
55;544
55;569
56;259
56;1747
56;904
56;934
56;840
57;388
57;90
57;1565
57;761
57;934
58;411
58;936
58;834
58;1052
58;2132
59;274
59;1322
59;1577
59;1871
59;2071
60;386
60;1007
60;2028
60;334
60;376
61;1285
61;2114
61;1306
61;1716
61;1745
62;500
62;962
62;1530
62;1780
62;2051
63;1839
63;343
63;895
63;76
63;473
64;245
64;1055
64;865
64;713
64;1085
65;973
65;1006
65;985
65;1379
66;1128
66;2165
66;556
66;555
66;652
67;1844
67;1219
67;1920
67;897
67;483
68;1557
68;1341
68;1532
68;2004
68;1587
69;1304
69;458
69;1426
69;917
69;1392
70;2156
70;331
70;1950
70;689
70;1808
71;671
71;1374
71;509
71;1549
71;929
72;1868
72;1381
72;443
72;908
72;1654
73;2150
73;2113
73;499
73;1989
73;124
74;166
74;1998
74;2031
74;1195
74;582
75;1104
75;956
75;1380
75;1686
75;760
76;473
76;465
76;1839
76;343
77;1152
77;1622
77;2058
77;1159
77;967
78;2130
78;1750
78;617
78;1986
78;515
79;574
79;120
79;450
79;670
79;706
80;2049
80;1387
80;93
80;805
80;1311
81;1684
81;1847
81;1267
81;763
81;257
82;1318
82;268
82;2023
82;365
82;1257
83;1637
83;1213
83;1506
83;599
83;1149
84;1179
84;1805
84;1127
84;762
84;1886
85;142
85;1245
85;1758
85;949
85;1863
86;912
86;1280
86;982
86;278
86;938
87;761
87;1409
87;1581
87;1371
87;1355
88;605
88;1139
88;1795
88;1343
88;1897
89;246
89;807
89;72
89;1381
89;1629
90;388
90;934
90;1172
91;867
91;156
91;1239
91;742
91;1674
92;662
92;83
92;1637
92;1676
92;741
93;1311
93;451
93;241
93;1448
94;203
94;1953
94;407
94;1813
94;2032
95;2062
95;1060
95;901
95;1471
95;1840
96;100
96;1973
96;1506
96;1149
96;741
97;1821
97;908
97;1381
97;443
97;850
98;2173
98;1019
98;2020
98;1236
99;1814
99;430
99;542
99;121
99;2002
100;1973
100;894
100;1506
101;1734
101;339
101;628
101;144
101;315
102;1174
102;1057
102;579
102;1658
103;786
103;1973
103;741
103;1150
103;2089
104;1572
104;1561
104;1890
104;1806
104;1509
105;1547
105;1741
105;1620
105;6
105;234
106;1698
106;2072
106;1067
106;2036
106;2007
107;1666
107;1367
107;1084
107;695
108;586
108;397
108;913
108;194
108;1494
109;612
109;1813
109;1454
109;1846
109;1908
110;185
110;2037
110;679
110;1901
110;1695
111;1757
111;648
111;2074
111;1486
111;1039
112;474
112;1473
112;613
112;816
112;353
113;2174
113;1740
113;479
113;227
114;1732
114;211
114;1962
114;2151
114;267
115;1579
115;790
115;332
115;1238
115;1264
116;1566
116;920
116;1212
116;1234
117;262
117;1768
117;325
117;1230
118;304
118;1753
118;1742
118;1395
118;1038
119;1430
119;2084
119;284
119;171
119;1761
120;450
120;574
120;706
120;1695
121;674
121;542
121;430
121;128
122;199
122;1268
122;795
122;478
122;1544
123;1301
123;408
123;969
123;1866
124;499
124;154
124;421
124;1989
124;1972
125;168
125;209
125;571
125;617
125;1240
126;945
126;1994
126;2060
126;358
126;1607
127;806
127;1047
127;1451
127;2040
127;539
128;542
128;449
128;674
128;1635
129;485
129;1354
129;1143
129;555
129;2043
130;149
130;1722
130;1864
130;811
130;1511
131;138
131;1682
131;807
131;1010
131;846
132;998
132;201
132;1550
132;272
132;1573
133;172
133;2120
133;491
133;2143
133;944
134;1876
134;681
134;39
134;1609
134;1076
135;1740
135;479
135;1737
135;765
135;1958
136;1353
136;1763
136;1529
136;263
136;871
137;413
137;2082
137;546
137;1900
137;1141
138;807
138;1682
138;1629
138;1010
139;1720
139;2145
139;269
139;903
139;406
140;355
140;1284
140;1362
140;346
140;667
141;849
141;1443
141;340
141;1859
141;381
142;1245
142;949
142;1758
142;558
143;2118
143;939
143;534
143;1120
144;339
144;525
144;197
144;1850
144;1400
145;854
145;1755
145;244
145;1516
145;981
146;1594
146;197
146;1400
146;1080
146;101
147;609
147;394
147;1564
147;633
147;2175
148;1518
148;1777
148;1211
148;2095
148;2029
149;1722
149;618
149;811
149;1363
150;403
150;626
150;1333
150;1220
150;1069
151;2085
151;651
151;1938
151;1979
151;2001
152;548
152;437
152;247
152;532
152;1176
153;1295
153;1088
153;2064
153;1927
153;2079
154;421
154;499
154;1154
154;1989
155;1103
155;1787
155;870
155;1293
156;742
156;1345
156;867
156;1239
157;937
157;1466
157;488
157;1849
157;1166
158;573
158;2057
158;961
158;1352
158;764
159;1459
159;1499
159;1151
159;1305
159;714
160;1331
160;976
160;1977
160;1891
160;2078
161;1397
161;566
161;373
161;1978
161;1793
162;1476
162;1576
162;502
162;1583
162;1527
163;1113
163;1902
163;1767
163;1651
163;1766
164;1702
164;1257
164;1775
164;365
164;1563
165;1356
165;1357
165;1823
165;2048
165;1758
166;1195
166;1138
166;1591
166;1810
167;1534
167;822
167;1624
167;1511
167;1593
168;209
168;879
168;1240
168;1255
169;646
169;198
169;374
169;1522
169;604
170;784
170;537
170;281
170;986
170;788
171;932
171;1368
171;1035
171;284
171;1430
172;491
172;2120
172;944
172;2143
173;1126
173;2163
173;949
173;1440
173;1245
174;1185
174;1585
174;1166
174;1164
175;235
175;1963
175;1636
175;2018
175;739
176;1851
176;432
176;1517
176;494
176;1923
177;1988
177;746
177;950
177;831
177;1955
178;592
178;2071
178;2046
178;341
178;1262
179;1067
179;2072
179;1698
179;1713
179;348
180;1277
180;275
180;2101
180;563
180;294
181;1812
181;1993
181;946
181;338
181;1708
182;1919
182;624
182;1966
182;1018
182;756
183;947
183;874
183;454
183;2140
183;1999
184;1146
184;1733
184;1241
184;1869
184;301
185;305
185;2037
185;2161
185;1943
186;2014
186;361
186;148
186;1518
186;1342
187;1662
187;415
187;552
187;1
187;1746
188;496
188;864
188;363
188;1955
188;1922
189;297
189;1114
189;2038
189;2027
189;2029
190;2131
190;1863
190;610
190;1758
190;1356
191;1406
191;2139
191;1182
191;265
191;1494
192;1275
192;1424
192;1562
192;2104
192;911
193;1104
193;75
193;1450
193;956
193;155
194;397
194;1582
194;1175
194;1952
195;2125
195;460
195;1042
195;565
195;272
196;324
196;1519
196;1183
196;1736
197;1400
197;1837
197;525
198;604
198;1589
198;2005
199;1268
199;1544
199;795
199;478
200;731
200;732
200;2012
200;716
200;1282
201;1550
201;2033
201;2129
201;589
202;825
202;845
202;416
202;395
202;523
203;1953
203;848
203;1251
203;350
204;1404
204;1797
204;1399
204;2086
204;794
205;264
205;512
205;1575
205;1521
205;1816
206;1198
206;273
206;2147
206;1834
206;1791
207;1016
207;1711
207;1086
207;434
207;670
208;1992
208;2008
208;1786
208;1302
208;659
209;1240
209;1054
209;1321
210;553
210;2136
210;1205
210;827
210;1541
211;2151
211;540
211;1732
211;1962
212;1210
212;2088
212;351
212;22
213;840
213;259
213;904
213;1949
213;327
214;1253
214;2053
214;1715
214;1650
214;1811
215;1611
215;721
215;894
215;786
216;467
216;253
216;2086
216;794
216;972
217;271
217;1393
217;705
217;993
217;2085
218;1771
218;1669
218;2106
218;1995
218;1325
219;1921
219;911
219;2021
219;922
219;669
220;1931
220;1292
220;231
220;675
220;969
221;380
221;506
221;323
221;1968
221;1405
222;885
222;396
222;1618
222;2092
222;1237
223;694
223;1043
223;1802
223;792
223;802
224;1236
224;1725
224;963
224;2020
224;261
225;2000
225;1131
225;266
225;2077
225;1017
226;1862
226;1867
226;1840
226;1630
226;901
227;1156
227;479
227;1395
227;1330
227;2174
228;1694
228;776
228;1606
228;1524
228;1987
229;1841
229;208
229;2008
229;196
229;1992
230;2144
230;487
230;614
230;368
230;1258
231;1292
231;123
231;969
231;21
232;2050
232;980
232;1090
232;551
232;1551
233;291
233;382
233;1365
233;1126
233;173
234;567
234;1620
234;1547
234;6
234;959
235;1970
235;1963
235;1636
235;727
236;1909
236;595
236;615
236;2016
236;1718
237;720
237;481
237;1861
237;521
237;48
238;2096
238;1485
238;1076
238;1773
238;665
239;2061
239;1295
239;853
239;153
239;1848
240;1691
240;799
240;1147
240;2081
240;1496
241;1385
241;345
241;451
241;520
241;1311
242;1186
242;826
242;401
242;779
242;589
243;1061
243;1571
243;421
243;866
244;1516
244;854
244;981
244;1755
244;1271
245;713
245;1055
245;1461
245;1446
246;807
246;1065
246;138
246;1821
247;437
247;548
247;857
247;843
248;2172
248;1184
248;1788
248;1288
248;1048
249;663
249;1177
249;2122
249;2070
249;2161
250;1452
250;1496
250;1663
250;1112
250;282
251;795
251;519
251;1313
251;2112
252;1842
252;813
252;437
252;247
252;152
253;2086
253;467
253;794
253;1797
254;1617
254;2038
254;1945
254;297
254;1383
255;708
255;1776
255;1543
255;1411
255;1201
256;684
256;1772
256;1664
256;583
256;1951
257;763
257;556
257;1847
257;1684
258;1074
258;762
258;1536
258;1015
258;1178
259;1747
259;840
259;904
260;265
260;1494
260;1175
260;1341
260;191
261;1079
261;963
261;1542
261;1421
261;623
262;1768
262;325
262;635
263;871
263;2019
263;1763
263;1903
263;1353
264;1521
264;512
264;3
264;1575
265;1494
265;1406
265;1175
266;2000
266;1131
266;2077
266;787
267;547
267;726
267;1461
267;211
268;1318
268;365
268;1257
268;2023
269;406
269;2145
269;1720
270;1638
270;1070
270;1173
270;1507
270;992
271;1393
271;993
271;2085
271;725
272;1042
272;2083
272;1573
272;565
272;998
273;1198
273;2147
273;1834
273;748
274;1322
274;1577
274;1871
274;2071
275;1277
275;2101
275;563
275;371
276;803
276;422
276;962
276;500
276;1277
277;442
277;1984
277;1382
277;1677
277;1974
278;912
278;1280
278;982
278;938
279;1281
279;1335
279;1647
279;1719
279;856
280;1820
280;1345
280;1735
280;1094
280;1906
281;629
281;784
281;847
281;537
282;1663
282;1147
282;2081
282;493
282;383
283;1426
283;955
283;1026
283;484
283;1838
284;979
284;1235
284;1251
284;1430
285;603
285;501
285;678
285;1811
285;1650
286;1958
286;505
286;1373
286;1487
286;373
287;918
287;1864
287;836
287;817
287;1300
288;1118
288;1954
288;2157
288;1337
288;1917
289;925
289;1601
289;1316
289;1050
289;1902
290;516
290;336
290;862
290;887
290;1567
291;382
291;923
291;1783
291;1674
292;1189
292;1570
292;1029
292;649
292;1709
293;1470
293;1167
293;1496
293;1723
293;250
294;563
294;465
294;900
294;2101
295;1228
295;1474
295;1870
295;1120
295;534
296;1472
296;788
296;1643
296;1590
296;1913
297;1114
297;2038
297;2029
297;1436
298;2100
298;2142
298;1359
298;549
298;1467
299;1980
299;1499
299;1459
299;714
299;159
300;1136
300;594
300;783
300;363
300;1160
301;1241
301;1675
301;1116
301;1970
302;1414
302;1510
302;1287
302;1455
302;902
303;970
303;1882
303;1794
303;2140
303;1188
304;1278
304;1038
304;1742
304;2138
305;2161
305;2070
305;1943
305;663
306;957
306;923
306;1783
306;497
306;1365
307;1250
307;1680
307;744
307;1394
307;917
308;2173
308;418
308;1673
308;808
308;640
309;1836
309;704
309;2103
309;791
309;642
310;1310
310;1260
310;1361
310;1040
311;503
311;989
311;999
311;584
311;492
312;1950
312;689
312;1884
312;70
312;1144
313;1145
313;805
313;1387
313;80
313;597
314;1809
314;1486
314;1858
314;335
314;13
315;628
315;1734
315;1594
315;1528
316;408
316;1866
316;1227
316;2160
317;1339
317;1290
317;1375
317;723
317;1591
318;1226
318;580
318;1013
318;34
318;1660
319;1046
319;1252
319;1661
319;1586
319;1870
320;833
320;452
320;2078
320;890
320;619
321;2112
321;251
321;122
321;37
321;795
322;1364
322;1244
322;1117
322;1138
322;1090
323;1968
323;506
323;380
323;1405
324;1736
324;1183
324;1519
324;602
325;1527
325;1583
326;975
326;1782
326;819
326;902
326;1455
327;1949
327;1036
327;842
327;769
328;1072
328;1389
328;1012
328;950
328;1530
329;1095
329;809
329;2045
329;680
329;1288
330;1354
330;1847
330;60
330;485
330;129
331;2156
331;1808
331;1968
331;323
332;1231
332;1348
332;1579
332;1030
333;757
333;2062
333;472
333;1471
333;1569
334;386
334;417
334;541
334;1427
335;1960
335;1809
335;1614
336;887
336;862
336;414
336;516
337;2155
337;370
337;538
337;446
337;988
338;1812
338;1993
338;1298
338;1708
339;525
339;1886
339;1850
340;1859
340;1443
340;1616
340;812
341;2046
341;1469
341;592
341;2107
342;417
342;1986
342;921
342;1083
342;1427
343;1839
343;473
343;895
344;518
344;696
344;583
344;1772
344;1754
345;1385
345;520
345;1221
345;977
346;1284
346;355
346;1362
346;1105
347;1038
347;1742
347;426
347;676
347;1832
348;849
348;1493
348;381
348;838
349;744
349;869
349;1394
349;307
350;1235
350;979
350;433
350;1251
350;1600
351;1751
351;1346
351;616
351;880
351;2176
352;2162
352;32
352;1078
352;531
352;850
353;750
353;798
353;1473
353;2012
353;1914
354;1133
354;1234
354;1748
354;990
354;920
355;1362
355;1284
355;457
356;1672
356;550
356;2099
356;1303
356;926
357;835
357;1429
357;846
357;575
357;594
358;945
358;2080
358;2060
358;405
359;1170
359;2017
359;2154
359;2087
359;974
360;1027
360;820
360;984
360;527
360;1838
361;2014
361;1153
361;1529
361;1874
362;513
362;569
362;601
362;448
362;544
363;1136
363;1320
363;783
364;1081
364;1398
364;1525
364;689
364;876
365;1257
365;1318
365;657
366;1221
366;1717
366;1489
366;399
366;510
367;869
367;956
367;1394
367;917
367;349
368;487
368;1515
368;1258
368;2144
369;1888
369;1595
369;1171
369;1052
369;960
370;988
370;1860
370;2115
370;717
371;2101
371;563
371;1313
371;37
372;1168
372;1248
372;1315
372;1752
372;1712
373;1793
373;1584
373;456
373;1373
374;1522
374;1247
374;646
374;1610
375;492
375;989
375;1508
375;503
375;584
376;1007
376;2028
376;386
376;1613
377;1184
377;570
377;1415
377;1388
377;930
378;400
378;2005
378;604
378;1756
379;2054
379;697
379;1627
379;81
380;506
380;1968
380;1405
381;838
381;1109
381;1859
381;812
381;1616
382;558
382;240
382;1441
383;1412
383;1663
383;1112
383;909
384;1693
384;404
384;460
384;1151
384;1305
385;793
385;1625
385;1685
385;994
385;1030
386;1007
386;2028
387;1396
387;1346
387;2176
387;1940
387;1300
388;1305
388;1565
388;934
389;759
389;843
389;1756
390;1681
390;1396
390;1751
390;387
390;616
391;1883
391;2115
391;1860
391;988
391;2170
392;1828
392;1338
392;1607
392;1432
392;1887
393;470
393;658
393;1024
393;1172
394;1564
394;609
394;1322
394;966
395;845
395;1269
395;416
395;523
396;885
396;1618
396;1237
396;1233
397;1582
397;1175
397;1952
398;1108
398;1814
398;910
398;987
398;99
399;907
399;1215
399;1503
399;428
399;2153
400;2005
400;604
401;1186
401;779
401;2129
401;589
402;884
402;1887
402;1432
402;2020
402;1607
403;637
403;1220
403;626
403;1731
404;1693
404;460
404;1355
404;2125
405;2060
405;2080
405;1994
405;945
406;1720
406;2145
407;2032
407;1161
407;1422
407;1813
407;2121
408;1866
408;1227
408;2160
409;687
409;1657
409;1604
409;667
409;730
410;1884
410;1106
410;2039
410;1774
410;1044
411;834
411;936
411;1289
411;2132
412;1577
412;1456
412;1871
412;59
412;1623
413;2082
413;2010
413;1900
413;546
414;887
414;862
414;482
414;429
415;1662
415;552
415;1065
415;2134
416;523
416;825
416;1194
416;845
417;541
417;1083
417;1427
418;640
418;1673
418;808
418;872
419;1031
419;738
419;1596
419;1049
420;1501
420;1679
420;1737
420;1541
421;499
421;1989
422;803
422;1277
422;710
422;180
423;1991
423;1358
423;1815
423;1694
423;1606
424;1093
424;1631
424;1903
424;1919
424;1526
425;1495
425;2152
425;1957
425;1918
425;1177
426;676
426;940
426;1832
426;1781
427;598
427;1420
427;1930
427;909
427;1412
428;1503
428;907
428;977
428;521
428;2153
429;887
429;862
429;336
429;1724
430;1814
430;542
430;2002
431;1286
431;1971
431;906
431;837
431;577
432;1851
432;1517
432;1595
432;1888
433;1600
433;1764
433;979
433;1235
434;1016
434;1816
434;1575
434;512
435;1853
435;1102
435;1852
435;1861
436;1296
436;1034
436;829
436;1243
436;1229
437;548
437;857
438;1267
438;1592
438;1199
438;921
438;1688
439;904
439;1747
439;1650
439;840
439;529
440;1071
440;2165
440;2119
440;1803
440;1910
441;1206
441;931
441;1899
441;882
441;958
442;1984
442;1382
442;1974
442;1995
443;908
443;1381
444;712
444;1443
444;1709
444;2141
444;1094
445;1408
445;1653
445;1488
445;1428
445;10
446;2155
446;391
446;1883
446;988
447;1779
447;1819
447;1552
447;1701
447;464
448;544
448;2022
448;1580
448;569
449;1635
449;674
449;542
449;121
450;574
450;1695
450;679
451;1311
451;1385
451;1448
452;2078
452;833
452;619
452;1439
453;535
453;824
453;2056
453;47
453;1705
454;947
454;2140
454;1999
454;1865
455;772
455;1778
455;1801
455;709
455;886
456;1584
456;1373
456;1793
456;828
457;1362
457;1489
457;346
457;1215
458;1304
458;927
458;1100
458;1426
459;1291
459;2114
459;1728
459;1076
459;1773
460;2125
460;1693
461;1894
461;1043
461;1378
461;1802
461;694
462;725
462;2167
462;2057
462;961
462;1077
463;622
463;1080
463;1531
463;1330
463;1830
464;1552
464;1383
464;1279
464;1462
465;473
465;563
465;900
466;1726
466;709
466;691
466;1223
466;455
467;2086
467;794
467;972
468;1856
468;1770
468;1008
468;1799
468;1990
469;1829
469;1658
469;796
469;672
469;1944
470;1172
470;658
470;1980
471;1769
471;1243
471;1229
471;1967
471;943
472;1471
472;1569
472;722
473;1839
474;1785
474;816
474;613
474;1473
475;514
475;2025
475;1464
475;2124
476;1193
476;1434
476;1123
476;2148
476;1226
477;1269
477;853
477;620
477;1194
477;395
478;1574
478;768
478;1900
479;1740
479;1395
479;2174
480;2007
480;2024
480;2105
480;2069
480;2017
481;521
481;720
481;977
481;1145
482;1567
482;516
482;336
482;887
483;1401
483;1458
483;1920
483;1119
484;1936
484;1426
484;1392
484;1203
485;1354
485;1143
485;2043
485;1369
486;2111
486;1833
486;2113
486;73
486;2150
487;1515
487;1258
487;2144
488;1466
488;1282
488;731
488;937
489;1014
489;1204
489;1604
489;578
489;1917
490;785
490;1940
490;1200
490;1294
490;1492
491;2120
491;483
491;270
492;989
492;503
492;1508
493;2081
493;1147
493;1691
493;1941
494;1923
494;539
494;1451
494;834
495;1011
495;1752
495;1561
495;554
495;693
496;864
496;1955
496;831
496;1548
497;1861
497;720
497;1102
497;435
497;48
498;1307
498;909
498;383
498;1412
498;1053
499;1989
499;1972
500;962
500;2051
500;803
501;678
501;603
501;1811
501;1650
502;1476
502;1044
502;117
503;989
503;584
504;1677
504;1984
504;2133
504;277
504;442
505;1958
505;1373
505;2138
505;765
506;1968
506;1405
507;736
507;1378
507;1261
507;1894
507;1835
508;688
508;1537
508;1786
508;1309
508;1992
509;671
509;1374
509;929
510;1717
510;756
510;1105
510;1489
511;2178
511;508
511;1537
511;688
511;1092
512;1575
512;1816
512;526
513;569
513;448
513;544
513;601
514;1874
514;1464
514;1671
514;20
515;951
515;607
515;1512
515;1981
515;2130
516;1567
516;414
517;45
517;1209
517;528
517;715
517;929
518;1772
518;696
518;1754
518;583
519;795
519;1313
519;1544
520;1384
520;1221
520;1448
521;977
521;720
522;1718
522;954
522;1627
522;1782
522;2054
523;1194
523;825
523;1269
524;926
524;1905
524;1303
524;1449
524;2099
525;1850
525;1837
525;1670
526;1816
526;205
526;1575
527;1256
527;758
527;882
527;223
527;587
528;1209
528;929
528;715
528;1374
529;1715
529;2179
529;1747
529;214
529;2053
530;1041
530;2123
530;773
530;1522
530;829
531;850
531;1933
531;682
531;2162
532;548
532;1176
532;620
532;1690
533;2041
533;1909
533;1904
533;2093
533;1539
534;2118
534;1120
534;1586
535;824
535;2056
535;1705
535;47
536;1390
536;815
536;1935
536;719
536;1177
537;784
537;788
537;638
537;986
538;2158
538;2155
538;370
538;1202
539;1451
539;176
539;1923
539;1407
540;2151
540;972
540;1962
540;576
541;1083
541;1986
541;1082
542;1814
543;1913
543;1218
543;1710
543;1789
543;1438
544;2022
544;1580
545;1142
545;1419
545;770
545;1316
545;810
546;1900
546;768
546;1465
547;726
547;1446
547;1020
547;1461
548;1176
549;2100
549;2142
549;810
549;1359
550;2099
550;1303
550;926
550;1905
551;1157
551;1379
551;1090
551;2050
551;1551
552;896
552;2159
552;1660
552;1065
552;1216
553;1205
553;827
553;1585
553;2136
554;1001
554;693
554;2034
554;2076
554;2104
555;1354
555;1128
555;485
555;556
556;763
556;1128
556;2165
557;1881
557;1969
557;1320
557;1854
557;1629
558;1441
558;1245
558;85
559;1925
559;1603
559;990
559;1748
560;1729
560;1351
560;1454
560;612
560;1328
561;1088
561;1548
561;1817
561;1955
561;831
562;1878
562;1493
562;1639
562;1463
563;2101
564;1513
564;1125
564;1073
564;1000
564;873
565;1042
565;1573
565;889
566;1397
566;1207
566;1599
566;1349
567;959
567;1620
567;1124
567;1475
568;569
568;702
568;1723
568;513
568;55
569;702
569;1723
570;1184
570;1217
570;1788
570;1418
571;2067
571;965
571;617
571;1703
572;886
572;1801
572;1778
572;455
572;343
573;764
573;1298
573;666
573;1993
574;670
574;706
575;647
575;835
575;356
575;550
576;2164
576;1962
576;588
576;1692
577;837
577;906
577;1224
577;1286
578;1917
578;1014
578;1204
578;1059
579;1658
579;710
579;1174
579;1057
580;1013
580;1226
580;1479
580;1246
580;1434
581;1299
581;1337
581;1985
581;650
581;1132
582;2031
582;1810
582;1730
582;1591
582;166
583;1664
583;2169
583;684
583;1772
584;1571
584;989
585;1137
585;1618
585;1289
585;1233
585;278
586;913
586;397
586;2124
586;194
587;1668
587;781
587;758
587;1100
588;2164
588;703
588;995
588;1962
589;2033
589;2052
589;1550
589;1626
590;1149
590;1506
590;599
590;1266
590;83
591;1062
591;700
591;968
591;1665
591;1180
592;2046
592;1469
592;1262
593;1889
593;1947
593;1003
593;1621
593;952
594;1160
594;1372
594;783
594;1136
595;1071
595;1910
595;440
595;1627
595;24
596;253
596;467
596;216
596;2086
596;1797
597;805
597;1387
597;1129
597;747
598;1930
598;1420
598;1112
598;601
599;1149
599;1506
599;1213
600;1481
600;1045
600;1647
600;1281
600;766
601;1706
601;1420
602;1634
602;632
602;1736
602;883
603;678
603;1811
603;1650
604;2005
605;1139
605;1795
605;1897
605;1343
606;1914
606;1689
606;2135
606;750
606;798
607;2006
607;889
607;951
607;1512
608;1858
608;1699
608;633
608;314
608;1486
609;1564
609;633
609;1871
610;1863
610;2131
610;1440
610;142
611;996
611;1956
611;2109
611;1192
611;1449
612;1454
612;1729
612;1846
612;1908
613;816
613;1785
613;858
614;1934
614;487
614;368
614;2144
615;2016
615;714
615;1980
615;2137
616;1751
616;1798
616;920
617;2130
617;1703
617;2067
617;965
618;1907
618;1722
618;811
618;1028
618;1363
619;1439
619;2078
619;1891
620;621
620;1176
620;1690
620;1523
621;1523
621;1690
621;1176
621;905
622;1531
622;1330
622;1080
622;1830
623;1659
623;652
623;1542
623;1421
623;1079
624;1708
624;1018
624;1919
624;1631
625;2034
625;1001
625;2076
625;693
625;2104
626;1333
626;1220
626;1665
627;1983
627;1435
627;899
627;978
627;681
628;1734
628;1594
628;146
629;596
629;1797
629;1472
629;253
630;696
630;1754
630;728
630;1276
630;583
631;2166
631;1621
631;49
631;1254
631;1187
632;1634
632;832
632;1898
632;1896
633;1699
633;1520
634;1329
634;1731
634;1405
634;1069
634;2097
635;971
635;888
635;1230
635;1768
636;1743
636;1196
636;1208
636;830
636;1775
637;1032
637;1220
637;1808
637;150
638;1825
638;1707
638;788
638;1924
639;1057
639;1164
639;1829
639;1185
639;1174
640;1673
640;808
640;1169
640;872
641;1826
641;1425
641;1952
641;1582
641;913
642;2103
642;704
642;868
643;1533
643;2015
643;2143
643;774
643;2120
644;1051
644;774
644;2015
644;1533
644;2143
645;1274
645;726
645;1428
645;1020
645;547
646;1522
646;198
646;1247
647;1037
647;941
647;835
647;1216
648;2074
648;1757
648;1486
648;1699
649;1570
649;1029
649;1189
649;1709
650;1299
650;2139
650;1337
650;2157
651;2085
651;705
651;1632
651;1431
652;1079
652;1659
652;1542
652;1421
653;1178
653;1074
653;762
653;1004
653;1942
654;751
654;1273
654;1832
654;2090
654;676
655;1545
655;767
655;2119
655;1803
655;66
656;1975
656;2152
656;1918
656;1495
656;425
657;1318
657;268
657;82
657;1257
658;1172
658;2179
659;1302
659;1222
659;1537
659;688
659;1992
660;735
660;1929
660;729
660;1744
660;1433
661;1735
661;1239
661;664
661;280
661;1820
662;2089
662;1701
662;741
662;1973
663;2070
663;2161
663;1177
663;706
664;1460
664;724
664;1996
664;1167
664;1735
665;1744
665;729
665;2096
665;1929
665;1283
666;764
666;1993
666;2170
667;730
667;687
667;1657
668;1843
668;1478
668;2023
668;82
668;1318
669;1824
669;2111
669;1833
669;1264
669;948
670;1086
670;1016
670;450
671;1374
671;929
672;796
672;1739
672;1944
672;2010
673;823
673;1078
673;1428
674;1635
674;542
675;1249
675;1931
675;1457
675;980
675;1687
676;1832
676;1273
676;751
677;1906
677;1897
677;724
677;712
677;1996
678;1811
678;1650
679;1901
679;1790
679;1695
679;1477
680;1391
680;809
680;1095
680;997
681;1435
681;899
681;1367
681;1084
682;1933
682;850
682;443
683;1982
683;881
683;1242
683;1048
683;1270
684;1772
684;1664
684;2169
685;1097
685;2068
685;1961
685;1796
686;1188
686;1308
686;2127
686;1648
686;1500
687;1657
687;1604
687;730
688;1537
688;1786
688;1302
688;1992
689;1950
689;1144
689;1081
690;1581
690;1371
690;991
690;935
690;1509
691;482
691;1567
691;1223
691;414
692;1361
692;1874
692;1260
692;20
692;310
693;2034
693;1001
693;2076
694;1043
694;1802
694;802
695;978
695;1084
695;1367
695;1666
696;1754
696;1115
696;2037
697;2054
697;1627
697;1267
698;1879
698;1049
698;738
698;419
698;1348
699;1141
699;1465
699;546
699;137
700;968
700;1255
700;1180
700;1062
701;915
701;1028
701;1015
701;1907
701;258
702;1996
702;1723
702;724
703;2171
703;2164
703;995
703;576
704;2103
704;868
704;791
705;1431
705;271
705;2085
706;1918
706;1695
706;2070
707;2110
707;1997
707;1944
707;1739
707;892
708;1433
708;1776
708;735
708;1929
709;772
709;1956
709;1726
709;1778
710;1658
710;1277
710;180
711;1645
711;1765
711;1344
711;2077
711;1680
712;1906
712;1443
712;1820
712;280
713;1446
713;1474
713;1020
714;2016
714;954
714;1980
714;1499
715;1209
715;929
715;45
716;1683
716;732
716;859
716;1092
717;1749
717;1608
717;1202
717;538
718;1697
718;1599
718;2117
718;1207
718;1349
719;815
719;1935
719;1676
719;1390
720;1861
721;894
721;1611
721;786
722;1569
722;1597
722;1471
723;1591
723;1195
723;1810
723;1138
724;1996
724;1460
724;1167
725;1393
725;1077
725;2167
726;1020
726;1446
727;1636
727;1963
727;755
727;1538
727;1632
728;1804
728;1025
728;2169
728;1276
729;1744
729;1929
729;1283
730;1916
730;1657
731;1282
731;1914
731;2012
732;1282
732;731
732;859
733;2044
733;974
733;2036
733;235
733;175
734;771
734;1916
734;1588
734;1843
734;872
735;1929
735;1433
735;729
735;1744
736;1378
736;1894
736;1937
736;461
737;1417
737;1652
737;1021
737;1846
737;27
738;1049
738;1596
738;1031
739;2018
739;1437
739;1056
739;1431
740;715
740;675
740;1249
740;232
740;980
741;1973
741;2089
742;1345
742;1094
742;2141
742;1709
743;1259
743;953
743;2004
743;1532
743;933
744;1680
744;1394
745;857
745;843
745;916
745;247
745;437
746;1988
746;950
746;831
746;863
747;805
747;2030
747;1387
747;2049
748;2045
748;1095
748;1834
748;2147
748;809
749;1553
749;1656
749;2149
749;933
750;1914
750;798
750;892
751;1273
751;1832
751;2090
752;1272
752;1063
752;1597
752;1615
752;1099
753;1323
753;883
753;1374
753;1549
753;929
754;2051
754;1012
754;1780
754;1724
754;1530
755;1538
755;1146
755;1632
755;1636
756;1717
756;1966
756;366
757;2062
757;1776
757;472
757;95
758;1256
758;882
758;1668
759;1756
759;1704
759;1646
760;1686
760;1380
760;956
760;1089
761;1409
761;1581
761;1371
762;1178
762;1074
763;1847
763;1684
764;1298
764;1993
765;2138
765;1278
765;304
766;814
766;1111
766;804
766;1339
766;1290
767;2119
767;1803
767;1545
767;440
768;1574
768;1900
768;1268
769;1509
769;1036
769;842
769;1949
769;2168
770;821
770;1827
770;1142
770;1601
771;872
771;1843
771;1916
771;1673
772;1778
772;1801
772;886
773;829
773;1598
773;1041
773;1296
774;2143
774;944
774;2120
774;1051
775;1098
775;1444
775;825
775;416
775;523
776;1606
776;549
776;2100
776;1875
777;1516
777;1755
777;1673
777;872
777;854
778;1915
778;1892
778;2048
778;393
778;1024
779;1186
779;826
779;2129
780;1556
780;1101
780;1066
780;924
780;914
781;1668
781;958
781;1100
782;1215
782;1130
782;2153
782;1852
782;399
783;1964
783;1160
783;1372
784;788
784;986
785;1940
785;1200
785;1294
785;1396
786;1611
786;1150
787;1344
787;893
787;2077
787;1976
787;1645
788;1472
789;1534
789;1173
789;992
789;1070
789;1507
790;1238
790;1579
790;1568
790;1312
791;1386
791;1836
791;1498
792;802
792;1334
792;875
792;1791
793;1685
793;1625
793;994
793;1030
794;1759
794;2086
794;972
795;1544
796;2010
796;1658
796;1739
797;1593
797;960
797;1507
797;1534
797;167
798;2012
798;1914
799;1496
799;1674
799;1470
799;1691
800;2168
800;1857
800;1565
800;842
800;935
801;625
801;2034
801;1001
801;2076
801;693
802;2066
802;875
803;962
803;1277
804;1166
804;1111
804;814
804;827
805;1387
806;2040
806;1705
806;2107
806;1047
807;1682
807;1629
808;1169
808;1673
809;1095
809;1391
809;2045
810;2142
810;2100
810;1316
810;1419
811;1363
811;1907
811;1722
812;1616
812;1109
812;983
812;1831
812;1859
813;1842
813;932
813;1035
813;437
814;1111
814;1166
814;1339
815;1935
815;1957
815;1390
816;1785
816;858
817;1300
817;1738
817;918
817;1987
818;966
818;877
818;1203
818;1936
818;394
819;902
819;975
819;1782
819;1455
820;984
820;1027
820;1838
820;1100
821;1827
821;545
821;1142
821;916
822;1624
822;1511
822;1895
822;1939
823;1228
823;1428
824;2056
824;1705
824;2040
825;845
825;395
826;1186
826;401
826;589
827;1585
827;1205
827;2136
828;1948
828;2035
828;1584
828;1793
829;1296
829;1041
830;1208
830;1743
830;1196
830;1402
831;1955
831;1548
831;864
832;1896
832;1898
832;1183
832;1784
833;2078
833;890
833;619
834;1923
834;1289
834;936
835;846
835;1429
835;941
836;1134
836;1358
836;817
836;1767
837;906
837;1971
837;1286
838;1109
838;812
838;1713
838;1437
839;1985
839;2075
839;1484
839;1132
839;1514
840;904
840;1747
841;1477
841;1798
841;42
841;1210
841;22
842;1949
842;2168
842;1036
843;857
843;437
844;1558
844;1089
844;1423
844;1450
844;855
845;523
846;1429
846;941
846;1682
847;1649
847;2022
847;1453
847;1580
848;1908
848;1953
848;1328
848;2001
849;562
849;381
850;1821
850;1933
851;1445
851;1885
851;1265
851;41
851;1976
852;183
852;1794
852;874
852;840
852;213
853;2061
853;1269
853;620
854;1755
854;1516
854;981
855;1877
855;1423
855;1293
855;1558
856;1156
856;1719
856;1830
856;2174
856;227
857;152
858;1222
858;1785
858;659
859;1442
859;1683
859;1998
859;1784
860;1155
860;2169
860;1025
860;1664
860;1326
861;898
861;2160
861;1336
861;1760
861;1270
862;887
863;950
863;1247
863;1610
863;177
864;1955
864;1548
865;1085
865;1055
865;1252
865;319
866;1061
866;1238
866;790
866;2113
867;923
867;1674
867;1239
868;2103
868;791
868;1487
869;1394
869;744
869;956
870;1787
870;1103
870;1293
871;2019
871;1763
871;1903
871;1353
872;1673
873;1000
873;1125
873;1350
873;264
874;1912
874;1999
874;947
875;1791
875;2066
875;1334
876;1525
876;1398
876;1990
876;1081
877;966
877;760
877;1686
877;1380
878;964
878;1615
878;1583
878;1576
878;1527
879;1180
879;1255
879;968
879;700
880;2176
880;1346
880;1987
880;212
881;1242
881;1982
881;1336
881;1822
882;1256
882;1263
882;223
883;1323
883;1634
883;1549
883;632
884;1887
884;2020
884;1432
884;1727
885;1618
885;1237
885;2092
886;1801
886;1778
887;516
888;971
888;1060
888;36
888;1230
889;2006
889;1573
889;1042
890;1977
890;452
890;2078
891;1002
891;948
891;2098
891;1824
891;994
892;1997
892;2110
892;1473
893;1976
893;1344
893;744
894;1611
895;519
895;1313
895;1544
895;37
896;1660
896;2159
896;1746
897;1844
897;1039
897;1520
897;1757
898;1336
898;2160
898;1822
898;1227
899;1435
899;1983
899;1148
900;1724
900;563
900;473
901;1840
901;2062
901;1060
902;975
902;1455
903;2145
903;1132
903;1484
903;1720
904;1747
905;1444
905;1869
905;1733
905;1098
906;1971
906;1286
907;1503
907;2153
907;977
908;1381
908;1821
909;1307
909;1412
910;1108
910;1033
910;987
910;1678
911;2021
911;1275
911;922
911;1921
911;1845
912;1280
912;982
912;938
913;2124
913;1952
914;924
914;1066
914;1101
914;1556
915;1015
915;780
915;1907
915;1028
916;1368
916;857
916;1035
916;1419
917;1394
917;1250
917;1392
918;1300
918;1864
918;1294
919;509
919;671
919;71
919;1784
919;1549
920;1566
920;1234
920;1212
921;1199
921;1427
921;1267
921;1592
922;2021
922;1845
922;1833
922;2150
923;957
923;1783
923;1365
924;1066
924;1101
924;1556
925;1601
925;1316
925;1827
925;1050
926;1303
926;2099
926;1905
927;1426
927;1100
927;984
927;283
928;1978
928;1397
928;1041
928;1598
928;2123
929;1209
929;1374
930;1270
930;683
930;1314
930;248
931;1206
931;882
931;758
931;1263
932;1035
932;1368
932;284
932;1430
933;2149
933;1553
933;953
933;1656
934;1565
934;1857
934;800
935;1371
935;1857
935;2168
935;1581
936;2132
936;938
936;1052
937;1466
937;1849
937;1730
938;2132
938;1280
939;1120
939;2118
939;534
940;1781
940;1670
940;1837
940;1850
941;1037
941;1010
941;1216
942;1244
942;985
942;1641
942;1006
942;1117
943;1769
943;1229
943;1967
943;1068
944;2120
944;2143
945;2060
945;1994
946;1526
946;1631
946;1812
946;1708
947;1999
947;2140
947;1865
948;1002
948;1824
948;2098
948;1030
949;1126
949;2163
949;1440
950;1072
951;1703
951;2130
951;617
952;1947
952;1889
952;829
952;436
953;2149
953;2004
953;1259
953;1532
954;1782
954;326
954;2016
954;1718
955;1026
955;1838
955;1612
955;1370
956;1686
956;1380
957;1783
957;1365
958;1899
958;1163
958;1765
959;1124
959;1475
959;6
960;1171
960;2065
960;822
960;1593
961;1352
961;2057
961;2167
962;2051
963;1421
963;1542
963;1725
963;1994
964;1615
964;1583
964;1338
964;1576
965;2067
965;1626
965;1703
965;2052
966;1936
966;147
967;1540
967;1159
967;1855
967;1622
968;1255
968;1180
969;1546
969;21
969;1261
970;1882
970;1794
970;1188
970;686
971;1230
971;1768
971;262
972;1759
972;2086
973;1006
973;985
973;1379
974;2044
974;2036
974;1970
975;1455
975;1782
976;1331
976;1403
976;1596
976;1508
977;1503
977;1385
978;1084
978;1169
978;1367
978;1435
979;1235
979;1251
979;1430
980;2050
980;1551
980;1457
980;551
981;1271
981;1516
982;1280
982;938
983;1332
983;1831
983;1109
983;1616
984;1100
984;1668
985;1006
985;1641
985;1244
986;1096
986;1924
987;2146
987;1033
987;1678
987;1108
988;1860
988;2115
988;1191
990;1603
990;1925
990;1748
991;1890
991;1154
991;1509
991;1581
992;1173
992;1070
992;1638
992;1101
993;2030
993;1393
993;747
994;2098
994;1030
994;1002
995;1928
995;2171
995;2164
996;1956
996;2109
996;1192
996;709
997;1391
997;809
997;111
997;1757
998;2083
998;619
998;1439
999;1355
999;1571
999;503
999;584
1000;1125
1000;1350
1000;25
1001;2034
1001;2076
1001;2104
1002;2098
1002;1030
1003;1967
1003;1621
1003;1068
1003;1889
1004;1942
1004;1178
1004;1074
1004;762
1005;1279
1005;1383
1005;254
1005;1617
1005;1191
1006;1641
1006;1244
1007;2028
1007;1613
1008;1856
1008;1990
1008;1770
1008;1525
1009;1122
1009;1700
1009;1254
1009;1068
1009;1800
1010;1216
1010;1037
1010;1065
1010;1682
1011;1561
1011;1752
1011;1806
1011;104
1012;1780
1012;1530
1012;2051
1012;1389
1013;1226
1013;1479
1013;1246
1013;1075
1014;1204
1014;1604
1014;1917
1015;1536
1015;1696
1016;1086
1016;1711
1017;1482
1017;2077
1017;1645
1017;1765
1017;266
1018;1708
1018;1384
1018;1812
1019;2173
1019;1236
1019;1087
1019;308
1019;224
1020;1446
1021;2121
1021;1232
1021;1417
1021;109
1022;1140
1022;1497
1022;1941
1022;493
1022;1441
1023;1714
1023;1613
1023;2028
1023;376
1023;1225
1024;1892
1024;2137
1024;1980
1025;2169
1025;1326
1025;1155
1026;1370
1026;1612
1026;1838
1027;1838
1027;984
1027;1334
1028;1907
1028;1722
1029;1189
1029;1570
1029;1129
1030;2098
1030;1231
1030;1348
1031;1121
1031;1568
1031;1312
1032;1225
1032;1220
1032;1366
1033;1678
1033;1108
1033;1710
1034;1229
1034;1243
1034;471
1034;1769
1035;1368
1035;284
1036;1949
1036;1509
1037;1216
1037;2159
1038;1742
1038;1278
1039;1818
1039;1757
1039;643
1040;1150
1040;786
1040;1310
1041;2123
1041;1598
1041;1978
1042;1573
1042;2125
1043;1802
1043;1263
1044;1476
1044;1144
1044;162
1044;2039
1045;1481
1045;1605
1045;1647
1045;2136
1046;1586
1046;1870
1046;1661
1046;1252
1047;1655
1047;1517
1047;1623
1048;1982
1048;2172
1048;2045
1048;1288
1049;1879
1049;1031
1050;1815
1050;1316
1050;1991
1050;1606
1050;810
1051;2015
1051;1533
1051;643
1052;1171
1052;2065
1052;1491
1053;1091
1053;1347
1053;1941
1053;1497
1054;1321
1054;1240
1054;168
1055;1085
1055;1075
1056;2018
1056;1437
1056;983
1056;1332
1057;1174
1057;1829
1057;1658
1058;1528
1058;1217
1058;1135
1058;1926
1058;1594
1059;489
1059;1720
1059;1014
1059;1204
1060;1471
1060;1569
1060;2062
1061;421
1061;73
1062;1665
1062;1480
1062;1872
1063;1272
1063;1597
1063;1291
1063;1416
1064;2144
1064;277
1064;2133
1064;1258
1064;442
1065;1216
1065;1037
1065;1682
1066;1556
1066;1101
1067;2072
1067;1698
1067;1713
1068;1967
1068;1769
1068;471
1069;1333
1069;1110
1069;1505
1070;1507
1070;1638
1070;1173
1070;1593
1071;1910
1071;1803
1071;2119
1072;1389
1072;1012
1072;1530
1072;1780
1073;1513
1073;1125
1073;1237
1074;1178
1074;1942
1075;1246
1075;1602
1075;865
1076;1306
1076;2114
1077;1351
1077;560
1077;1729
1078;2105
1078;2069
1078;2162
1079;1542
1079;1421
1080;1753
1080;1400
1080;197
1081;1398
1081;1525
1081;1990
1082;1083
1082;1366
1083;1986
1084;1367
1084;1666
1085;1252
1085;319
1085;1959
1086;434
1086;450
1087;1755
1087;145
1087;854
1087;2173
1088;1817
1088;2064
1088;1548
1089;1558
1089;1262
1089;1423
1089;855
1090;2050
1090;1157
1090;1379
1091;1347
1091;1941
1091;498
1091;1497
1092;1683
1092;1442
1092;2178
1092;1162
1093;1631
1093;1903
1093;1526
1093;1919
1094;2141
1094;1709
1094;1345
1095;2045
1096;1924
1096;537
1096;170
1096;1706
1097;2068
1097;1961
1097;1796
1097;30
1098;1444
1098;1733
1098;1869
1098;1116
1099;1728
1099;2114
1099;1272
1099;1291
1100;1668
1101;1556
1102;1853
1102;1861
1103;1787
1103;1293
1104;1450
1104;956
1104;1380
1105;1489
1105;1284
1105;457
1106;2039
1106;1774
1106;1884
1106;2106
1107;1872
1107;1480
1107;1360
1107;1721
1108;1678
1109;1616
1110;1505
1110;1560
1110;1721
1110;1333
1111;1605
1111;2136
1112;1452
1112;1930
1112;1663
1112;1412
1113;1651
1113;1902
1113;1766
1113;1800
1114;2029
1114;2027
1114;2095
1115;2037
1115;1754
1115;185
1116;1675
1116;1241
1116;1733
1117;1138
1117;1364
1117;1195
1117;1244
1118;1954
1118;2157
1118;1917
1118;578
1119;2094
1119;1456
1119;1920
1119;1458
1119;2116
1120;2118
1121;1568
1121;1312
1121;419
1122;1700
1122;1942
1122;1004
1122;1074
1123;2148
1123;1193
1123;1434
1123;356
1124;1475
1124;1620
1125;1513
1126;2163
1126;1440
1126;1245
1127;1886
1127;1179
1127;1805
1127;339
1128;2165
1128;1354
1129;1831
1129;805
1129;1189
1130;1852
1130;2153
1130;1215
1130;1853
1131;2000
1131;2077
1131;787
1132;2075
1132;1484
1132;1985
1132;1337
1132;2157
1133;1490
1133;1911
1133;25
1134;1767
1134;163
1134;1113
1134;1902
1135;1926
1135;1762
1135;1528
1135;1217
1136;783
1136;1320
1137;1618
1137;1289
1137;278
1137;1233
1138;1195
1138;1364
1139;1897
1139;1795
1139;1343
1140;1497
1140;1941
1140;493
1140;1441
1141;546
1141;1465
1141;413
1142;1419
1142;1316
1142;810
1143;2043
1143;1369
1143;2080
1144;1950
1144;1476
1144;364
1145;237
1145;1640
1145;93
1146;1538
1146;1241
1146;1733
1147;2081
1147;1691
1147;1663
1148;1656
1148;749
1148;39
1148;1587
1149;1506
1149;1266
1150;310
1151;1305
1151;1459
1151;1499
1152;1622
1152;2058
1152;1159
1152;1855
1153;1529
1153;1671
1153;1874
1153;2014
1154;1890
1154;1572
1154;104
1155;2169
1155;1664
1155;1792
1156;1719
1156;1830
1156;1330
1157;1379
1157;2050
1157;1551
1158;2177
1158;2052
1158;2067
1158;1626
1158;965
1159;1880
1159;1622
1159;1540
1159;1712
1159;1248
1160;1372
1160;1964
1161;2032
1161;1422
1161;2084
1161;1467
1162;1519
1162;1309
1162;508
1163;1899
1163;1765
1163;711
1163;1482
1164;1185
1164;1585
1164;1836
1164;309
1165;1539
1165;2041
1165;533
1165;1803
1165;767
1166;1111
1167;1470
1167;1460
1167;1996
1168;1752
1168;1315
1168;1712
1168;1248
1169;418
1169;695
1170;2154
1170;2087
1170;2017
1170;1933
1171;2065
1171;797
1173;1638
1173;1507
1174;1658
1175;1582
1176;1690
1176;1523
1177;1957
1177;1390
1178;1942
1179;1805
1179;1886
1179;525
1180;1255
1181;1787
1181;9
1181;1293
1181;1103
1181;47
1182;1587
1182;2139
1182;650
1182;1557
1183;1736
1183;1519
1184;1788
1184;2172
1185;1585
1186;2129
1187;1254
1187;1700
1187;1902
1187;1651
1187;1113
1188;1308
1188;2127
1188;2128
1188;1500
1189;1570
1190;1928
1190;1547
1190;234
1190;105
1190;1620
1191;2115
1191;1860
1191;1608
1191;370
1192;2109
1192;1956
1192;1449
1193;1434
1193;1226
1193;580
1194;1269
1194;825
1194;845
1195;1364
1196;1743
1196;1208
1196;1775
1197;1667
1197;1202
1197;1749
1197;717
1197;1462
1198;2147
1198;1834
1198;748
1199;1592
1199;1688
1199;1750
1200;1492
1200;1294
1200;1491
1201;1543
1201;1411
1201;1416
1201;1597
1201;722
1202;1667
1202;1749
1203;1392
1203;1936
1203;917
1204;1604
1204;1657
1205;1386
1205;1585
1206;882
1206;758
1206;1256
1207;1349
1207;1599
1207;1697
1208;1743
1208;1702
1209;1374
1209;671
1210;1798
1210;2088
1210;22
1211;1777
1211;1518
1211;103
1211;2095
1212;1234
1212;1566
1212;1748
1213;1637
1213;1506
1213;1149
1214;2059
1214;2167
1214;2049
1214;2030
1214;2057
1215;2153
1215;907
1216;2159
1217;1528
1217;1788
1218;1913
1218;1710
1218;1789
1218;1643
1219;1871
1219;1920
1219;412
1219;1577
1220;1665
1221;1384
1221;1018
1222;1302
1222;1537
1222;688
1223;1619
1223;1502
1223;1964
1223;1317
1224;837
1224;906
1224;1653
1224;1488
1225;1366
1225;1613
1226;1479
1226;1434
1227;2160
1227;1822
1227;1336
1228;1274
1228;10
1228;1020
1229;1243
1229;1769
1230;1768
1230;2106
1230;262
1231;1348
1231;1579
1231;2098
1232;2121
1232;1467
1232;1422
1232;407
1233;1893
1233;2009
1233;1618
1234;1748
1234;1566
1235;1251
1235;1430
1236;2173
1236;2020
1236;261
1237;1796
1238;1579
1238;2113
1239;1674
1239;1735
1240;2177
1240;571
1240;1158
1241;1675
1241;1733
1242;1982
1242;1048
1242;1336
1243;1769
1243;1967
1245;1441
1245;949
1246;1479
1246;1226
1247;1610
1247;1522
1248;2058
1248;1622
1248;1880
1249;1457
1249;980
1249;1551
1249;1687
1250;1394
1250;1680
1250;744
1251;1430
1251;119
1252;1661
1252;1870
1253;2053
1253;1715
1253;1811
1253;1650
1254;1700
1254;1651
1254;1800
1255;591
1256;587
1256;223
1257;1318
1257;2023
1258;2144
1258;1515
1259;2004
1259;1532
1259;933
1260;1361
1260;1310
1260;2102
1261;1301
1261;1546
1261;1835
1261;123
1261;21
1262;1423
1262;1558
1262;1877
1262;855
1263;1802
1263;1937
1263;694
1263;461
1264;1579
1264;332
1264;1238
1264;1231
1265;1445
1265;1885
1265;349
1266;599
1266;1506
1266;16
1267;1684
1267;1592
1268;1544
1268;1574
1268;478
1269;416
1269;845
1270;1314
1270;881
1271;1478
1271;854
1271;1516
1272;1597
1272;1728
1272;1291
1273;1832
1273;426
1274;1428
1274;1488
1274;823
1275;1424
1275;1562
1275;2021
1276;1804
1276;2122
1276;1390
1277;2101
1278;2138
1278;118
1279;1383
1279;1608
1279;1749
1280;2132
1281;1335
1281;1647
1281;856
1281;1719
1282;1466
1282;1730
1283;1744
1283;660
1283;1929
1284;1362
1284;1657
1285;1745
1285;1306
1285;98
1286;1971
1286;2126
1287;1483
1287;1414
1287;902
1287;1510
1288;2172
1288;2045
1288;1788
1288;1095
1289;938
1290;1339
1290;814
1290;1375
1291;1728
1291;2114
1292;1931
1292;1457
1292;1687
1293;1787
1293;1877
1294;1939
1294;1940
1295;1927
1295;1088
1295;1848
1296;1034
1296;1243
1297;400
1297;2166
1297;378
1298;1993
1298;158
1299;1337
1299;2139
1299;2157
1300;1738
1300;2176
1301;1835
1301;1227
1302;1537
1302;1992
1303;2099
1303;1449
1304;927
1304;1426
1304;781
1305;1459
1305;1499
1306;1745
1306;38
1307;383
1307;1412
1307;1053
1308;2127
1308;2128
1308;970
1309;1786
1309;1992
1310;1361
1311;1385
1311;1448
1312;1568
1312;1596
1313;795
1314;1559
1314;861
1314;1641
1315;1712
1315;1880
1315;1865
1315;1159
1315;1999
1316;1601
1317;1922
1317;1964
1317;1502
1317;1988
1317;188
1318;2023
1319;1343
1319;1795
1319;431
1319;1286
1319;1578
1320;1429
1320;300
1321;1240
1321;168
1322;1871
1322;1564
1322;1577
1323;1549
1323;1374
1323;71
1324;2063
1324;1692
1324;216
1324;467
1324;972
1325;1669
1325;1862
1325;1630
1325;1628
1326;2169
1326;1155
1326;2047
1327;1760
1327;1866
1327;408
1327;316
1328;2001
1328;1908
1328;1938
1328;1729
1329;1731
1329;1405
1329;2097
1329;403
1330;1531
1330;1830
1330;1719
1331;1891
1331;1977
1331;1403
1332;1831
1332;812
1332;1616
1332;1109
1333;1560
1333;1665
1334;1965
1334;1791
1335;1647
1335;1447
1335;1418
1336;1822
1336;2160
1337;2157
1337;1954
1338;1828
1338;1607
1338;876
1339;1375
1340;2042
1340;1440
1340;2163
1340;949
1340;173
1341;1644
1341;1376
1341;265
1342;2027
1342;1535
1342;2014
1342;1114
1343;1795
1343;1286
1343;1971
1344;2077
1344;1645
1344;1976
1345;2141
1345;1709
1346;2176
1346;1751
1347;1941
1347;1497
1347;1140
1348;1879
1348;1579
1349;1599
1349;2117
1349;2026
1350;1603
1350;990
1350;559
1351;1729
1351;462
1351;1352
1352;2057
1352;573
1352;462
1353;1763
1353;1529
1354;1143
1355;460
1355;1571
1355;2125
1356;1357
1356;1823
1356;2048
1356;1758
1357;1823
1357;2048
1357;1892
1358;1991
1358;1815
1358;1050
1359;1761
1359;2142
1359;2084
1359;2100
1360;1721
1360;1480
1360;1560
1360;1872
1360;1665
1363;1907
1363;1511
1363;789
1364;1244
1365;1783
1365;2163
1366;1613
1367;1666
1368;1419
1368;1430
1369;2043
1369;129
1369;376
1370;1612
1370;2175
1370;1807
1371;1581
1371;991
1371;1857
1372;1905
1372;300
1373;1958
1373;1584
1373;2138
1374;1549
1375;1642
1375;723
1376;1644
1376;1873
1376;68
1376;260
1377;1817
1377;561
1377;1247
1377;1088
1377;2064
1378;1894
1378;1937
1378;1043
1379;1551
1379;2050
1380;1686
1380;1089
1380;1450
1381;1821
1382;1995
1382;1974
1382;1984
1382;1669
1383;1617
1384;1708
1384;345
1386;1836
1386;1498
1386;309
1387;2049
1388;1415
1388;1642
1388;1641
1388;1447
1389;290
1389;1780
1390;1804
1391;329
1391;1095
1392;1936
1393;2030
1395;1330
1395;1740
1396;1940
1396;490
1397;1978
1397;1598
1398;1525
1398;1990
1399;1453
1399;2126
1399;1971
1399;1286
1400;1837
1400;1670
1400;1850
1401;1458
1401;2116
1401;1119
1402;1563
1402;1702
1402;1588
1402;2023
1402;1208
1403;1596
1403;1508
1403;1312
1403;1031
1404;1797
1404;2086
1404;794
1404;253
1405;1731
1405;1968
1406;1494
1406;2139
1406;1299
1407;2092
1407;2056
1407;1451
1407;1796
1408;1653
1408;1488
1408;1428
1408;10
1409;1581
1409;1371
1409;690
1410;2079
1410;1704
1410;2064
1410;1589
1410;1756
1411;1543
1411;1416
1411;1597
1412;1663
1412;282
1412;1452
1413;1974
1413;1995
1413;1382
1413;1771
1413;1515
1414;1510
1414;1455
1414;902
1415;1642
1415;1447
1415;1418
1416;1773
1416;1543
1417;1846
1417;1454
1417;2158
1418;1447
1418;279
1418;377
1419;770
1420;1706
1420;2128
1421;1542
1421;1659
1422;1467
1422;2032
1422;1359
1423;1558
1423;1877
1424;1562
1424;2104
1424;554
1425;1826
1425;1952
1425;2025
1425;913
1426;955
1427;1684
1428;1488
1428;1653
1429;941
1429;1682
1430;2084
1431;217
1431;271
1431;2085
1432;1607
1432;1887
1433;1929
1433;255
1435;1983
1436;2091
1436;1819
1436;2095
1436;2029
1437;1713
1437;2018
1437;1109
1438;1710
1438;1789
1438;1913
1438;1678
1439;2078
1439;1891
1439;320
1440;2042
1440;2163
1441;1691
1442;1683
1442;1898
1442;1784
1443;1859
1444;1869
1444;1733
1445;1885
1445;1976
1445;41
1446;1461
1447;279
1447;1647
1448;338
1449;926
1449;2099
1449;1905
1450;1558
1450;155
1450;1089
1451;176
1451;1517
1452;1663
1452;282
1453;1649
1453;204
1453;2022
1454;1846
1454;1729
1456;2094
1456;1920
1456;1577
1457;1687
1457;1551
1457;2050
1458;2116
1459;1499
1460;1996
1460;1735
1461;713
1462;2047
1462;1552
1462;1779
1463;2055
1463;1878
1463;2013
1464;2124
1464;1633
1464;1671
1465;768
1466;1730
1467;2032
1468;2110
1468;1944
1468;707
1468;1185
1468;174
1469;2046
1469;2107
1470;1496
1470;664
1471;1569
1472;596
1472;784
1473;750
1473;1997
1474;1661
1474;1870
1474;1046
1475;1620
1476;1576
1476;1583
1477;1790
1477;1901
1477;110
1478;244
1478;1516
1478;981
1479;1434
1480;1872
1480;700
1481;1647
1481;1281
1481;1335
1482;2077
1482;1765
1482;1645
1482;711
1483;1981
1483;1512
1483;1555
1483;302
1484;2075
1484;1985
1484;2145
1485;1773
1485;2096
1485;1416
1485;1929
1486;2074
1486;1858
1486;1809
1487;1498
1487;420
1487;1958
1487;1679
1488;1653
1489;1215
1490;1911
1490;2009
1490;1893
1491;1492
1491;2065
1491;936
1491;2132
1492;2065
1492;785
1493;1639
1493;1878
1493;1463
1495;2152
1495;1957
1495;1918
1495;1213
1496;1452
1497;1941
1497;493
1498;1679
1498;1541
1498;420
1500;2003
1500;2127
1500;1924
1500;2128
1501;1737
1501;1679
1501;1541
1502;1567
1502;1922
1502;1619
1503;2153
1504;1648
1504;2002
1504;1855
1504;542
1504;430
1505;2097
1505;1333
1505;1560
1506;1637
1507;1593
1507;1638
1507;1534
1508;989
1508;584
1509;1890
1510;1455
1510;902
1511;1624
1511;811
1512;1981
1512;1287
1513;1237
1514;1633
1514;581
1514;1985
1514;2124
1515;1974
1516;1755
1517;1851
1517;539
1518;1777
1518;2095
1519;1309
1520;1844
1520;1699
1520;648
1521;526
1521;512
1522;2123
1523;1690
1523;548
1524;1951
1524;1875
1524;1772
1524;518
1525;1990
1526;1631
1526;181
1527;1583
1527;1576
1527;1615
1528;1594
1528;1926
1529;1671
1530;1780
1530;2051
1531;1830
1531;1719
1531;1156
1532;2004
1532;1557
1532;1656
1533;2015
1533;1818
1534;1593
1534;1070
1535;2011
1535;2027
1535;1903
1535;1945
1536;1696
1536;915
1536;762
1537;1786
1537;1992
1538;1632
1538;1636
1539;2041
1539;1803
1539;1910
1540;1880
1540;1865
1540;1622
1541;1679
1543;1597
1545;1932
1545;2119
1545;1803
1546;123
1546;21
1546;1301
1547;1620
1547;1741
1548;1955
1548;1848
1549;671
1549;509
1550;2033
1550;2129
1551;1687
1551;2050
1552;2047
1552;1383
1553;2149
1553;1609
1554;2102
1554;1260
1554;1310
1554;20
1554;310
1555;1688
1555;1592
1555;1287
1555;1199
1557;1587
1557;1656
1557;2004
1559;1641
1559;1760
1559;985
1559;1327
1560;1721
1560;626
1561;1572
1561;1806
1561;1890
1562;2104
1562;2076
1563;2023
1563;1702
1563;82
1563;1257
1564;1871
1565;1857
1565;935
1565;2168
1567;336
1567;414
1568;419
1570;1709
1571;311
1571;503
1572;1890
1572;1509
1573;2006
1574;199
1574;122
1575;1816
1576;1583
1577;1871
1578;2013
1578;2073
1578;431
1578;2055
1580;2022
1580;1649
1582;1952
1582;1826
1583;1615
1584;1793
1586;1870
1587;1532
1587;1656
1588;1563
1588;830
1588;1208
1589;1704
1589;2079
1589;2064
1590;1692
1590;2063
1590;1218
1590;1324
1590;1913
1591;1810
1591;1195
1592;1688
1594;197
1595;1888
1595;176
1595;1851
1596;1031
1596;11
1598;1978
1598;161
1599;1697
1600;1764
1600;848
1600;1979
1601;1827
1602;1124
1602;959
1602;1475
1602;1246
1603;1925
1603;1748
1604;1657
1605;2136
1605;210
1605;1541
1606;1815
1606;1991
1606;1694
1607;1828
1607;1887
1608;1749
1608;370
1609;1876
1609;2149
1609;749
1610;2026
1610;1522
1612;1807
1612;1838
1613;2028
1614;1960
1614;1809
1614;1198
1615;1576
1616;1859
1616;1831
1617;2038
1617;1945
1617;297
1617;189
1618;1289
1619;1964
1619;783
1619;1160
1619;1372
1621;1889
1621;1947
1622;2058
1623;1655
1623;1517
1623;1456
1624;811
1624;1895
1625;1685
1625;698
1625;1348
1626;2052
1626;2033
1626;2067
1627;2054
1627;1718
1628;1862
1628;1230
1628;2106
1628;218
1629;1969
1629;1854
1629;1881
1630;1867
1630;1862
1630;1669
1632;1979
1633;2108
1633;839
1633;1671
1634;1549
1634;1323
1635;121
1635;542
1636;1963
1636;1632
1637;599
1637;1149
1639;1878
1639;1463
1639;2073
1640;237
1640;720
1640;1861
1640;497
1641;65
1642;942
1642;1447
1643;1913
1643;543
1643;1710
1644;1873
1644;260
1644;1175
1645;2077
1645;893
1646;1927
1646;1756
1646;1410
1648;967
1648;1855
1648;1500
1649;2022
1649;55
1650;1811
1651;1766
1651;1800
1651;1902
1652;1792
1652;1155
1652;27
1652;1667
1654;202
1654;825
1654;443
1655;1517
1655;127
1655;1851
1656;2149
1656;1553
1658;1829
1659;1542
1659;1079
1660;2159
1660;1216
1660;1746
1661;1870
1662;1
1662;552
1662;1746
1664;2169
1664;1772
1666;1745
1667;1792
1667;717
1669;1771
1669;1995
1670;1781
1670;1837
1670;1850
1671;1874
1671;361
1672;2099
1672;550
1672;1303
1672;926
1674;661
1675;1970
1675;1098
1676;1779
1676;815
1676;662
1677;2133
1677;1984
1677;442
1678;1710
1679;1737
1680;893
1680;41
1681;1396
1681;1751
1681;387
1681;1940
1683;732
1684;1847
1685;994
1685;1030
1686;1089
1686;844
1687;980
1687;551
1687;1379
1688;1750
1689;2135
1689;1849
1689;1914
1689;731
1690;548
1691;2081
1692;2063
1692;2164
1693;1151
1693;1305
1694;1991
1694;1987
1694;1738
1695;1901
1695;1790
1696;258
1696;762
1696;1127
1697;2117
1697;52
1697;642
1698;2072
1698;2036
1699;1858
1700;1800
1700;1651
1701;2089
1701;741
1701;1819
1702;1775
1702;1196
1703;2130
1703;2067
1704;1756
1704;2079
1705;2107
1705;2040
1706;986
1706;362
1707;1825
1707;2146
1707;2002
1707;987
1708;1812
1709;2141
1710;1789
1710;1913
1711;434
1711;1477
1711;526
1712;1880
1712;1865
1712;1999
1713;2072
1714;1613
1714;1225
1714;2028
1715;2053
1715;2179
1716;1727
1716;1887
1716;884
1716;402
1717;1966
1717;182
1718;2054
1719;1830
1720;2145
1721;1480
1721;1872
1723;1167
1724;2051
1724;862
1725;1994
1725;1421
1725;2060
1726;1449
1726;524
1726;611
1727;1887
1727;402
1727;61
1728;2114
1728;1063
1730;2031
1730;1810
1731;506
1732;1962
1732;1928
1732;576
1733;1869
1734;1594
1734;146
1735;1820
1736;832
1736;632
1737;1740
1738;1987
1738;423
1739;1944
1739;2110
1740;2174
1741;1620
1741;6
1741;234
1742;1753
1743;1775
1744;1929
1744;2096
1745;107
1746;1959
1746;552
1748;1925
1749;370
1750;1592
1750;342
1752;693
1753;1837
1753;304
1754;2037
1755;981
1756;400
1757;2074
1757;1818
1758;1497
1758;1140
1758;1022
1759;2086
1759;467
1759;216
1760;1866
1760;316
1760;408
1761;2142
1761;2084
1761;298
1762;1926
1762;1531
1762;463
1762;622
1763;2019
1764;1979
1764;1632
1764;1538
1764;2001
1765;1645
1766;1800
1766;1902
1767;1113
1767;1902
1769;1967
1770;1856
1770;2080
1770;358
1771;1995
1771;1325
1771;1382
1773;1291
1774;368
1774;1884
1774;487
1776;333
1776;2062
1777;2095
1777;2089
1778;1801
1779;2047
1779;662
1780;2051
1781;1837
1781;1850
1782;902
1783;233
1784;1898
1784;1896
1785;112
1786;1992
1788;2172
1789;1913
1790;1901
1790;110
1791;1965
1792;1197
1792;1326
1793;1948
1794;1882
1794;183
1796;1961
1796;2092
1796;885
1797;2086
1797;794
1798;1566
1799;1856
1799;1008
1799;1770
1799;1990
1800;163
1803;2119
1803;1910
1804;536
1804;2122
1805;1850
1805;525
1806;1036
1806;1572
1806;1509
1807;1965
1807;13
1807;314
1808;2156
1808;1032
1809;1960
1812;1993
1813;1953
1813;1908
1814;2002
1815;1991
1816;264
1817;2064
1817;2079
1818;2015
1818;643
1819;2091
1819;2095
1819;297
1819;2029
1820;1906
1820;1345
1820;444
1821;2134
1822;2160
1822;861
1823;2048
1823;1904
1824;1002
1824;219
1825;2002
1825;2146
1825;2003
1826;1952
1826;194
1827;2166
1828;964
1828;1432
1829;1185
1831;1109
1833;2111
1833;2113
1834;2147
1835;1894
1835;1378
1836;704
1837;1850
1838;984
1839;895
1840;2062
1840;1060
1841;208
1841;196
1841;19
1841;1992
1842;437
1842;247
1842;1690
1843;1478
1843;777
1844;1219
1844;1920
1845;2021
1845;1275
1845;192
1846;2158
1848;153
1848;1088
1849;2135
1849;1166
1849;488
1851;1451
1851;539
1852;2153
1852;1853
1854;1969
1854;1881
1854;1868
1855;77
1855;128
1856;1990
1857;2168
1858;2074
1860;2115
1861;521
1862;1867
1863;2131
1863;142
1864;1895
1864;149
1865;1880
1866;2160
1867;1325
1867;1669
1868;1654
1868;395
1868;845
1868;202
1872;700
1873;1341
1873;68
1873;2004
1875;1951
1875;1232
1875;256
1876;1553
1876;749
1877;1558
1878;2055
1879;419
1879;11
1881;1969
1881;1320
1882;2140
1882;183
1883;2170
1883;2115
1884;380
1884;1950
1884;2039
1885;41
1885;1976
1886;1805
1888;176
1888;2116
1889;1947
1891;2078
1891;452
1891;320
1892;2048
1892;1823
1893;2009
1893;278
1893;982
1893;1137
1894;1043
1895;1939
1895;1294
1896;1898
1896;1442
1897;1795
1899;1765
1899;31
1900;1574
1903;2011
1904;2093
1904;2041
1904;1909
1904;2137
1905;2099
1905;1303
1906;444
1908;1953
1909;2137
1909;2041
1909;2093
1910;2119
1911;2009
1911;1893
1912;1999
1912;1946
1912;947
1914;2135
1915;2179
1915;1715
1915;658
1915;393
1916;1169
1916;872
1917;1204
1918;2152
1918;663
1919;1966
1920;2094
1921;2021
1921;1275
1921;922
1922;1964
1922;783
1923;411
1924;2128
1924;2003
1926;463
1926;622
1927;29
1927;1410
1928;588
1928;1962
1929;2096
1930;1452
1930;1412
1930;250
1931;1249
1931;1457
1932;657
1932;1271
1932;981
1932;655
1933;2087
1933;2154
1934;2097
1934;1329
1934;634
1934;1505
1935;1957
1935;1177
1936;1426
1936;283
1937;1802
1937;1894
1938;2001
1938;2085
1938;1077
1939;1200
1939;2065
1940;1200
1943;2122
1943;2161
1943;2070
1943;2037
1944;2110
1945;2038
1945;189
1945;297
1946;874
1946;1999
1946;1315
1948;2035
1948;456
1948;1584
1949;2168
1951;1772
1951;684
1954;2157
1954;650
1956;2109
1957;536
1958;2138
1959;1252
1959;319
1960;748
1961;2068
1961;1237
1962;2164
1963;755
1964;300
1964;594
1965;1614
1966;2019
1969;807
1970;2154
1971;2126
1972;1989
1972;2150
1972;1154
1973;2089
1974;1995
1974;1771
1975;599
1975;1266
1975;1213
1975;2152
1976;744
1977;452
1977;2078
1977;320
1977;833
1979;651
1979;1538
1980;1499
1981;607
1981;1287
1982;2172
1983;1204
1983;978
1985;2075
1986;417
1987;2176
1988;950
1988;831
1989;2150
1994;2060
1997;2110
1997;750
1997;606
1998;2031
1998;1784
1998;582
2000;2077
2000;1017
2001;1908
2002;542
2003;2127
2003;2128
2003;686
2005;1704
2006;565
2006;951
2007;2024
2007;2105
2007;2069
2008;659
2008;1302
2008;1222
2008;1992
2009;278
2010;2082
2010;137
2011;1093
2011;424
2011;1631
2012;1914
2012;750
2013;2073
2013;2055
2013;1319
2014;2027
2014;1529
2015;774
2016;522
2017;2087
2017;2154
2017;1933
2018;1431
2019;1903
2024;2105
2024;2069
2024;2017
2025;2102
2025;1260
2026;928
2026;1207
2026;1599
2027;2038
2027;297
2029;2095
2030;271
2030;217
2031;1810
2032;2084
2033;2052
2034;2076
2035;2090
2035;751
2035;1793
2036;2044
2036;2072
2036;1067
2037;305
2039;502
2039;117
2040;2107
2042;2163
2042;949
2042;173
2043;1354
2044;1713
2044;235
2046;1877
2047;447
2049;805
2052;2067
2053;2179
2055;2073
2056;2040
2056;806
2057;2167
2057;2059
2058;1159
2059;2167
2059;158
2059;462
2060;2080
2061;477
2061;1295
2061;1927
2062;1471
2063;216
2063;467
2064;2079
2064;1704
2066;461
2066;792
2066;1043
2068;1796
2068;1237
2069;2105
2070;2161
2071;592
2071;1322
2073;1878
2073;1463
2074;1699
2075;2145
2076;2104
2079;1756
2080;945
2081;1022
2082;1900
2082;321
2083;1042
2083;132
2083;619
2085;1393
2087;2154
2088;1754
2088;696
2090;1034
2090;1229
2090;1273
2091;297
2091;2029
2091;2095
2092;494
2093;2041
2093;2137
2094;1458
2094;2116
2095;297
2096;729
2097;1069
2100;2142
2100;1761
2102;475
2104;2034
2106;1768
2106;1771
2108;2145
2108;839
2108;269
2108;2075
2109;1449
2111;2113
2111;922
2112;122
2112;795
2117;1599
2117;62
2120;2143
2121;1467
2121;1422
2122;2161
2122;2070
2123;773
2124;108
2125;565
2126;431
2126;906
2126;837
2127;2128
2129;589
2131;85
2131;1440
2132;912
2132;86
2133;277
2133;1984
2133;442
2134;97
2134;187
2134;850
2135;731
2137;533
2139;581
2140;1999
2144;1515
2146;1033
2146;1678
2148;1672
2148;356
2148;1193
2150;499
2151;267
2151;1962
2152;706
2155;2158
2155;370
2156;323
2156;1968
2158;337
2158;1454
2162;32
2162;850
2164;2171
2165;2119
2166;43
2170;764
2171;588
2171;576
2173;418
2174;1156
2175;1026
2175;1612
2175;955
2177;2067
2177;571
2177;2052
2178;508
2178;1683
2178;716
2180;433
2180;1869
2180;1523
2180;905
2180;1733
2181;2180
2181;433
2181;1600
2181;1146
2181;350
2182;350
2182;979
2182;1235
2182;433
2182;284
2183;184
2183;1146
2183;1733
2183;1869
2183;2180
2184;1713
2184;1437
2184;838
2184;179
2184;1109
2185;2183
2185;2180
2185;2181
2185;1869
2185;184
2186;2085
2186;651
2186;705
2186;217
2186;151
2187;2184
2187;1437
2187;1713
2187;838
2187;1109
2188;905
2188;1869
2188;2185
2188;2180
2188;1444
2189;1146
2189;755
2189;184
2189;1538
2189;301
2190;1251
2190;1235
2190;979
2190;284
2190;1430
2191;651
2191;1632
2191;1979
2191;151
2191;2186
2192;1235
2192;1251
2192;2190
2192;350
2192;979
2193;433
2193;1600
2193;2181
2193;350
2193;2180
2194;1813
2194;1953
2194;94
2194;109
2194;1908
2195;1352
2195;961
2195;158
2195;573
2195;2170
2196;2085
2196;151
2196;2186
2196;1938
2196;271
2197;2195
2197;573
2197;158
2197;1352
2197;961
2198;175
2198;2018
2198;1431
2198;739
2198;705
2199;1351
2199;1077
2199;560
2199;1729
2199;1328
2200;739
2200;2018
2200;1056
2200;2198
2200;1437
2201;1869
2201;2188
2201;905
2201;1444
2201;1733
2202;705
2202;2186
2202;1431
2202;651
2202;2191
2203;1908
2203;612
2203;109
2203;2194
2203;1953
2204;1437
2204;2187
2204;2184
2204;739
2204;1713
2205;2188
2205;2201
2205;2180
2205;2185
2205;1869
2206;1098
2206;1733
2206;1116
2206;1241
2206;775
2207;2183
2207;2185
2207;1146
2207;184
2207;1733
2208;848
2208;1600
2208;1953
2208;203
2208;350
2209;1979
2209;2191
2209;1632
2209;651
2209;1764
2210;2209
2210;2191
2210;1979
2210;1632
2210;151
2211;1393
2211;2167
2211;725
2211;993
2211;2030
2212;2203
2212;1908
2212;612
2212;2194
2212;1953
2213;739
2213;2018
2213;2200
2213;2204
2213;1437
2214;158
2214;961
2214;2057
2214;1352
2214;2197
2215;217
2215;271
2215;1393
2215;993
2215;2186
2216;2183
2216;2207
2216;184
2216;1146
2216;2185
2217;2206
2217;1098
2217;775
2217;1116
2217;1444
2218;1194
2218;523
2218;1444
2218;416
2218;905
2219;2200
2219;2198
2219;2018
2219;1431
2219;739
2220;612
2220;1454
2220;1729
2220;109
2220;1846
2221;1713
2221;179
2221;2184
2221;2187
2221;1067
2222;2198
2222;175
2222;1963
2222;1636
2222;1431
2223;94
2223;203
2223;1251
2223;2190
2223;2192
2224;733
2224;2044
2224;974
2224;235
2224;2036
2225;1538
2225;1632
2225;1979
2225;1764
2225;755
2226;2167
2226;2211
2226;2059
2226;1214
2226;2057
2227;2001
2227;1328
2227;1938
2227;848
2227;1908
2228;2223
2228;2190
2228;1251
2228;1235
2228;2192
2229;848
2229;2227
2229;2208
2229;1328
2229;1908
2230;733
2230;2224
2230;2044
2230;974
2230;1713
2231;1077
2231;1351
2231;2199
2231;462
2231;961
2232;407
2232;1813
2232;94
2232;2194
2232;2032
2233;2218
2233;1194
2233;523
2233;1269
2233;416
2234;1077
2234;1351
2234;1938
2234;2231
2234;2199
2235;2206
2235;1098
2235;1733
2235;2217
2235;1241
2236;2197
2236;2195
2236;2214
2236;1352
2236;158
2237;725
2237;462
2237;2234
2237;1393
2237;2211
2238;2191
2238;1632
2238;2209
2238;2210
2238;1979
2239;301
2239;2189
2239;1241
2239;727
2239;1675
2240;2227
2240;1328
2240;2229
2240;2001
2240;848
2241;1970
2241;235
2241;2239
2241;301
2241;1675
2242;2208
2242;203
2242;1953
2242;848
2242;350
2243;2199
2243;560
2243;1351
2243;1729
2243;2231
2244;1908
2244;848
2244;2240
2244;2229
2244;2212
2245;2218
2245;1444
2245;775
2245;1098
2245;2233
2246;94
2246;2232
2246;407
2246;1813
2246;203
2247;1733
2247;2235
2247;2206
2247;1098
2247;1869
2248;2167
2248;2226
2248;462
2248;2211
2248;2057
2249;1938
2249;2001
2249;2227
2249;151
2249;2210
2250;1600
2250;2193
2250;433
2250;1764
2250;2208
2251;2239
2251;301
2251;2241
2251;235
2251;727
2252;2246
2252;2232
2252;407
2252;94
2252;2032
2253;2237
2253;725
2253;2234
2253;462
2253;2196
2254;2180
2254;2181
2254;433
2254;2205
2254;2193
2255;2057
2255;2167
2255;2059
2255;2214
2255;2226
2256;2182
2256;2254
2256;433
2256;350
2256;2193
2257;993
2257;2030
2257;2215
2257;217
2257;271
2258;1938
2258;2001
2258;2227
2258;2249
2258;1328
2259;2210
2259;2191
2259;2209
2259;2238
2259;651
2260;301
2260;2239
2260;1675
2260;1241
2260;2251
2261;1523
2261;2205
2261;2188
2261;2180
2261;621
2262;651
2262;2202
2262;2191
2262;2238
2262;1636
2263;2211
2263;1393
2263;2248
2263;2226
2263;725
2264;2186
2264;217
2264;2215
2264;271
2264;2085
2265;1214
2265;2030
2265;2211
2265;2226
2265;2263
2266;1021
2266;1813
2266;2121
2266;109
2266;2232
2267;433
2267;2256
2267;2193
2267;350
2267;1600
2268;725
2268;2237
2268;462
2268;2248
2268;2263
2269;2187
2269;2204
2269;1437
2269;2184
2269;1713
2270;621
2270;620
2270;2233
2270;1523
2270;2218
2271;301
2271;2260
2271;2239
2271;1241
2271;1675
2272;2203
2272;612
2272;2212
2272;2220
2272;109
2273;2240
2273;2227
2273;2229
2273;2001
2273;2244
2274;2230
2274;733
2274;2224
2274;2044
2274;2204
2275;2044
2275;733
2275;2230
2275;2224
2275;2274
2276;2253
2276;2237
2276;725
2276;2268
2276;2234
2277;2204
2277;2269
2277;1437
2277;2184
2277;2274
2278;2242
2278;2208
2278;203
2278;1953
2278;848
2279;2018
2279;739
2279;2198
2279;2213
2279;2200
2280;905
2280;2218
2280;2233
2280;1444
2280;2245
2281;1437
2281;2213
2281;2204
2281;739
2281;2269
2282;2208
2282;848
2282;2242
2282;2278
2282;2229
2283;2243
2283;2199
2283;1351
2283;2231
2283;1077
2284;158
2284;2214
2284;2236
2284;573
2284;2197
2285;1056
2285;2257
2285;2030
2285;993
2285;747
2286;1675
2286;1116
2286;2260
2286;2271
2286;1241
2287;2192
2287;350
2287;1235
2287;979
2287;2182
2288;175
2288;2198
2288;2279
2288;2222
2288;235
2289;2186
2289;2264
2289;2085
2289;2202
2289;217
2290;1979
2290;2225
2290;2209
2290;1764
2290;1632
2291;2215
2291;217
2291;271
2291;2257
2291;993
2292;2212
2292;2203
2292;1908
2292;2272
2292;2244
2293;755
2293;727
2293;1538
2293;1636
2293;2189
2294;2290
2294;2225
2294;1979
2294;1764
2294;2209
2295;2227
2295;2001
2295;2240
2295;2273
2295;1328
2296;2256
2296;2182
2296;2254
2296;2267
2296;433
2297;2263
2297;2211
2297;1393
2297;993
2297;2030
2298;2001
2298;2295
2298;2227
2298;2273
2298;2249
2299;1764
2299;2294
2299;2290
2299;1979
2299;2225
2300;2287
2300;2192
2300;350
2300;1235
2300;979
2301;2229
2301;848
2301;2282
2301;2208
2301;2273
2302;2215
2302;2291
2302;217
2302;2264
2302;271
2303;2301
2303;2208
2303;2250
2303;2282
2303;2229
2304;2257
2304;993
2304;2030
2304;2291
2304;2285
2305;2233
2305;1194
2305;1269
2305;477
2305;2270
2306;2298
2306;2001
2306;2249
2306;2295
2306;1938
2307;2239
2307;2251
2307;301
2307;2260
2307;2271
2308;2251
2308;2307
2308;2239
2308;301
2308;2241
2309;2220
2309;1454
2309;612
2309;109
2309;1846
2310;2217
2310;2206
2310;1098
2310;2235
2310;775
2311;2307
2311;2308
2311;2251
2311;2239
2311;301
2312;2208
2312;2242
2312;2278
2312;2282
2312;2303
2313;2085
2313;271
2313;2196
2313;2264
2313;217
2314;1056
2314;2200
2314;2213
2314;739
2314;2018
2315;2252
2315;407
2315;2232
2315;2032
2315;2246
2316;1675
2316;2286
2316;1970
2316;2260
2316;2241
2317;2249
2317;2306
2317;2298
2317;2210
2317;1979
2318;2248
2318;2268
2318;462
2318;725
2318;2237
2319;2279
2319;2288
2319;2018
2319;175
2319;2198
2320;2279
2320;2198
2320;2018
2320;2319
2320;2219
2321;621
2321;2261
2321;1523
2321;2188
2321;2270
2322;2253
2322;2234
2322;2276
2322;2237
2322;725
2323;2296
2323;2256
2323;2254
2323;2267
2323;2181
2324;2199
2324;2234
2324;1351
2324;1077
2324;2258
2325;2267
2325;433
2325;1600
2325;350
2325;2193
2326;2235
2326;2247
2326;2206
2326;1733
2326;1241
2327;2207
2327;2185
2327;2183
2327;2216
2327;2181
2328;2256
2328;2296
2328;2323
2328;2182
2328;2267
2329;2245
2329;1098
2329;775
2329;2217
2329;1444
2330;2233
2330;2218
2330;1194
2330;2305
2330;523
2331;1214
2331;2226
2331;2265
2331;2059
2331;2211
2332;1431
2332;705
2332;2202
2332;2219
2332;2262
2333;993
2333;2030
2333;2257
2333;2304
2333;2297
2334;2193
2334;1600
2334;433
2334;2250
2334;2325
2335;2327
2335;2207
2335;2185
2335;2183
2335;2216
2336;1729
2336;1454
2336;560
2336;2220
2336;612
2337;2282
2337;848
2337;2301
2337;2229
2337;2208
2338;2057
2338;2255
2338;2214
2338;2167
2338;158
2339;2301
2339;2303
2339;2229
2339;1764
2339;2337
2340;993
2340;2333
2340;2304
2340;2257
2340;2030
2341;2299
2341;1764
2341;2294
2341;2225
2341;2250
2342;1953
2342;2194
2342;203
2342;94
2342;1813
2343;2332
2343;1431
2343;705
2343;2219
2343;2202
2344;1938
2344;2258
2344;2234
2344;2322
2344;2196
2345;2217
2345;2310
2345;2206
2345;1098
2345;775
2346;2207
2346;2327
2346;2335
2346;2183
2346;2216
2347;848
2347;2337
2347;2282
2347;2244
2347;2229
2348;2195
2348;1352
2348;446
2348;2197
2348;2236
2349;2324
2349;2199
2349;560
2349;1351
2349;1729
2350;2275
2350;2230
2350;2044
2350;733
2350;2072
2351;2321
2351;621
2351;1523
2351;2261
2351;1690
2352;2278
2352;2242
2352;2192
2352;203
2352;2312
2353;2306
2353;2001
2353;1938
2353;2298
2353;2249
2354;2348
2354;1352
2354;2195
2354;961
2354;2231
2355;2307
2355;2311
2355;2308
2355;2251
2355;2239
2356;1538
2356;2225
2356;755
2356;2294
2356;2293
2357;2274
2357;2277
2357;2230
2357;733
2357;2204
2358;1632
2358;2293
2358;755
2358;1538
2358;2225
2359;2285
2359;1056
2359;2304
2359;2314
2359;2257
2360;560
2360;2199
2360;2283
2360;1729
2360;2243
2361;462
2361;2237
2361;2318
2361;725
2361;2268
2362;2355
2362;2308
2362;2311
2362;2251
2362;2307
2363;2214
2363;961
2363;2236
2363;1352
2363;158
2364;2282
2364;2347
2364;848
2364;2337
2364;2208
2365;2303
2365;2301
2365;2208
2365;2339
2365;2312
2366;2194
2366;1813
2366;2342
2366;2232
2366;2246
2367;2298
2367;2001
2367;2306
2367;2295
2367;2227
2368;2196
2368;2085
2368;2313
2368;151
2368;2253
2369;2286
2369;1675
2369;1116
2369;2316
2369;2260
2370;1393
2370;2297
2370;2333
2370;271
2370;993
2371;2305
2371;2233
2371;2270
2371;2330
2371;2280
2372;2248
2372;2318
2372;462
2372;2361
2372;2167
2373;2357
2373;2277
2373;2274
2373;2230
2373;2184
2374;2306
2374;2353
2374;2367
2374;2298
2374;2001
2375;301
2375;2271
2375;2239
2375;2189
2375;1241
2376;407
2376;2315
2376;2232
2376;2121
2376;2032
2377;2167
2377;2255
2377;2057
2377;2338
2377;2226
2378;2335
2378;2346
2378;2327
2378;2207
2378;2356
2379;2281
2379;1437
2379;2213
2379;2204
2379;739
2380;433
2380;2193
2380;2181
2380;2334
2380;2323
2381;2276
2381;2322
2381;1077
2381;2253
2381;2231
2382;2249
2382;151
2382;2317
2382;2259
2382;2353
2383;462
2383;961
2383;2361
2383;2381
2383;2372
2384;94
2384;2246
2384;203
2384;2342
2384;2252
2385;1077
2385;2324
2385;2234
2385;1351
2385;2199
2386;2218
2386;2245
2386;2330
2386;2233
2386;1194
2387;2327
2387;2335
2387;2185
2387;2346
2387;2207
2388;2243
2388;2336
2388;2360
2388;2283
2388;560
2389;2272
2389;2203
2389;2292
2389;612
2389;2212
2390;2284
2390;158
2390;2214
2390;2236
2390;573
2391;2205
2391;2188
2391;2261
2391;2321
2391;2201
2392;573
2392;1298
2392;764
2392;2390
2392;2284
2393;2243
2393;2283
2393;2388
2393;2360
2393;2199
2394;2268
2394;2318
2394;2361
2394;725
2394;2237
2395;2304
2395;2257
2395;2359
2395;2340
2395;2285
2396;2275
2396;2044
2396;733
2396;2224
2396;2230
2397;2225
2397;2356
2397;2294
2397;2341
2397;2290
2398;2268
2398;725
2398;2394
2398;2237
2398;2276
2399;2349
2399;2324
2399;2199
2399;560
2399;2385
2400;1116
2400;1241
2400;2286
2400;1675
2400;2326
2401;2057
2401;2338
2401;2255
2401;2377
2401;2167
2402;2395
2402;2257
2402;2304
2402;2340
2402;2291
2403;2399
2403;2349
2403;560
2403;2199
2403;2360
2404;2365
2404;2303
2404;2250
2404;2312
2404;2208
2405;2260
2405;2355
2405;2307
2405;301
2405;2311
2406;1077
2406;2385
2406;1351
2406;2231
2406;2381
2407;2181
2407;2380
2407;2254
2407;2387
2407;2180
2408;2222
2408;2262
2408;1636
2408;1963
2408;2332
2409;1437
2409;2187
2409;2269
2409;2204
2409;2184
2410;1764
2410;2339
2410;2299
2410;2341
2410;1979
2411;301
2411;2271
2411;2375
2411;2239
2411;2260
2412;2212
2412;2203
2412;1328
2412;2272
2412;2292
2413;2307
2413;2311
2413;2239
2413;2308
2413;2251
2414;1161
2414;2032
2414;2315
2414;2228
2414;2223
2415;2376
2415;407
2415;2232
2415;2121
2415;2315
2416;2312
2416;2208
2416;2404
2416;2242
2416;2365
2417;573
2417;764
2417;2284
2417;2390
2417;2392
2418;2232
2418;407
2418;2415
2418;1813
2418;2252
2419;2210
2419;2209
2419;2259
2419;1979
2419;2191
2420;2339
2420;2301
2420;2303
2420;2410
2420;2365
2421;2388
2421;2243
2421;2393
2421;2283
2421;2360
2422;2393
2422;2243
2422;2421
2422;2283
2422;2388
2423;175
2423;2288
2423;2222
2423;235
2423;2198
2424;2344
2424;2234
2424;2322
2424;2258
2424;1938
2425;2343
2425;2332
2425;1431
2425;705
2425;2219
2426;2316
2426;2369
2426;1675
2426;2286
2426;2260
2427;2384
2427;2246
2427;94
2427;2342
2427;2252
2428;2270
2428;621
2428;2371
2428;620
2428;2351
2429;2254
2429;2180
2429;2261
2429;2323
2429;2181
2430;2354
2430;2348
2430;2393
2430;1352
2430;2422
2431;2412
2431;1328
2431;2212
2431;1908
2431;2203
2432;2245
2432;2329
2432;1444
2432;2386
2432;1098
2433;2300
2433;2192
2433;1235
2433;2287
2433;979
2434;2263
2434;2211
2434;2297
2434;2394
2434;1393
2435;705
2435;1431
2435;2343
2435;2332
2435;2425
2436;2324
2436;2385
2436;2349
2436;2399
2436;2234
2437;2242
2437;2278
2437;2282
2437;2208
2437;2312
2438;94
2438;2384
2438;2223
2438;2246
2438;2427
2439;2405
2439;2260
2439;2355
2439;2307
2439;2241
2440;727
2440;1636
2440;1963
2440;2293
2440;2358
2441;2381
2441;2276
2441;2253
2441;2237
2441;2322
2442;2220
2442;1454
2442;2336
2442;2309
2442;612
2443;2184
2443;2269
2443;2187
2443;2204
2443;2277
2444;2419
2444;2259
2444;2210
2444;2382
2444;2209
2445;2336
2445;2442
2445;1454
2445;2388
2445;1729
2446;203
2446;1953
2446;2278
2446;2364
2446;2437
2447;1098
2447;2329
2447;2432
2447;1444
2447;2245
2448;2303
2448;2365
2448;2301
2448;2420
2448;2339
2449;2237
2449;725
2449;2361
2449;2276
2449;2268
2450;2057
2450;2338
2450;2401
2450;961
2450;2383
2451;1764
2451;2299
2451;2341
2451;2410
2451;2294
2452;2370
2452;1393
2452;2333
2452;2291
2452;271
2453;2408
2453;2262
2453;2332
2453;2202
2453;1431
2454;1970
2454;2316
2454;2439
2454;2241
2454;2426
2455;1077
2455;2406
2455;2231
2455;1351
2455;2385
2456;2220
2456;612
2456;2442
2456;2272
2456;2389
2457;2300
2457;2192
2457;2287
2457;350
2457;2433
2458;1733
2458;2247
2458;1869
2458;2326
2458;2235
2459;109
2459;2309
2459;612
2459;2389
2459;2272
2460;2321
2460;2351
2460;621
2460;1523
2460;2261
2461;2321
2461;2460
2461;2351
2461;2391
2461;2188
2462;2237
2462;2449
2462;725
2462;2361
2462;2276
2463;2253
2463;2322
2463;2276
2463;2368
2463;2234
2464;2360
2464;2283
2464;2243
2464;2421
2464;2393
2465;2404
2465;2416
2465;2312
2465;2365
2465;2208
2466;2030
2466;2333
2466;993
2466;2340
2466;2265
2467;2395
2467;2219
2467;2200
2467;2314
2467;2359
2468;2183
2468;2185
2468;2216
2468;2207
2468;2327
2469;2202
2469;705
2469;2186
2469;2289
2469;2435
2470;175
2470;2423
2470;2288
2470;2222
2470;2198
2471;2297
2471;2370
2471;1393
2471;2434
2471;2263
2472;961
2472;1352
2472;2383
2472;2354
2472;2430
2473;2221
2473;1713
2473;2184
2473;179
2473;2443
2474;2392
2474;573
2474;1298
2474;2417
2474;2390
2475;2318
2475;2248
2475;2372
2475;2394
2475;2361
2476;2415
2476;2376
2476;407
2476;2121
2476;2418
2477;2235
2477;2206
2477;2326
2477;1098
2477;2247
2478;1869
2478;2458
2478;2201
2478;1733
2478;2247
2479;2473
2479;2350
2479;1713
2479;2221
2479;179
