0;1227
0;1500
0;1988
0;1609
0;1073
1;1686
1;9
1;83
1;510
1;1272
2;2009
2;501
2;1316
2;1979
2;2011
3;1998
3;1648
3;1866
3;1331
3;1128
4;916
4;1421
4;1407
4;784
4;989
5;114
5;1830
5;1003
5;647
5;880
6;679
6;1513
6;1530
6;2058
6;398
7;403
7;143
7;933
7;1234
7;1106
8;2062
8;84
8;428
8;505
8;1353
9;216
9;2140
9;1272
9;1686
10;1291
10;1995
10;1918
10;366
10;1919
11;811
11;1377
11;1814
11;2174
11;1014
12;1663
12;94
12;1985
12;2087
12;1024
13;179
13;209
13;513
13;2101
13;1165
14;665
14;803
14;825
14;1659
14;1188
15;801
15;975
15;1921
15;1158
15;2173
16;1375
16;595
16;2081
16;102
16;748
17;492
17;778
17;1708
17;2115
17;18
18;1708
18;778
18;1009
18;492
19;401
19;1430
19;1567
19;1583
19;733
20;2129
20;794
20;330
20;433
20;921
21;566
21;1839
21;1308
21;1373
21;207
22;1357
22;1753
22;2090
22;1720
22;1575
23;555
23;715
23;95
23;1745
23;1604
24;184
24;1145
24;35
24;625
24;520
25;154
25;1296
25;1538
25;1093
25;1355
26;1310
26;499
26;1989
26;1859
26;1382
27;2037
27;1755
27;650
27;1368
27;1545
28;1218
28;1059
28;1941
28;512
28;1836
29;1694
29;1488
29;2162
29;1617
29;1673
30;766
30;878
30;1835
30;157
30;1259
31;1739
31;1611
31;2039
31;1464
31;1403
32;1069
32;1701
32;2121
32;1842
32;1305
33;1433
33;239
33;638
33;1199
33;1039
34;385
34;682
34;183
34;460
34;2062
35;1145
35;787
35;520
35;686
35;1029
36;677
36;1325
36;2132
36;1610
36;617
37;1770
37;1544
37;2067
37;1015
37;1282
38;2154
38;1396
38;1670
38;405
38;1313
39;887
39;881
39;1443
39;182
39;358
40;1880
40;1757
40;1661
40;396
40;1933
41;320
41;854
41;464
41;1087
41;1635
42;1083
42;758
42;146
42;553
42;918
43;2106
43;527
43;728
43;108
43;2108
44;1971
44;1857
44;547
44;1170
44;1075
45;823
45;1874
45;193
45;543
45;996
46;962
46;1401
46;2097
46;543
46;1042
47;1815
47;635
47;1191
47;1303
47;1784
48;489
48;1560
48;732
48;1516
48;1099
49;1576
49;1067
49;1519
49;72
49;1664
50;963
50;231
50;1134
50;2119
50;266
51;1254
51;613
51;138
51;545
51;218
52;653
52;1246
52;886
52;258
52;1130
53;837
53;663
53;1362
53;268
53;580
54;1777
54;1258
54;2050
54;697
54;1397
55;1206
55;446
55;2008
55;945
55;266
56;1047
56;1215
56;397
56;1468
56;227
57;716
57;1073
57;928
57;1692
57;1565
58;1331
58;2018
58;489
58;313
58;48
59;1761
59;283
59;497
59;727
59;1449
60;1526
60;1695
60;1833
60;692
60;1469
61;1432
61;1337
61;1700
61;469
61;573
62;1043
62;2004
62;324
62;897
62;977
63;1147
63;605
63;1465
63;1653
63;2001
64;329
64;992
64;2028
64;426
64;1993
65;740
65;1051
65;134
65;1220
65;1312
66;79
66;251
66;833
66;560
66;646
67;1813
67;1899
67;1081
67;271
67;643
68;1580
68;384
68;1862
68;2005
68;1769
69;1110
69;789
69;952
69;1006
69;1011
70;2178
70;2133
70;201
70;859
70;156
71;1527
71;1026
71;234
71;647
71;1830
72;1519
72;673
72;1576
72;1664
72;285
73;1411
73;2048
73;1162
73;1728
73;288
74;655
74;1679
74;1299
74;1980
74;714
75;1105
75;1507
75;1273
75;2027
75;528
76;2006
76;669
76;788
76;1325
76;820
77;60
77;568
77;1526
77;1613
77;618
78;576
78;207
78;888
78;1344
78;375
79;833
79;560
79;251
79;2083
80;1764
80;1858
80;596
80;667
80;418
81;756
81;2056
81;1872
81;1709
81;1487
82;1970
82;542
82;904
82;1771
82;1693
83;1903
83;1686
83;1272
83;9
84;505
84;1144
84;1353
84;428
85;549
85;536
85;1068
85;2039
85;1201
86;1798
86;2038
86;1837
86;574
86;644
87;1048
87;969
87;1300
87;1168
87;1274
88;1915
88;796
88;186
88;397
88;594
89;1794
89;770
89;1231
89;848
89;1579
90;752
90;179
90;548
90;1485
90;13
91;1729
91;1266
91;297
91;1318
91;1964
92;1986
92;2148
92;583
92;1077
92;1100
93;2173
93;1607
93;1582
93;975
93;1625
94;1663
94;1985
94;2087
94;1195
95;555
95;812
95;1037
95;638
96;1122
96;1133
96;871
96;1591
96;337
97;1163
97;130
97;764
97;824
97;1861
98;1078
98;1102
98;990
98;671
98;425
99;1299
99;655
99;1185
99;74
99;459
100;1594
100;1021
100;1831
100;843
100;725
101;491
101;1618
101;1716
101;831
101;867
102;1107
102;1838
102;713
102;844
102;2030
103;511
103;1522
103;1038
103;1802
103;1638
104;217
104;406
104;1546
104;1031
104;580
105;1004
105;1862
105;741
105;1412
105;1580
106;251
106;232
106;560
106;1378
106;66
107;2029
107;1212
107;422
107;1166
107;1507
108;649
108;527
108;1335
108;1086
109;2001
109;891
109;172
109;211
109;930
110;1759
110;724
110;327
110;202
110;842
111;911
111;663
111;1188
111;194
111;837
112;1691
112;1936
112;117
112;1471
112;1762
113;683
113;589
113;718
113;2126
113;821
114;880
114;125
114;1890
114;1003
115;1381
115;263
115;956
115;1652
115;236
116;1492
116;1631
116;853
116;995
116;448
117;538
117;1753
117;2090
117;1358
118;1533
118;1627
118;2127
118;1170
118;2055
119;624
119;2095
119;504
119;1235
119;926
120;1524
120;381
120;1103
120;1216
120;1462
121;1025
121;1057
121;2019
121;681
121;268
122;1521
122;1184
122;1482
122;955
122;2058
123;2171
123;1354
123;243
123;436
123;1255
124;571
124;353
124;1776
124;966
124;1478
125;880
125;1192
125;419
125;1363
126;564
126;151
126;1977
126;281
126;565
127;1606
127;1453
127;1531
127;1112
127;1667
128;729
128;773
128;1823
128;185
128;1870
129;1115
129;1834
129;561
129;1342
129;224
130;1163
130;764
130;824
130;1861
131;1062
131;1312
131;1051
131;951
131;63
132;451
132;993
132;1124
132;1417
132;1101
133;889
133;1217
133;2013
133;1844
133;1269
134;1291
134;197
134;10
134;740
135;1219
135;2018
135;1074
135;260
135;2002
136;599
136;393
136;343
136;456
136;1511
137;890
137;2149
137;359
137;781
137;1947
138;1855
138;1254
138;556
138;2073
139;267
139;2139
139;1482
139;377
139;798
140;959
140;910
140;1345
140;1070
140;554
141;1894
141;1171
141;1581
141;2047
141;2066
142;1189
142;940
142;1569
142;1498
142;1940
143;1234
143;1783
143;933
143;632
144;1030
144;1177
144;306
144;1445
144;546
145;2179
145;987
145;763
145;685
145;277
146;1083
146;816
146;758
146;1371
147;1587
147;274
147;1752
147;1948
147;1474
148;1292
148;1139
148;1658
148;417
148;1228
149;1438
149;2164
149;1425
149;991
149;1364
150;841
150;1420
150;1304
150;1699
150;1738
151;564
151;1977
151;565
151;1243
151;363
152;1113
152;216
152;1089
152;404
152;2177
153;1434
153;1208
153;1666
153;1674
153;222
154;1296
154;1538
154;1093
154;1355
155;1096
155;280
155;1869
155;556
155;2068
156;201
156;859
156;2133
156;2084
156;1827
157;878
157;645
157;1645
157;754
157;1835
158;2172
158;512
158;1684
158;2069
158;1059
159;170
159;1160
159;408
159;1503
159;835
160;1360
160;882
160;1495
160;901
160;1002
161;474
161;2034
161;661
161;1536
161;505
162;2167
162;902
162;1146
162;1585
162;2083
163;1286
163;1680
163;931
163;798
163;1869
164;799
164;960
164;1481
164;1084
164;1211
165;1435
165;1851
165;648
165;430
165;926
166;167
166;757
166;2131
166;523
166;1346
167;757
167;2131
167;2043
167;437
168;1045
168;2061
168;972
168;876
168;1522
169;389
169;1514
169;333
169;1275
169;1689
170;408
170;1160
170;1503
170;503
171;1344
171;1373
171;948
171;888
171;375
172;1846
172;891
172;2001
172;211
173;762
173;914
173;1442
173;1911
173;1092
174;1772
174;1697
174;1683
174;1528
174;390
175;1996
175;537
175;1799
175;1593
175;279
176;1650
176;2075
176;522
176;1847
176;418
177;793
177;2025
177;220
177;1226
177;252
178;486
178;1194
178;1172
178;909
178;1473
179;513
179;1165
179;752
180;289
180;1099
180;1937
180;1766
180;875
181;707
181;1301
181;1143
181;198
181;951
182;887
182;881
182;358
182;884
183;2062
183;8
183;682
183;428
184;625
184;1145
184;35
184;496
185;1823
185;729
185;773
185;1418
186;796
186;1385
186;731
186;1072
187;236
187;1976
187;1419
187;802
187;686
188;254
188;1382
188;1310
188;1734
188;1439
189;898
189;2140
189;2021
189;1850
189;1994
190;1566
190;1676
190;2163
190;923
190;1271
191;1427
191;1336
191;1651
191;1012
191;1586
192;1756
192;1263
192;550
192;749
192;1515
193;1401
193;543
193;823
193;46
194;825
194;1953
194;911
194;1188
194;803
195;1590
195;1233
195;1017
195;1302
195;310
196;1864
196;634
196;849
196;2161
196;2175
197;1868
197;1291
197;1320
197;1932
198;704
198;1778
198;1301
198;1133
198;707
199;282
199;1597
199;1658
199;1657
199;765
200;852
200;1190
200;2125
200;1171
200;755
201;2133
201;2178
201;859
202;327
202;229
202;1641
202;724
202;842
203;457
203;1422
203;550
203;717
203;630
204;1583
204;1567
204;1172
204;783
204;1430
205;2074
205;1496
205;2089
205;1702
205;1497
206;865
206;1239
206;828
206;710
206;685
207;576
207;888
207;1373
207;1423
208;1075
208;968
208;660
208;578
208;352
209;2101
209;250
209;1001
209;983
210;1020
210;694
210;651
210;1132
210;1313
211;2057
211;1431
211;1978
211;930
212;1826
212;1912
212;467
212;2053
212;1731
213;979
213;1905
213;508
213;308
213;388
214;927
214;1902
214;483
214;1248
214;444
215;2045
215;1175
215;1374
215;2046
215;731
216;1272
216;1113
216;340
217;1031
217;406
217;580
217;681
218;613
218;545
218;1570
218;1539
218;1254
219;950
219;1873
219;1156
219;1333
219;454
220;252
220;1843
220;2025
220;1226
220;676
221;1477
221;1238
221;590
221;1804
221;980
222;1666
222;2166
222;528
222;2027
223;2103
223;592
223;1283
223;1481
223;1211
224;1509
224;316
224;561
224;392
224;524
225;1202
225;1470
225;1480
225;449
225;298
226;1348
226;1792
226;1612
226;1499
226;1907
227;1174
227;920
227;1468
227;610
228;1178
228;858
228;354
228;1531
228;1453
229;1641
229;327
229;842
229;724
230;600
230;1016
230;872
230;383
230;719
231;1134
231;963
231;1467
231;2119
232;1442
232;762
232;424
232;468
233;1984
233;636
233;544
233;862
233;1802
234;1026
234;971
234;880
234;1527
235;247
235;1480
235;976
235;1402
235;1202
236;1976
236;1419
236;802
236;584
237;334
237;1688
237;1810
237;348
237;1371
238;813
238;1080
238;2072
238;934
238;335
239;1433
239;893
239;1504
239;1767
240;601
240;1958
240;1209
240;2142
240;1063
241;2156
241;728
241;275
241;1962
241;490
242;1297
242;1888
242;234
242;971
242;71
243;2171
243;1255
243;1354
243;436
244;603
244;1294
244;2088
244;597
244;1660
245;569
245;2035
245;2105
245;1027
245;1072
246;1207
246;1744
246;997
246;1782
246;1114
247;1402
247;1480
247;1202
247;225
248;1747
248;588
248;325
248;1819
248;1765
249;1644
249;383
249;1108
249;719
249;1016
250;2101
250;13
250;701
250;1019
251;560
251;1378
252;2025
252;1843
252;1226
252;676
253;643
253;488
253;1255
253;1899
253;2032
254;1382
254;1439
254;1734
254;1560
255;807
255;1740
255;270
255;860
255;1693
256;1491
256;1890
256;2067
256;1221
256;509
257;1101
257;1712
257;1836
257;2098
257;451
258;2080
258;1687
258;845
258;886
258;1930
259;273
259;395
259;1966
259;667
259;800
260;1074
260;1008
260;621
260;1219
261;994
261;1330
261;1204
261;1960
261;1391
262;1204
262;1579
262;2020
262;1330
262;712
263;1809
263;1954
263;1381
263;1167
264;892
264;1559
264;272
264;1289
264;1007
265;405
265;1085
265;1639
265;2154
265;1942
266;2119
266;446
266;963
266;1841
267;2139
267;377
267;810
267;1482
268;2019
268;1362
268;580
268;681
268;1025
269;1630
269;1092
269;1669
269;1684
269;1369
270;1693
270;1740
270;1771
270;904
270;860
271;643
271;1899
271;1813
271;253
272;892
272;1007
272;1559
272;1289
273;395
273;1966
273;593
273;800
274;1474
274;1752
274;1587
274;1853
275;2156
275;490
275;2124
275;1962
276;347
276;696
276;974
276;1376
276;1974
277;548
277;1946
277;752
277;90
277;2179
278;1230
278;631
278;357
278;1326
278;1795
279;1885
279;1799
279;1884
279;1883
280;556
280;1096
280;1855
280;2068
281;1424
281;970
281;690
281;1923
282;148
282;1658
282;1765
282;432
283;497
283;1761
283;727
283;1449
284;342
284;1279
284;2112
284;1027
284;1646
285;1664
285;1519
285;1576
285;627
286;445
286;2069
286;434
286;870
286;993
287;2002
287;1347
287;313
287;2122
287;1044
288;1326
288;1162
288;2116
288;631
289;1937
289;1766
289;875
289;1008
290;1999
290;1252
290;2111
290;693
290;1115
291;484
291;1510
291;1261
291;905
291;1884
292;1806
292;1822
292;321
292;903
292;323
293;361
293;1735
293;1372
293;1505
293;1785
294;1703
294;400
294;1256
294;921
294;310
295;1412
295;328
295;1213
295;1142
295;1881
296;913
296;2128
296;1629
296;475
296;687
297;1729
297;1266
297;1964
297;1318
298;1781
298;745
298;1470
298;1750
299;819
299;1963
299;628
299;481
299;406
300;1727
300;2108
300;1623
300;650
300;495
301;1242
301;1714
301;1731
301;1312
301;1868
302;603
302;1421
302;1407
302;629
302;1543
303;1548
303;1040
303;733
303;426
303;1473
304;1934
304;746
304;388
304;508
304;1894
305;1779
305;1013
305;984
305;380
305;1198
306;546
306;1177
306;417
306;1159
307;785
307;1437
307;2000
307;1153
307;1721
308;1905
308;1440
308;2066
308;967
309;519
309;439
309;1760
309;1386
309;977
310;1256
310;1703
310;1017
310;921
311;1088
311;1807
311;725
311;843
311;1578
312;1036
312;1978
312;842
312;724
312;1759
313;1347
313;1044
313;1463
313;792
314;634
314;1939
314;1864
314;1818
314;864
315;1361
315;1551
315;1104
315;1706
315;2093
316;1509
316;471
316;1250
316;524
317;1900
317;809
317;1540
317;1162
317;2083
318;1968
318;876
318;2061
318;1045
318;2122
319;900
319;2158
319;1285
319;1796
319;1755
320;854
320;1087
320;464
320;917
321;903
321;1806
321;323
321;1768
322;442
322;1992
322;2163
322;1676
322;190
323;903
323;1768
323;1806
323;1867
324;2004
324;1043
324;977
324;439
325;1747
325;759
325;588
325;1819
326;1792
326;1944
326;767
326;1958
326;2142
327;724
327;842
328;1786
328;1412
328;105
328;1142
328;453
329;992
329;2028
329;426
329;1040
330;2129
330;1575
330;433
330;794
331;1573
331;666
331;1568
331;1380
331;782
332;1941
332;1208
332;1712
332;1434
332;153
333;885
333;382
333;771
333;1539
334;1688
334;348
334;1810
334;665
335;2072
335;1148
335;1523
335;1420
336;2170
336;1426
336;2177
336;404
336;491
337;1591
337;2097
337;1122
337;1133
338;1950
338;725
338;1807
338;1088
338;843
339;1183
339;1848
339;533
339;1079
339;1935
340;1660
340;2088
340;1113
340;1535
340;1272
341;1161
341;864
341;1818
341;735
341;382
342;1279
342;2112
342;1027
342;1646
343;1511
343;456
343;1395
343;599
343;2143
344;1278
344;1065
344;585
344;2078
344;2151
345;1927
345;1887
345;1210
345;1405
345;923
346;1991
346;1622
346;597
346;1724
346;1563
347;696
347;641
347;974
347;1376
348;1688
348;1810
348;420
349;2137
349;1398
349;1208
349;1224
349;500
350;2117
350;851
350;1040
350;733
350;1635
351;1423
351;78
351;1050
351;576
351;551
352;376
352;968
352;1504
352;547
353;571
353;1776
353;2031
353;2147
354;858
354;1452
354;1178
354;1821
355;1592
355;1886
355;544
355;636
355;1877
356;1602
356;978
356;659
356;946
356;1447
357;631
357;1230
357;1326
357;1879
358;881
358;887
358;884
359;2149
359;1947
359;890
359;1129
360;1324
360;925
360;1904
360;1596
360;1315
361;1505
361;1564
361;2144
361;1735
362;1473
362;178
362;486
362;1993
362;426
363;1243
363;565
363;1977
363;564
364;1637
364;915
364;946
364;1109
364;1732
365;1896
365;1967
365;1657
365;2086
365;1628
366;1918
366;1460
366;1995
366;1343
367;558
367;2024
367;431
367;953
367;1926
368;772
368;440
368;379
368;1987
368;1041
369;1293
369;1972
369;722
369;694
369;1020
370;623
370;435
370;2036
370;1604
370;1745
371;575
371;584
371;1685
371;1419
371;664
372;1946
372;548
372;277
372;1485
372;2152
373;1640
373;2042
373;1094
373;2153
373;551
374;1598
374;423
374;1111
374;791
374;935
375;1344
375;1157
375;888
376;547
376;730
376;1857
376;714
377;810
377;1436
377;2139
377;598
378;705
378;592
378;411
378;2079
378;223
379;1987
379;440
379;1150
379;1140
379;1812
380;1013
380;1779
380;984
380;683
381;1524
381;1103
381;1216
381;1443
382;1539
382;1570
382;1161
382;735
383;719
383;1016
383;1644
383;600
384;1769
384;1580
384;741
384;1862
385;682
385;183
385;460
385;2062
386;1718
386;517
386;1817
386;908
386;2063
387;398
387;662
387;679
387;6
387;830
388;508
388;746
388;1905
388;979
388;1926
389;1514
389;1275
389;1374
389;333
390;1257
390;670
390;1528
390;1683
391;1154
391;986
391;1118
391;1073
391;1988
392;561
392;670
392;316
392;1257
392;471
393;343
393;2143
393;599
393;1511
394;1517
394;2005
394;1981
394;1414
394;1671
395;1966
395;1400
395;593
396;1131
396;1574
396;1661
396;2007
397;1047
397;1915
397;1215
398;662
398;679
398;830
399;456
399;1395
399;599
399;343
399;1511
400;794
400;921
400;433
400;2129
401;1430
401;733
401;1567
401;1548
402;1705
402;1669
402;1891
402;1240
402;1555
403;151
403;564
403;1977
403;363
404;2177
404;1089
404;1113
405;1639
405;2154
405;1085
406;1031
406;1127
407;1379
407;1925
407;1456
407;1339
407;1675
408;503
408;1503
408;1160
409;2076
409;1614
409;768
409;2168
409;2104
410;791
410;423
410;1598
410;1111
410;374
411;453
411;2079
411;1142
411;1555
412;815
412;2064
412;1973
412;447
412;476
413;1399
413;2049
413;1096
413;958
413;280
414;633
414;1746
414;1708
414;778
414;1788
415;909
415;1194
415;1054
415;1543
415;896
416;447
416;1993
416;1563
416;443
416;815
417;546
417;1722
417;1494
417;1292
418;1847
418;1858
418;1650
419;1363
419;1499
419;601
419;1348
420;2120
420;1479
420;1859
420;750
420;1241
421;935
421;1111
421;374
421;1224
421;500
422;1212
422;1166
422;1879
422;1540
422;809
423;1598
423;791
423;1111
424;468
424;591
424;1508
424;1665
424;877
425;1990
425;585
425;2078
425;671
425;1489
426;2028
426;1040
426;1473
426;851
427;1571
427;995
427;1269
427;1232
427;1844
428;2062
428;505
428;1259
429;2085
429;2116
429;2161
429;196
429;2175
430;1851
430;1435
430;961
430;1721
430;2012
431;953
431;558
431;2024
431;1236
432;1657
432;1967
432;588
432;325
433;2129
433;794
433;921
434;993
434;445
434;1124
434;1836
435;1604
435;2036
435;1745
435;715
436;1354
436;488
436;2171
436;2032
437;1828
437;720
437;757
437;1506
438;1833
438;1149
438;1695
438;1121
438;1469
439;977
439;519
439;894
440;1987
440;1150
440;943
441;1678
441;1816
441;2087
441;12
441;688
442;1992
442;2163
442;1812
442;1140
443;723
443;1997
443;2071
443;790
443;447
444;1248
444;960
444;927
444;1010
444;1902
445;2069
445;993
445;870
446;1206
446;2008
446;1467
446;945
447;1997
447;815
448;1854
448;1176
448;1631
448;1929
448;1314
449;1480
449;1470
449;1202
449;235
450;1390
450;1322
450;1827
450;1200
450;529
451;1101
451;993
451;579
451;1124
452;1649
452;1138
452;581
452;701
452;1019
453;1142
453;1786
453;2079
454;1333
454;1997
454;950
454;1873
455;829
455;1621
455;1557
455;834
455;1478
456;1395
456;1511
456;599
457;1422
457;2132
457;1610
457;550
458;507
458;792
458;2122
458;876
458;1974
459;1185
459;1502
459;1679
459;1328
460;1409
460;1353
460;8
460;2062
460;183
461;738
461;922
461;1005
461;1110
461;789
462;1645
462;754
462;1964
462;297
462;1729
463;1307
463;840
463;2123
463;2100
463;1305
464;1593
464;1087
464;854
464;1996
465;933
465;562
465;1577
465;143
465;1783
466;1135
466;1052
466;1878
466;2053
466;1627
467;1912
467;582
467;1052
467;1826
468;591
468;1665
468;1508
468;877
469;2013
469;1337
469;1011
469;1432
470;967
470;1000
470;912
470;1440
470;2125
471;1318
471;91
471;1964
471;1266
472;777
472;1445
472;1245
472;482
472;1030
473;2092
473;2135
473;1388
473;974
473;905
474;2034
474;661
474;1309
474;1046
475;913
475;687
475;2128
475;1394
476;1820
476;2064
476;815
476;1203
477;1935
477;1079
477;1183
477;1754
477;339
478;2159
478;1125
478;1510
478;2135
478;291
479;1487
479;863
479;582
479;1736
479;1653
480;1186
480;835
480;947
480;1160
480;159
481;1965
481;1797
481;628
481;1882
482;1245
482;1475
482;777
482;1445
483;1756
483;673
483;927
483;1902
484;1510
484;1884
484;1261
484;1885
485;570
485;2017
485;2024
485;1023
485;1365
486;1473
486;1172
486;1548
486;733
487;1871
487;1490
487;1308
487;2065
487;1870
488;2032
488;1255
488;602
489;1516
489;1099
489;1560
489;732
490;520
490;1029
490;1145
490;2156
490;35
491;1716
491;1618
491;2177
492;778
492;1708
492;2115
493;1979
493;970
493;1910
493;1106
493;632
494;906
494;2102
494;1213
494;2080
494;1687
495;2108
495;2110
495;1623
495;1677
495;2106
496;625
496;1236
496;1789
496;24
497;727
497;1761
497;1449
498;1247
498;1814
498;1146
498;2174
498;1585
499;1859
499;750
499;1241
499;1310
500;1224
500;1398
500;935
501;1406
501;2009
501;70
501;1316
502;1643
502;972
502;609
502;1638
502;1355
503;1503
503;159
503;1967
504;2095
504;624
504;1235
504;926
505;1144
505;2062
506;924
506;18
506;2115
506;1270
506;1892
507;1974
507;792
507;2122
507;1125
508;1905
508;979
508;746
509;1876
509;977
509;1491
509;1282
510;1907
510;1994
510;1686
510;9
511;1038
511;1802
511;1522
511;1638
512;2172
512;1059
512;1684
512;1218
513;1165
513;1750
513;1781
514;626
514;917
514;1512
514;320
514;329
515;1282
515;988
515;1205
515;1770
515;1032
516;1532
516;1908
516;1758
516;530
516;1860
517;908
517;2063
517;1718
517;1853
518;734
518;2041
518;1321
518;693
518;1486
519;1386
519;894
519;1760
520;1029
520;1145
520;2156
521;1917
521;1989
521;875
521;26
521;1766
522;1650
522;1655
522;2136
522;1636
523;1342
523;1346
523;1834
523;1115
524;1250
524;1845
524;1668
524;1509
524;563
525;1187
525;1181
525;1713
525;1476
525;1942
526;2143
526;1742
526;596
526;393
526;1511
527;2106
527;728
527;649
528;1137
528;2027
528;1273
529;1416
529;1322
529;1200
529;1390
530;1317
530;1920
530;1624
530;1532
531;770
531;1231
531;615
531;1652
531;1794
532;831
532;806
532;1618
532;1033
532;1716
533;1451
533;1079
533;1848
533;1183
534;1972
534;850
534;2124
534;1962
534;1601
535;1791
535;1698
535;2023
535;919
535;2145
536;1068
536;549
536;1201
536;1427
537;1441
537;839
537;1996
537;1647
538;1753
538;2090
538;1358
538;22
539;593
539;1417
539;1748
539;1124
539;993
540;1285
540;1105
540;1507
540;1273
540;421
541;2049
541;849
541;413
541;1399
541;11
542;1970
542;1394
542;954
542;2128
543;823
543;1401
543;836
544;636
544;1592
544;1886
545;613
545;1570
545;1539
545;1254
546;1159
546;1494
546;1722
547;1857
547;714
547;730
547;1980
548;1946
548;752
549;1201
549;1068
549;1427
550;749
550;1515
550;1263
551;2153
551;1232
551;1393
551;895
551;1094
552;775
552;1902
552;1943
552;927
552;1748
553;1188
553;663
553;1083
553;14
554;1214
554;1345
554;910
554;1061
554;1488
555;812
555;1037
555;638
556;1855
556;2068
556;2073
557;577
557;675
557;944
557;695
557;1681
558;953
558;2024
558;722
559;734
559;810
559;938
559;598
559;163
560;833
561;670
561;316
561;1257
562;1577
562;937
562;933
562;1783
563;1380
563;1845
563;1250
563;1668
564;1977
564;565
564;1243
565;1243
565;1977
566;1308
566;1588
566;2065
566;487
567;1323
567;2000
567;695
567;1681
567;1790
568;1624
568;1613
568;1620
568;1317
568;692
569;2035
569;2105
569;1072
569;1027
570;2017
570;1023
570;2024
570;1365
571;1776
571;966
571;2147
572;1741
572;1878
572;1108
572;2127
572;1533
573;1700
573;1875
573;1193
573;1616
573;1011
574;1837
574;644
574;1798
574;2038
575;584
575;1419
575;664
575;802
576;1423
576;1050
576;888
577;675
577;944
577;695
577;1681
578;1090
578;1898
578;2091
578;1793
578;1080
579;2098
579;1822
579;1101
579;132
580;2019
580;681
580;1362
581;1019
581;701
581;1138
581;1472
582;1736
582;1912
582;1487
583;1077
583;1986
583;1100
583;1094
584;1419
584;187
585;2078
585;1990
585;1489
585;1278
586;619
586;1197
586;2121
586;1069
586;1574
587;2084
587;1821
587;1452
587;748
587;156
588;1765
588;1747
588;1819
589;718
589;821
589;1116
589;1484
589;961
590;980
590;1378
590;1238
590;1289
591;1508
591;1665
591;877
592;2103
592;2079
592;1283
592;1481
593;1417
593;1124
593;993
593;132
594;1915
594;186
594;796
594;1600
595;2081
595;1375
595;652
595;102
596;2143
596;1511
596;1742
597;1991
597;1622
597;603
598;1436
598;810
598;779
598;938
598;1840
599;1511
599;1395
600;1016
600;872
600;719
601;1499
601;1792
601;1363
601;1348
602;1081
602;1819
602;2032
602;1656
603;1294
603;1543
604;1542
604;1909
604;698
604;1547
604;884
605;1465
605;1653
605;1147
605;2001
606;939
606;1982
606;1556
606;1561
606;697
607;307
607;1235
607;785
607;1437
607;1721
608;1018
608;1367
608;1084
608;1091
608;1010
609;1638
609;1802
609;511
609;1643
610;615
610;1330
610;1174
610;920
610;261
611;1220
611;740
611;2003
611;1447
611;1265
612;1334
612;1634
612;1506
612;1561
612;720
613;1570
613;1254
614;1572
614;1505
614;1173
614;2144
614;1564
615;1330
615;770
615;1579
616;846
616;2138
616;1387
616;1726
616;1893
617;2157
617;749
617;1248
617;677
618;1613
618;568
618;1624
618;1317
618;641
619;1197
619;1842
619;1701
619;1069
620;1322
620;1002
620;529
620;901
620;859
621;1008
621;1074
621;289
621;1937
622;1470
622;838
622;298
622;449
622;2152
623;1349
623;2134
623;879
623;2036
624;2095
624;926
624;1235
625;1236
625;1789
626;917
626;1512
626;851
626;1040
627;1774
627;699
627;1664
627;1742
628;1963
628;819
628;1965
629;672
629;1421
629;896
629;1543
629;1054
630;717
630;1773
630;2033
630;1410
630;1800
631;1230
631;1326
631;1879
632;1106
632;1234
632;1783
632;7
633;1788
633;1708
633;1009
633;778
634;1864
634;1939
634;2175
634;1818
635;936
635;744
635;710
635;1815
636;1592
636;1886
637;1957
637;1682
637;1687
637;845
637;1213
638;812
638;1037
638;2160
639;2118
639;2146
639;1922
639;1551
639;2155
640;726
640;1112
640;1049
640;1667
640;1453
641;974
641;276
641;530
642;1608
642;938
642;1584
642;1603
642;2014
643;1899
643;1813
644;1837
644;1798
644;2038
645;1464
645;878
645;30
645;1645
646;1672
646;980
646;1378
646;251
647;1830
647;1527
647;999
648;1952
648;1435
648;926
648;1851
649;1086
649;908
649;517
649;1335
650;2037
650;1727
650;1863
651;1313
651;1132
651;694
651;1020
652;1107
652;2030
652;1910
652;102
652;713
653;1246
653;736
653;886
653;258
654;1405
654;1210
654;772
654;1897
654;345
655;1299
655;2141
655;1679
656;782
656;666
656;1568
656;1573
656;331
657;1277
657;1260
657;1906
657;1788
657;1249
658;958
658;1501
658;1399
658;931
658;413
659;978
659;1460
659;1602
659;1343
660;1034
660;949
660;1969
660;1619
660;2055
661;2034
661;1536
661;1164
662;830
662;1404
662;1938
663;837
663;911
663;1188
664;802
664;686
664;787
664;1419
665;743
665;803
665;1659
666;1568
666;782
666;1573
667;1764
667;1966
667;1742
668;1730
668;1295
668;1239
668;828
668;206
669;788
669;1471
669;1325
669;1936
670;1257
670;1528
671;1102
671;1078
671;1692
672;896
672;1543
672;1054
672;1633
673;1519
673;1756
673;1263
674;1128
674;1998
674;1908
674;1758
674;1495
675;944
675;695
675;1681
676;1843
676;1226
676;937
677;2132
677;1325
677;1610
678;1889
678;827
678;1605
678;1340
678;1955
679;1513
679;1530
679;2058
680;973
680;1552
680;1262
680;899
680;1276
681;2019
681;1025
681;1362
682;460
682;2062
683;984
683;1779
683;305
684;759
684;325
684;130
684;1747
684;503
685;2059
685;865
685;1784
685;1303
686;802
686;787
686;1976
686;1419
687;913
687;1388
687;2128
688;1151
688;1678
688;1095
688;2015
689;1550
689;1901
689;1940
689;1497
689;1569
690;1424
690;713
690;2030
690;1838
690;1107
691;2022
691;1801
691;1500
691;1609
691;2054
692;1620
692;1469
692;1624
692;1317
693;2111
693;1999
693;1252
694;1020
694;1293
694;722
695;1681
695;1323
696;1376
696;1866
696;1648
697;2050
697;1244
697;939
698;1547
698;1909
698;1617
698;1542
699;1774
699;49
699;1664
699;1576
700;1120
700;1575
700;1720
700;330
700;22
701;1019
701;1138
701;1649
702;1130
702;1246
702;1253
702;886
702;52
703;2021
703;1850
703;1994
703;1366
703;189
704;1778
704;1133
704;1122
704;1042
705;1091
705;1671
705;1367
705;608
706;1071
706;760
706;1647
706;1441
706;769
707;1301
707;951
707;1778
708;934
708;1619
708;949
708;1461
708;1080
709;976
709;929
709;235
709;1599
709;247
710;828
710;744
710;865
710;2059
711;480
711;1186
711;835
711;1201
711;1427
712;1738
712;1329
712;2020
712;1699
712;1455
713;1838
713;1107
713;2030
714;1980
714;730
714;1857
715;1603
715;1604
715;1745
715;1608
716;1073
716;928
716;1154
716;0
717;1422
717;1800
717;457
718;821
718;1116
718;1484
718;961
719;1644
719;1016
719;872
720;1828
720;757
720;1506
721;219
721;950
721;1873
721;1973
721;944
722;1293
722;1020
722;2017
723;2071
723;790
723;2165
723;2082
724;842
725;843
725;1088
725;1807
726;1112
726;1049
726;1667
726;1453
727;1449
727;1761
728;2106
728;1962
728;2156
728;2124
729;1823
729;773
729;1870
730;1980
730;1857
731;1385
731;2046
731;796
731;1072
732;1560
732;1439
732;1360
733;1548
733;1473
734;693
734;1252
734;2041
735;1161
735;864
735;1939
736;1258
736;1930
736;54
736;1392
737;1667
737;1526
737;726
737;1049
737;1121
738;922
738;1005
738;1895
738;1233
739;780
739;1320
739;2053
739;1826
739;1135
740;1220
740;1265
740;1051
741;1769
741;1004
741;932
742;991
742;1167
742;1954
742;1364
742;1438
743;1659
743;803
743;1953
743;14
744;828
744;936
744;865
745;1781
745;1750
745;225
745;964
746;1934
746;1905
747;1066
747;1518
747;1368
747;1832
747;900
748;1452
748;2178
748;2081
748;201
749;2157
749;1756
750;1241
750;1859
750;26
751;1923
751;1711
751;246
751;1207
751;1098
752;1001
752;13
753;1916
753;826
753;848
753;1489
753;2164
754;1835
754;1645
754;878
755;2047
755;1841
755;1171
755;852
756;2056
756;1872
756;1709
756;1725
757;1828
758;1083
758;918
758;1546
759;1747
759;1656
759;248
760;769
760;2010
760;1567
760;1430
761;1961
761;1743
761;1498
761;1446
761;1717
762;1442
762;914
762;1911
763;987
763;1751
763;1459
763;685
764;824
764;1861
764;1163
765;1284
765;1658
765;1824
765;1139
765;1229
766;1259
766;822
766;878
766;157
767;1472
767;1944
767;1138
767;703
768;2168
768;847
768;2076
768;873
769;2010
769;1629
769;1567
770;1231
770;1330
771;1474
771;1752
771;1853
771;885
771;1117
772;1405
772;440
772;1210
773;1823
773;1244
774;951
774;1775
774;198
774;704
774;707
775;1902
775;799
775;927
775;164
776;1804
776;1556
776;1477
776;2050
776;697
777;1245
777;1445
777;1475
778;1708
778;2115
779;1840
779;2014
779;1436
779;1584
780;2053
780;1135
780;1320
780;1372
781;890
781;2149
781;359
781;1977
782;1568
782;1573
783;1633
783;415
783;1054
783;896
784;904
784;629
784;82
784;860
785;2000
785;1437
785;1153
785;1721
786;1137
786;877
786;528
786;1665
786;1540
787;802
787;1352
788;1471
788;1325
788;2006
789;1110
789;2013
789;889
789;922
790;2165
790;1450
790;2176
790;2071
791;1598
791;1111
792;2122
792;1044
792;1347
793;2025
793;937
793;1226
793;220
794;2129
795;1611
795;1403
795;1739
795;1710
795;1951
796;1385
796;1915
797;1039
797;1079
797;477
797;893
797;1935
798;1680
798;1869
798;1286
799;960
799;1084
799;444
800;1943
800;1748
800;552
801;1921
801;975
801;1158
801;2173
802;1419
802;1976
803;1659
803;1953
803;825
804;1098
804;1413
804;1114
804;1856
804;1737
805;1588
805;1586
805;948
805;171
805;2065
806;1033
806;1563
806;2071
806;831
807;2146
807;1667
807;1551
807;1606
808;1541
808;1615
808;834
808;1478
808;829
809;1540
809;1212
809;1162
809;1900
810;1436
810;938
810;779
811;2174
811;1014
811;1814
811;1595
812;1037
812;1199
813;2091
813;1080
813;1090
813;1646
814;1616
814;1875
814;1193
814;1696
814;1553
815;2064
815;1820
815;1973
816;1371
816;1882
816;1083
816;237
817;2151
817;1455
817;1329
817;1065
817;1924
818;1458
818;1127
818;1791
818;535
818;1031
819;1963
819;1783
819;1577
820;1762
820;2006
820;1936
820;1704
821;1116
821;1484
821;961
822;1259
822;428
822;183
822;2062
823;1401
823;996
824;1861
824;1163
825;1953
825;1659
826;2151
826;817
826;1916
826;1455
827;1889
827;1187
827;998
827;525
828;865
828;1730
829;1557
829;834
829;1621
830;1404
830;1938
830;1525
830;1767
831;1033
831;1618
831;2082
831;2071
832;2075
832;2138
832;2136
832;1650
832;176
833;2083
833;2167
834;1478
834;1621
834;2031
835;1186
835;1160
835;1503
835;170
836;2097
836;46
836;337
836;1591
837;1362
837;268
837;2019
838;2152
838;1485
838;1165
838;1470
839;1635
839;2117
839;1441
839;1071
840;2100
840;1305
840;1842
840;1307
841;1420
841;1304
841;1523
841;2072
842;1036
843;1088
843;1594
844;1838
844;713
844;1107
844;2030
845;1957
845;853
845;1682
845;1930
846;1387
846;1726
846;2138
846;1893
847;873
847;2168
847;1636
847;2076
848;1916
848;1794
848;2164
849;1864
849;2049
849;634
850;1601
850;1677
850;1972
850;2124
851;1040
851;303
851;1512
852;1190
852;2145
852;2125
853;1492
853;1682
853;1631
853;637
854;1087
854;1593
855;1956
855;1955
855;1928
855;1605
855;1340
856;997
856;2109
856;1375
856;844
856;1744
857;879
857;1757
857;1880
857;1933
857;623
858;1178
858;1452
858;1453
859;2133
859;1827
859;1632
860;2093
860;904
860;1740
860;1693
861;1549
861;1872
861;2056
861;2107
861;1709
862;1384
862;1984
862;1802
862;1038
863;1725
863;1487
863;756
863;81
864;1161
864;1939
864;1818
865;2059
865;1784
866;1199
866;2051
866;2014
866;1584
866;1840
867;2165
867;2082
867;1033
867;1618
867;831
868;1144
868;1353
868;84
868;1409
868;505
869;998
869;981
869;1061
869;1340
869;1605
870;2069
870;883
870;775
871;1122
871;1591
871;337
871;1133
872;1016
872;383
873;2168
873;1636
873;2076
874;1662
874;1832
874;1368
874;1166
874;1879
875;1766
875;1937
876;2061
876;1045
876;1968
877;1665
877;1787
878;1645
878;1835
879;370
879;1349
879;1745
880;1026
880;971
881;887
881;884
882;1495
882;1002
882;901
882;1128
883;1327
883;1211
883;1481
883;2103
883;223
884;887
884;1547
885;2063
885;1853
885;382
886;2102
886;1246
886;2080
888;1373
888;1344
889;2013
889;1217
889;469
890;2149
890;1947
890;1129
891;1846
891;2001
891;1725
892;1559
892;1289
892;1007
893;533
893;33
893;1079
894;309
894;324
894;977
895;1393
895;1100
895;1094
895;583
896;1543
896;1054
896;1633
897;1043
897;2004
897;1856
897;324
898;2140
898;2021
898;1850
898;1994
899;1552
899;1276
899;966
899;1262
900;1066
900;1518
900;2158
901;1002
901;1495
901;1128
902;1585
902;1146
902;2167
902;2083
903;1806
903;1768
904;1693
904;1740
905;1261
905;1510
905;484
905;1076
906;2102
906;1213
906;2080
906;1687
907;2052
907;942
907;1302
907;1268
907;1136
908;1086
908;2063
909;1194
909;783
909;1054
910;1345
910;1893
910;1796
911;1188
911;553
912;2145
912;1288
912;2023
912;2125
913;2128
913;1394
914;1911
914;1092
914;1369
915;1637
915;946
915;1732
915;1775
916;1407
916;989
916;1421
916;1104
917;1512
917;851
917;1040
918;1546
918;1083
918;104
919;2023
919;1791
919;1288
919;1698
920;1174
920;1457
920;1468
921;794
921;2129
921;1703
922;1005
922;1110
922;1895
923;1566
923;1927
923;1405
924;1270
924;1892
924;2115
924;492
925;1315
925;1904
925;2107
925;1549
926;1952
926;1235
927;1902
928;1565
928;1692
928;1102
929;1599
929;1952
929;976
929;648
930;1143
930;2057
930;1431
930;1062
931;1501
931;958
931;1286
931;2131
932;1004
932;1881
932;1412
932;105
933;1783
933;1234
934;1619
934;949
934;1080
934;1034
935;1111
935;1598
936;710
936;828
936;47
937;1226
937;1843
937;220
938;1608
938;1584
938;2014
939;1982
939;1244
939;1561
940;1940
940;1901
940;1569
940;1189
941;1578
941;2126
941;1088
941;311
941;1807
942;1268
942;1136
942;2052
942;1881
943;1041
943;1150
943;1180
943;379
944;695
944;1681
945;2008
945;1206
945;1949
946;1732
946;1109
946;1447
947;1160
947;1064
947;2148
947;835
948;1588
948;1373
948;1586
949;1619
949;1034
950;1873
950;1156
950;1333
951;1062
951;1301
952;1006
952;1696
952;1011
952;1475
953;1236
953;534
954;1389
954;1394
954;1654
954;2094
955;2058
955;1530
955;1513
955;2139
956;1652
956;1231
956;1381
956;531
957;1537
957;1055
957;1593
957;464
957;1087
958;1399
958;1501
959;2096
959;1070
959;1311
959;1614
960;1084
960;1010
961;1721
961;1116
961;1851
961;1437
962;1042
962;1401
962;2097
962;337
963;2119
963;1134
964;1831
964;1021
964;1594
964;100
964;1750
965;1155
965;1949
965;1625
965;1763
965;945
966;1776
966;1552
966;680
967;1000
967;1440
967;2125
968;578
968;1898
968;1793
968;1504
969;1048
969;1300
969;1168
969;1274
970;1424
970;1910
970;690
971;1026
971;1612
971;71
972;1643
972;1638
972;1355
973;1262
973;1552
973;1874
973;1209
974;2092
974;2135
975;1921
975;1158
975;2173
976;247
976;1599
977;519
978;1602
978;1460
978;946
979;1905
979;308
980;1378
980;1238
980;251
981;1340
981;1605
981;1956
981;1955
982;1723
982;2104
982;1805
982;2096
982;1311
983;1001
983;2101
983;752
983;13
984;1779
984;1013
985;1180
985;1041
985;2070
985;943
985;1150
986;1154
986;1118
986;1073
986;1988
987;2179
987;1751
987;685
988;1032
988;1589
988;1306
988;2054
989;1407
989;1975
989;1104
990;1102
990;1078
990;1343
990;1565
991;1364
991;1438
991;1167
992;2028
992;426
992;1993
993;1124
993;1417
994;1960
994;1391
994;1267
994;1304
995;1269
995;1844
995;1571
995;1337
996;1874
996;543
996;193
997;1744
997;1562
997;1782
997;2109
997;1207
998;981
998;1340
998;1605
998;1196
999;1706
999;1830
999;1551
999;2118
1000;1440
1000;1913
1000;1959
1001;2101
1001;13
1002;1495
1003;1221
1003;1830
1003;647
1003;1890
1004;1881
1004;1412
1005;1895
1005;1233
1006;1696
1006;1011
1006;1875
1007;1556
1007;1289
1007;1561
1008;1074
1008;1937
1009;1788
1009;1260
1009;1708
1009;778
1010;1084
1010;1018
1010;1981
1011;1875
1011;1696
1012;1064
1012;1651
1012;1336
1012;947
1013;1779
1013;1198
1014;1595
1014;2174
1014;1728
1014;2161
1015;1544
1015;836
1015;871
1015;2097
1017;1590
1017;1302
1017;1120
1018;1367
1018;1091
1018;1981
1019;1138
1019;1472
1020;1293
1021;1594
1021;1831
1021;843
1022;1223
1022;1685
1022;1060
1022;1457
1022;1468
1023;1365
1023;1134
1023;1670
1023;1396
1024;2060
1024;1454
1024;1816
1024;1663
1025;2019
1025;1362
1026;1527
1027;2105
1027;1279
1027;2035
1028;1493
1028;1341
1028;1338
1028;1328
1028;2123
1029;1352
1029;1145
1030;1177
1030;1445
1030;306
1031;1127
1031;580
1032;1589
1032;2054
1032;1306
1033;2082
1033;1618
1033;2071
1033;2165
1034;1619
1034;1080
1034;578
1035;1825
1035;567
1035;821
1035;113
1035;1153
1036;1978
1036;724
1036;110
1037;2160
1038;1384
1038;1802
1039;2160
1039;1754
1039;477
1039;638
1040;1512
1040;1548
1041;1180
1041;1150
1041;2070
1042;1778
1042;337
1043;2004
1043;1205
1044;1347
1044;1463
1044;2122
1045;2061
1045;1522
1046;1309
1046;1429
1046;1408
1046;1811
1046;1056
1047;1215
1047;1468
1047;1275
1048;1300
1048;1168
1048;1274
1049;1112
1049;1121
1049;1667
1050;1423
1050;207
1050;78
1051;1312
1051;1220
1052;1912
1052;1135
1052;2053
1052;1826
1053;1852
1053;2044
1053;1339
1053;1281
1053;1675
1054;1543
1054;1633
1055;1537
1055;1593
1055;1799
1055;1996
1056;1811
1056;1349
1056;2134
1056;1933
1056;1309
1057;1025
1057;1058
1057;1158
1057;1921
1058;1763
1058;1808
1058;975
1058;1607
1059;1218
1059;2172
1060;1685
1060;1457
1060;1223
1060;371
1061;1749
1061;981
1061;1280
1062;63
1062;1143
1063;2142
1063;1209
1063;1958
1063;1262
1064;1651
1064;1336
1064;480
1065;2151
1065;1278
1065;1924
1066;1518
1066;1368
1066;1832
1067;1515
1067;1576
1067;1263
1067;72
1068;1201
1068;1427
1069;1701
1069;2121
1069;1842
1070;1614
1070;409
1070;1726
1071;1647
1071;1441
1071;760
1072;2046
1072;1385
1073;1988
1073;1118
1073;1154
1074;1219
1075;1170
1075;1971
1075;660
1076;1883
1076;1647
1076;1441
1076;1071
1077;1986
1077;1100
1077;1094
1078;1102
1078;1343
1079;1935
1079;1183
1080;1619
1080;1090
1080;949
1081;1819
1081;1656
1081;1747
1082;1829
1082;1157
1082;1336
1082;1651
1082;895
1083;1546
1084;1018
1084;1367
1085;1942
1085;1639
1085;1476
1086;1182
1086;517
1088;1807
1088;1578
1089;1535
1089;1113
1089;340
1090;2091
1090;1898
1090;1793
1091;1367
1091;1671
1091;1981
1092;1369
1092;1911
1093;1355
1093;1538
1093;502
1093;1296
1093;1643
1094;2153
1094;1100
1094;1640
1094;1393
1095;1151
1095;2015
1095;742
1095;1167
1096;556
1096;1399
1097;1319
1097;1383
1097;1374
1097;1175
1097;2045
1098;1413
1098;1114
1098;1856
1098;246
1099;1516
1099;260
1100;1393
1101;1836
1101;2098
1102;1565
1103;1524
1103;1462
1103;1332
1104;1361
1104;1975
1104;2093
1105;1507
1105;1273
1105;1287
1106;1234
1106;143
1106;1783
1107;2030
1107;1838
1108;1644
1108;2127
1108;1016
1108;383
1109;1447
1109;2003
1109;1775
1110;889
1111;1598
1112;1453
1113;1535
1114;1413
1114;1207
1115;1342
1115;1834
1115;1346
1116;1484
1117;341
1117;1818
1117;1161
1117;864
1117;2175
1118;1988
1118;1609
1118;1154
1119;1290
1119;1700
1119;1193
1119;573
1119;61
1120;1769
1120;1575
1120;1720
1121;1821
1121;1833
1121;726
1122;1133
1122;1591
1123;1169
1123;1489
1123;753
1123;425
1123;1990
1124;1417
1125;2159
1125;1510
1125;291
1126;1332
1126;1462
1126;1972
1126;1601
1126;1103
1127;1458
1127;217
1127;919
1128;1998
1128;1495
1128;160
1129;1947
1129;2149
1129;1737
1130;1246
1130;886
1130;2102
1131;1661
1131;2007
1131;1574
1131;1428
1132;1313
1132;1216
1132;1443
1133;1591
1134;1365
1135;2053
1135;1826
1136;1268
1136;1931
1136;1881
1136;1929
1137;877
1137;107
1137;222
1138;1472
1139;1658
1139;1284
1139;1824
1140;1812
1140;1987
1140;1150
1140;440
1141;1951
1141;1710
1141;2040
1141;1739
1141;1865
1142;1786
1142;1412
1143;2057
1143;1431
1144;1353
1144;8
1146;1585
1146;2167
1147;1465
1147;1653
1147;1714
1148;1461
1148;1735
1148;1523
1148;708
1149;1833
1149;1469
1149;1695
1149;1200
1150;1987
1151;2015
1151;2026
1151;1678
1152;1810
1152;1371
1152;348
1152;237
1152;1406
1153;1437
1153;2000
1153;1721
1154;1988
1155;1949
1155;1625
1155;1763
1155;1607
1156;1298
1156;1873
1156;1333
1157;1829
1157;1344
1157;171
1158;1921
1159;1553
1159;1824
1159;1229
1159;1284
1160;1186
1160;1503
1161;1818
1161;1939
1162;1411
1163;1861
1164;1772
1164;174
1164;1528
1164;1697
1164;1536
1165;1485
1165;1750
1166;1879
1166;1212
1166;1662
1167;1954
1167;1809
1168;1300
1168;1274
1168;1350
1169;425
1169;1746
1169;1892
1169;1990
1170;1971
1170;1969
1171;2047
1171;1894
1171;1841
1171;1581
1172;1194
1172;401
1173;1932
1173;1785
1173;1291
1173;1919
1174;1468
1174;1457
1175;2045
1175;1184
1175;1319
1176;1854
1176;1929
1176;1631
1176;1314
1177;1445
1177;814
1178;1531
1178;1453
1179;1867
1179;1768
1179;323
1179;2075
1179;321
1180;2070
1180;368
1181;1942
1181;358
1181;881
1181;887
1182;664
1182;1352
1182;1817
1182;787
1183;1935
1183;1848
1184;1521
1184;1482
1184;955
1185;1502
1185;1679
1185;1299
1186;1503
1186;170
1187;1889
1187;678
1187;1181
1188;825
1189;1569
1189;1498
1189;1743
1189;1901
1190;2145
1190;1698
1190;2125
1191;1303
1191;1815
1191;1784
1191;2059
1192;1544
1192;2067
1192;1015
1192;37
1193;1700
1193;1290
1193;1229
1194;486
1195;2087
1195;1959
1195;1913
1195;12
1196;1311
1196;869
1196;827
1196;678
1197;1842
1197;1701
1197;1069
1198;1520
1198;1351
1198;1779
1199;95
1199;555
1199;1037
1200;1860
1200;1390
1200;1469
1201;1427
1202;1480
1202;1402
1203;1820
1203;2064
1203;815
1203;412
1204;1579
1204;1330
1204;2020
1205;1876
1205;1282
1205;988
1206;2008
1206;266
1207;1744
1207;1782
1208;1434
1208;2137
1208;1941
1209;1958
1209;2142
1209;1262
1210;1405
1210;1897
1210;1887
1211;1327
1211;1481
1211;2103
1212;1540
1212;1879
1213;1687
1213;1957
1213;2080
1214;1673
1214;2162
1214;1488
1214;1749
1215;1275
1215;1468
1216;1443
1216;1524
1217;1314
1217;2013
1217;1005
1218;1836
1218;2172
1219;2018
1219;2002
1220;2003
1220;1447
1221;1890
1221;1760
1221;1386
1222;2033
1222;1773
1222;1410
1222;630
1222;1887
1223;1685
1223;1457
1223;1468
1224;935
1224;1398
1225;1945
1225;1623
1225;1545
1225;1727
1225;495
1226;1843
1227;1947
1227;1500
1227;2149
1227;359
1228;1292
1228;1626
1228;436
1228;1722
1229;1824
1229;1553
1229;1284
1230;1326
1230;1795
1231;1794
1231;1652
1232;2153
1232;351
1232;2042
1233;1895
1233;1590
1233;1302
1234;1783
1235;165
1236;24
1237;1646
1237;1793
1237;662
1237;1898
1237;2112
1238;1378
1238;232
1239;1459
1239;1730
1239;828
1240;1705
1240;494
1240;906
1240;1555
1241;1859
1241;26
1242;1714
1242;1731
1242;1312
1242;1868
1243;1977
1244;1982
1244;128
1245;1475
1245;2114
1247;1814
1247;162
1247;2167
1247;1146
1248;960
1248;1010
1248;927
1249;1370
1249;252
1249;676
1249;1843
1249;220
1250;1845
1250;1509
1250;1668
1250;1318
1251;1444
1251;310
1251;1256
1251;1703
1251;294
1252;1999
1252;2111
1252;163
1253;1911
1253;914
1253;1238
1253;762
1255;2171
1256;1703
1256;921
1256;400
1257;1528
1257;1683
1258;1777
1258;1397
1258;1392
1259;2062
1260;1788
1260;1906
1260;1277
1261;1510
1261;1885
1262;2142
1263;1515
1263;1756
1264;2127
1264;1644
1264;1496
1264;249
1264;1108
1265;1918
1265;1220
1265;366
1266;1729
1266;1318
1266;1964
1267;1391
1267;1960
1267;1448
1267;1304
1268;1931
1268;1929
1268;1314
1269;1844
1269;1571
1269;1337
1270;1892
1270;2115
1270;492
1270;17
1271;1676
1271;1534
1271;2077
1271;1566
1272;1660
1273;2027
1273;2166
1273;1507
1274;1350
1274;1300
1274;1655
1275;56
1276;1552
1276;1262
1276;1063
1277;1906
1277;1788
1277;1249
1278;1572
1278;2078
1279;2112
1279;2105
1280;1749
1280;1956
1280;1488
1280;981
1281;2044
1281;2002
1281;1339
1281;1968
1281;287
1282;1876
1282;1770
1282;988
1283;1356
1283;2169
1283;2103
1283;1327
1284;1824
1284;1658
1285;1287
1285;1796
1285;421
1286;1680
1286;1869
1287;1507
1287;2029
1287;75
1288;2023
1288;470
1288;2145
1290;1700
1290;1229
1290;573
1291;1932
1292;1722
1292;1626
1293;1972
1294;2088
1294;1660
1294;340
1294;1535
1295;1730
1295;1239
1295;1621
1295;828
1296;1538
1296;1355
1297;1888
1297;71
1297;234
1297;1527
1298;1333
1298;2176
1298;1997
1298;1873
1299;2141
1299;1679
1301;1778
1301;704
1302;1590
1302;2052
1303;1784
1303;2059
1304;1420
1304;1699
1305;1842
1305;1701
1305;1069
1306;1589
1306;2054
1306;1801
1307;2123
1307;2100
1307;1028
1308;1871
1308;2065
1309;1429
1309;1408
1309;1811
1310;1382
1310;1734
1310;1989
1311;2096
1311;1805
1311;2104
1311;1723
1312;1714
1313;1216
1314;2052
1314;1929
1315;2107
1315;1549
1315;1904
1316;2011
1316;2009
1316;1979
1316;652
1317;1624
1317;1620
1318;1729
1319;1383
1319;1374
1319;2045
1320;1868
1320;1372
1320;1826
1321;1486
1321;1697
1321;2041
1321;1683
1321;174
1322;1390
1322;1827
1323;1681
1323;1790
1323;675
1324;1596
1324;1849
1324;925
1324;1904
1325;1610
1325;2132
1327;1481
1327;2103
1327;223
1328;1493
1328;1679
1328;1341
1328;1338
1329;1455
1329;2020
1329;1924
1330;1579
1331;2018
1331;313
1331;1463
1332;1462
1332;1972
1332;1524
1333;1997
1333;1873
1334;1634
1334;1561
1334;1506
1334;1982
1335;274
1335;527
1335;1587
1336;1651
1336;1829
1337;1432
1337;2013
1338;1341
1338;1493
1338;1451
1339;2044
1339;1852
1339;1925
1339;1456
1340;1605
1340;1955
1340;1956
1341;1493
1341;1451
1342;1346
1342;1834
1343;1460
1344;1373
1345;1796
1345;1893
1346;1834
1346;1506
1347;2122
1348;1499
1348;1792
1348;1612
1349;2134
1349;2036
1349;1811
1350;1300
1350;1655
1350;87
1351;1366
1351;1779
1351;305
1351;1520
1352;35
1352;520
1353;1409
1354;2171
1354;1626
1355;1643
1355;1538
1356;2169
1356;223
1356;2103
1356;1327
1357;2090
1357;1517
1357;1720
1357;1753
1358;20
1358;1753
1358;794
1359;1397
1359;1777
1359;1839
1359;1870
1359;1258
1360;1128
1360;882
1360;1495
1360;1998
1361;1551
1361;2093
1361;860
1362;2019
1363;1499
1363;1348
1363;1612
1364;1438
1364;2164
1365;963
1365;1581
1365;50
1366;1520
1366;1198
1366;1426
1367;1671
1367;1981
1368;1832
1368;1518
1368;1662
1369;173
1369;1684
1370;252
1370;676
1370;220
1370;1843
1371;1810
1372;1785
1372;739
1372;1135
1373;1588
1374;2045
1374;1514
1374;1383
1375;2081
1375;102
1375;844
1376;1648
1376;1866
1376;1920
1377;1814
1377;811
1377;2043
1377;498
1379;1925
1379;1456
1379;1522
1379;1339
1380;1573
1380;1845
1380;1318
1381;236
1381;584
1382;1734
1383;2045
1383;1514
1384;1802
1384;1984
1384;511
1385;2046
1386;1760
1386;2155
1387;1726
1387;1893
1387;2138
1388;2092
1388;913
1388;475
1389;1654
1389;2094
1389;1394
1389;542
1390;1827
1391;1960
1391;1304
1392;1483
1392;1930
1392;1777
1393;583
1394;2128
1394;1970
1395;1511
1395;2143
1396;1670
1396;2154
1396;1313
1397;1777
1397;1839
1398;2137
1398;903
1399;2049
1400;1822
1400;1966
1400;579
1400;1764
1401;1615
1402;1480
1402;338
1403;1611
1403;1739
1403;1951
1404;1525
1404;1938
1404;2051
1405;1897
1405;1887
1406;1632
1406;1466
1406;70
1407;1421
1408;1429
1408;1933
1408;1757
1409;8
1409;2062
1410;1773
1410;1800
1410;2033
1411;2048
1411;1728
1411;1585
1411;1146
1412;1786
1413;1856
1413;897
1414;1981
1414;1010
1414;1018
1414;608
1414;1367
1415;1467
1415;2008
1415;446
1415;945
1415;2119
1416;1532
1416;1200
1416;516
1416;1860
1418;1668
1418;1823
1418;1845
1418;524
1420;2072
1420;1523
1421;672
1422;2132
1422;1610
1423;78
1424;2030
1424;713
1424;1910
1425;1746
1425;1438
1425;2015
1425;414
1426;2170
1426;2177
1426;1351
1426;404
1428;396
1428;2007
1428;2121
1428;32
1429;1933
1429;1811
1430;1567
1430;1583
1431;2057
1431;1780
1432;1571
1432;1700
1433;1199
1433;638
1433;1767
1434;1674
1434;1941
1434;1666
1435;1851
1435;2012
1436;1840
1437;1721
1438;2164
1439;1642
1439;1560
1439;1734
1440;1985
1441;1647
1442;1508
1442;424
1443;887
1443;182
1443;881
1444;294
1444;2114
1444;1256
1444;1703
1445;1245
1446;1961
1446;1743
1446;1498
1446;1717
1447;2003
1448;2072
1448;1304
1448;1420
1448;1391
1449;1761
1450;2176
1450;1825
1450;2165
1450;867
1451;1848
1451;339
1452;1821
1453;1531
1453;1606
1454;2060
1454;1789
1454;1816
1454;12
1455;1924
1455;2151
1455;2020
1456;1675
1456;1925
1456;2113
1457;1685
1458;1791
1458;535
1458;919
1459;1751
1459;2147
1459;1776
1460;990
1461;1735
1461;1627
1461;934
1462;1524
1462;1972
1463;1866
1463;1347
1463;1648
1464;2039
1464;157
1464;878
1465;1653
1465;2001
1466;1983
1466;1632
1466;620
1466;901
1467;2008
1467;2119
1467;55
1469;1860
1469;1620
1469;1695
1470;1781
1471;1936
1471;1691
1472;1944
1472;326
1473;1548
1474;1752
1474;1853
1474;2063
1475;1006
1475;2114
1476;1713
1476;1942
1476;265
1477;1804
1477;1556
1477;2050
1478;2031
1478;1621
1478;1541
1479;2120
1479;1859
1479;499
1479;750
1481;2103
1482;1521
1482;2139
1483;1930
1483;1839
1483;1492
1483;1258
1484;2012
1484;430
1485;2152
1485;179
1486;1697
1486;2041
1486;174
1486;1683
1487;756
1487;1736
1488;1749
1488;1673
1489;2078
1489;1990
1489;344
1490;1871
1490;2065
1490;563
1490;1308
1491;1890
1491;2067
1491;1221
1492;845
1492;1631
1492;1682
1493;1502
1494;1722
1494;1626
1494;306
1496;2074
1496;1497
1496;1644
1497;1550
1497;2074
1498;1743
1498;1961
1499;1792
1500;2022
1500;1609
1501;2131
1501;1399
1502;1028
1502;1679
1504;1767
1504;1938
1505;1564
1505;2144
1505;1523
1506;1828
1506;1834
1508;1665
1509;1668
1510;2159
1511;2143
1512;350
1513;1530
1513;2058
1514;2045
1514;215
1515;1756
1516;1560
1516;732
1517;2005
1517;1720
1517;68
1518;1832
1519;1576
1519;1664
1520;305
1520;452
1521;955
1521;2139
1522;1038
1523;2144
1523;1564
1525;1938
1525;2051
1525;662
1526;1695
1526;1833
1526;438
1526;1149
1527;1830
1528;1772
1529;2162
1529;1545
1529;1673
1529;2158
1529;1214
1530;2058
1531;1606
1532;1908
1532;1758
1532;1860
1533;1627
1533;1878
1533;2127
1534;2077
1534;1676
1534;1927
1534;1222
1535;404
1535;1660
1536;2034
1536;1835
1537;1799
1537;1593
1537;1996
1539;1570
1539;735
1540;1900
1541;1615
1541;834
1541;1401
1542;1909
1542;1547
1542;884
1543;1633
1544;1770
1544;836
1545;2162
1545;1755
1546;580
1547;1909
1547;1617
1549;2107
1549;1872
1550;1901
1550;1569
1550;1940
1551;2146
1551;2118
1551;1706
1552;1262
1553;1824
1553;1284
1553;1193
1554;1683
1554;2111
1554;390
1554;1697
1554;174
1555;2079
1555;1891
1555;2169
1556;1804
1556;1561
1557;1780
1557;1431
1557;1621
1558;2073
1558;2068
1558;556
1558;1097
1558;1855
1559;1289
1559;1828
1561;1982
1562;1782
1562;2109
1562;2150
1562;1744
1563;1724
1563;532
1563;1991
1563;1622
1564;2144
1564;1148
1565;1692
1565;716
1566;2163
1566;1992
1566;1676
1567;1583
1568;1573
1569;1901
1569;1940
1571;1337
1572;1919
1572;1065
1572;344
1574;40
1574;2121
1575;2129
1575;433
1575;20
1576;1664
1577;1783
1577;933
1577;143
1578;1807
1578;725
1579;2020
1580;1862
1580;2005
1581;1894
1581;2047
1581;1841
1582;2173
1582;852
1582;1190
1582;755
1583;760
1584;1608
1584;2014
1584;1603
1585;2167
1586;1588
1586;171
1586;2065
1587;1948
1587;1752
1587;1474
1588;2065
1589;2054
1589;1719
1590;2052
1591;2097
1592;1886
1592;233
1593;1996
1593;1799
1594;1831
1595;1728
1595;2174
1595;2161
1596;1904
1596;1849
1596;925
1597;1658
1597;765
1597;1628
1597;1284
1599;1952
1599;648
1600;2105
1600;2035
1600;1027
1600;569
1600;1279
1601;1677
1601;2110
1601;2124
1601;1972
1602;2003
1602;1447
1603;1608
1603;2014
1604;1745
1605;1955
1605;1956
1606;1667
1606;1112
1607;1763
1607;2173
1607;1625
1607;975
1608;2014
1609;1988
1609;2022
1610;2132
1611;1739
1611;1951
1612;1499
1613;1624
1613;1317
1614;1805
1614;2104
1614;2076
1615;1478
1615;834
1616;1875
1616;1696
1616;1193
1617;1909
1617;1694
1617;1542
1618;2082
1618;1716
1620;1624
1621;2031
1622;1991
1622;1724
1623;2108
1623;1727
1625;1763
1626;1722
1627;1878
1627;2055
1628;1896
1628;2086
1628;1657
1629;2010
1629;2128
1629;1394
1630;1684
1630;1669
1630;158
1630;2172
1631;1854
1631;1929
1632;2133
1632;1983
1634;1418
1634;1506
1634;1561
1635;2117
1635;537
1635;1441
1636;2136
1636;1914
1636;2168
1637;1775
1637;946
1637;1109
1638;1802
1639;2154
1639;38
1640;2042
1640;2153
1640;551
1641;327
1641;842
1641;724
1642;1734
1642;1382
1642;254
1642;1560
1643;1638
1644;1016
1645;1835
1646;2112
1646;2091
1647;1883
1648;1866
1648;1920
1649;1578
1649;964
1649;581
1650;2075
1650;2136
1650;1655
1651;1829
1652;1457
1653;2001
1654;2094
1654;542
1654;1970
1655;1914
1655;1636
1656;1819
1656;1747
1656;248
1657;1967
1657;1896
1657;2086
1658;1824
1659;1953
1660;2088
1661;2007
1661;1574
1662;1832
1662;1879
1663;1985
1663;2087
1665;1787
1666;2016
1666;1674
1667;1112
1668;1845
1669;1891
1669;2169
1670;2154
1670;651
1670;1313
1671;1018
1671;608
1671;68
1672;66
1672;833
1672;2167
1672;79
1673;2162
1673;554
1674;1941
1674;1208
1674;28
1675;1925
1675;2113
1675;1339
1676;1992
1677;2110
1677;2124
1677;1962
1678;1816
1678;2087
1678;12
1679;1493
1679;1341
1680;1869
1680;155
1681;1790
1682;1957
1682;1929
1683;1697
1683;1772
1684;2172
1684;1059
1686;1272
1687;1957
1687;2080
1688;1810
1688;420
1689;1275
1689;386
1689;1718
1689;1817
1690;2089
1690;1715
1690;1803
1690;1702
1690;2074
1691;1936
1691;1762
1691;117
1692;1102
1692;716
1693;1740
1693;1771
1694;698
1694;1547
1694;1909
1695;1833
1695;692
1696;1875
1697;1772
1698;1791
1698;2145
1698;2023
1699;1738
1699;2020
1701;1842
1701;2121
1702;2089
1702;1715
1702;2074
1703;400
1704;1800
1704;1410
1704;2006
1704;717
1705;1669
1705;1891
1705;269
1706;647
1706;1361
1707;1733
1707;1897
1707;203
1707;1067
1707;1887
1709;1872
1709;2056
1709;1717
1710;1951
1710;1865
1710;2040
1710;1739
1711;844
1711;1838
1711;713
1711;1923
1712;1101
1712;2098
1712;1836
1713;1942
1713;1181
1713;1085
1714;1731
1715;1803
1715;2141
1715;2089
1716;831
1717;1872
1717;1961
1718;1817
1718;908
1718;1182
1719;1732
1719;1306
1719;1032
1719;988
1720;2005
1721;1851
1723;2104
1723;1805
1723;2096
1724;1991
1724;532
1724;806
1725;2056
1725;861
1725;81
1726;1893
1726;2138
1727;2108
1727;1863
1728;2048
1728;2174
1729;1964
1730;710
1731;1868
1731;1320
1732;1637
1733;1897
1733;1067
1733;1210
1733;1887
1735;466
1736;600
1736;230
1737;1856
1737;1098
1737;1801
1738;1329
1738;1304
1738;2020
1739;1951
1741;1108
1741;1016
1741;600
1741;230
1742;1774
1742;1764
1743;1961
1744;1782
1746;492
1746;17
1746;778
1747;1819
1748;1943
1748;593
1749;981
1749;1956
1750;1781
1751;1776
1751;2147
1753;2090
1754;1935
1754;2160
1754;1079
1755;2158
1755;900
1755;1518
1757;1880
1757;1933
1757;1429
1758;1908
1758;1998
1759;1978
1759;724
1759;1036
1760;439
1762;1936
1762;76
1763;93
1763;2173
1764;1966
1764;596
1765;1819
1765;602
1765;2032
1766;1937
1767;1938
1767;1404
1767;1525
1768;1867
1769;1720
1770;2067
1770;1876
1771;1970
1771;1740
1772;390
1773;2033
1773;1800
1774;1664
1774;285
1775;1447
1775;2003
1776;2147
1777;736
1778;1133
1780;2057
1780;829
1780;455
1784;2059
1785;1932
1785;1320
1785;780
1786;105
1787;468
1787;424
1787;560
1788;1708
1788;18
1788;778
1789;1024
1789;2060
1789;213
1790;695
1790;1156
1790;944
1791;2023
1791;2145
1793;1898
1793;2091
1794;1916
1794;770
1795;357
1795;631
1795;650
1796;374
1796;1893
1796;791
1797;1965
1797;1882
1797;628
1797;299
1798;2038
1798;1837
1799;1996
1801;2022
1801;2054
1801;1500
1802;1984
1803;2089
1803;2141
1803;1702
1804;2050
1805;2104
1805;2096
1805;409
1806;1822
1807;1950
1808;1057
1808;121
1808;111
1808;1025
1809;1954
1809;742
1809;1381
1811;2134
1811;1933
1812;1987
1812;1150
1812;440
1813;1899
1813;253
1815;1303
1815;1784
1816;2060
1817;371
1817;517
1818;1939
1818;2175
1820;2064
1820;412
1821;2084
1821;748
1822;2098
1823;1870
1825;2176
1825;790
1825;867
1825;2165
1826;2053
1826;780
1827;2084
1828;612
1829;895
1829;1393
1831;843
1833;1469
1836;451
1836;993
1836;132
1837;2038
1838;2030
1839;566
1839;1777
1840;2014
1841;2047
1841;141
1844;1571
1844;889
1846;1725
1846;2001
1846;109
1847;1858
1847;80
1847;1650
1848;2100
1848;1935
1849;360
1849;925
1849;1904
1850;2021
1850;1994
1850;2140
1851;2012
1852;2044
1852;1281
1852;1456
1853;2063
1854;1929
1854;1931
1855;2073
1855;2068
1857;1980
1857;1971
1858;596
1858;1350
1859;2120
1860;692
1860;1620
1862;741
1863;1948
1863;1587
1863;1795
1864;2175
1864;1939
1865;2040
1865;1951
1865;1739
1866;1920
1867;903
1867;2075
1868;739
1868;780
1869;280
1869;1096
1870;1871
1871;2065
1872;2056
1874;823
1874;680
1876;977
1876;515
1877;1538
1877;1592
1877;1886
1877;1296
1878;1052
1878;1741
1879;1326
1880;1933
1880;1429
1881;1412
1882;1965
1882;918
1883;1441
1883;1885
1884;1885
1884;154
1886;233
1887;1897
1887;1927
1888;71
1888;1975
1888;1527
1889;1605
1889;1955
1890;2067
1890;1760
1891;2169
1891;2079
1892;2115
1892;492
1892;17
1893;791
1893;410
1894;2047
1894;2066
1895;195
1896;1967
1896;2086
1898;2091
1900;1787
1900;877
1901;1940
1903;1272
1903;1686
1903;1
1903;1660
1904;2107
1904;1549
1906;1788
1906;1009
1907;1994
1907;1850
1907;2021
1907;2140
1908;1998
1910;2030
1910;1107
1910;690
1912;1826
1913;1959
1913;470
1913;1440
1914;522
1914;2136
1914;873
1915;186
1916;2164
1917;1989
1917;875
1917;1766
1917;26
1918;1460
1918;978
1919;1995
1919;1278
1920;696
1922;2150
1922;2155
1922;1531
1922;2118
1923;126
1923;1129
1924;712
1926;508
1926;979
1926;213
1927;1210
1927;1405
1928;1955
1928;1956
1928;604
1928;1605
1929;1931
1931;942
1931;1176
1932;1372
1934;388
1934;508
1934;2066
1940;1189
1942;39
1942;881
1943;1902
1943;927
1944;2142
1944;1063
1945;495
1945;1623
1945;1103
1945;1332
1946;90
1946;752
1947;2149
1948;1335
1948;274
1949;1625
1949;2008
1950;1088
1950;2126
1950;2130
1951;2040
1952;165
1952;1435
1952;624
1953;14
1954;991
1955;1956
1958;2142
1958;1262
1959;2087
1959;94
1960;1304
1961;1189
1962;2124
1962;2110
1962;850
1963;1783
1963;1577
1965;299
1967;2086
1967;408
1968;2061
1968;287
1969;2055
1969;949
1969;1034
1970;954
1971;547
1973;2064
1973;476
1973;454
1974;347
1974;478
1975;1407
1975;916
1975;315
1976;1419
1978;1431
1979;2011
1979;2009
1981;608
1982;773
1983;1406
1983;1241
1983;1152
1984;636
1985;1959
1986;2148
1986;1100
1989;499
1990;2078
1990;344
1992;2163
1992;190
1993;2028
1993;1473
1994;2140
1994;2021
1995;1572
1995;1173
1997;1156
1999;2111
1999;1554
2000;1437
2002;2018
2003;356
2004;977
2005;384
2006;669
2006;1762
2007;1574
2009;2011
2010;706
2010;296
2011;652
2012;2130
2015;2026
2016;1508
2016;591
2016;173
2016;222
2017;2024
2017;1293
2021;2140
2022;0
2025;1226
2026;414
2026;633
2026;1370
2027;2166
2027;1105
2028;1040
2029;1166
2029;874
2029;1507
2031;2147
2032;1228
2033;717
2034;505
2035;2105
2036;2134
2037;1727
2037;1795
2037;1755
2039;1951
2039;1141
2040;549
2041;2134
2041;1697
2042;2153
2042;1094
2043;757
2043;1559
2043;166
2044;407
2046;186
2048;2161
2048;1595
2049;1096
2050;1244
2050;606
2051;1199
2051;1938
2055;949
2055;708
2059;206
2060;441
2062;84
2066;746
2066;1905
2067;509
2068;2073
2069;434
2070;943
2070;368
2071;2082
2071;2165
2072;1523
2074;2089
2075;2136
2076;2168
2077;1927
2077;1676
2077;1222
2079;2169
2080;2102
2081;2178
2082;2165
2083;2167
2084;201
2085;2116
2085;2175
2085;1117
2085;196
2086;408
2088;1272
2088;1535
2092;2135
2092;687
2093;904
2093;1740
2094;1633
2094;783
2095;1235
2095;926
2096;2104
2097;1122
2099;689
2099;1803
2099;2141
2099;99
2099;1715
2100;339
2100;1183
2102;1687
2106;2110
2106;1962
2108;2106
2109;2150
2109;1782
2109;1744
2110;2124
2112;1027
2113;1925
2113;1339
2113;407
2114;482
2114;777
2114;461
2116;1326
2116;73
2117;401
2117;19
2118;2146
2119;446
2120;499
2120;750
2121;619
2123;1493
2123;1341
2125;2145
2126;1807
2126;1088
2126;311
2127;1644
2127;249
2130;1484
2130;338
2130;430
2131;658
2133;2178
2135;1974
2136;847
2136;873
2137;2166
2137;153
2141;1690
2141;2089
2144;841
2145;2023
2146;1606
2148;583
2148;1077
2150;2155
2150;1782
2152;1165
2152;90
2155;519
2155;309
2156;1029
2157;192
2157;1248
2157;1756
2158;1545
2159;291
2159;484
2160;812
2160;95
2161;1728
2162;1488
2163;923
2166;528
2169;223
2170;2177
2170;404
2170;491
2175;1939
2175;314
2175;864
2176;2165
2178;156
2179;763
2179;685
2180;742
2180;1954
2180;1167
2180;991
2180;263
2181;1699
2181;1738
2181;712
2181;2020
2181;262
2182;245
2182;569
2182;2035
2182;2105
2182;122
2183;10
2183;1291
2183;1995
2183;1919
2183;1918
2184;1689
2184;1223
2184;1022
2184;1468
2184;1685
2185;728
2185;2106
2185;241
2185;1962
2185;2124
2186;657
2186;1277
2186;676
2186;1249
2186;1843
2187;184
2187;625
2187;1976
2187;24
2187;187
2188;1029
2188;1352
2188;520
2188;490
2188;35
2189;12
2189;1663
2189;1024
2189;94
2189;1816
2190;770
2190;531
2190;615
2190;1231
2190;1330
2191;387
2191;1646
2191;1237
2191;2112
2191;398
2192;2164
2192;848
2192;1916
2192;753
2192;149
2193;688
2193;1151
2193;1678
2193;441
2193;2015
2194;885
2194;333
2194;771
2194;2063
2194;1853
2195;753
2195;1916
2195;848
2195;826
2195;2192
2196;796
2196;1215
2196;397
2196;88
2196;1047
2197;263
2197;1381
2197;115
2197;1809
2197;236
2198;885
2198;2194
2198;2063
2198;1689
2198;386
2199;1746
2199;1425
2199;1169
2199;1123
2199;492
2200;115
2200;1381
2200;1652
2200;956
2200;2197
2201;238
2201;1080
2201;813
2201;934
2201;1619
2202;1689
2202;2198
2202;386
2202;1718
2202;2184
2203;2072
2203;335
2203;1523
2203;1420
2203;841
2204;492
2204;2115
2204;17
2204;778
2204;1892
2205;657
2205;1277
2205;2186
2205;1249
2205;1370
2206;1689
2206;2202
2206;2184
2206;2198
2206;1718
2207;1370
2207;1249
2207;2205
2207;2026
2207;657
2208;1600
2208;2105
2208;1027
2208;2035
2208;1279
2209;397
2209;1047
2209;2196
2209;1915
2209;88
2210;386
2210;517
2210;908
2210;1718
2210;2063
2211;134
2211;65
2211;740
2211;197
2211;1291
2212;1817
2212;1718
2212;386
2212;2210
2212;2206
2213;1123
2213;753
2213;149
2213;2192
2213;2195
2214;1746
2214;414
2214;1425
2214;2199
2214;633
2215;817
2215;1455
2215;2151
2215;826
2215;1329
2216;742
2216;2180
2216;991
2216;1167
2216;1954
2217;688
2217;2193
2217;1678
2217;441
2217;1151
2218;1175
2218;1482
2218;1184
2218;1521
2218;1097
2219;1086
2219;908
2219;649
2219;517
2219;1182
2220;238
2220;2201
2220;813
2220;1080
2220;2072
2221;184
2221;625
2221;24
2221;496
2221;1236
2222;2209
2222;1047
2222;397
2222;1215
2222;2196
2223;1381
2223;2197
2223;115
2223;263
2223;2200
2224;425
2224;671
2224;1990
2224;1169
2224;98
2225;1995
2225;1919
2225;1572
2225;1278
2225;1078
2226;441
2226;1678
2226;2087
2226;1816
2226;12
2227;1448
2227;1267
2227;1391
2227;1600
2227;1279
2228;1279
2228;1027
2228;342
2228;284
2228;2208
2229;1352
2229;2188
2229;1029
2229;787
2229;1086
2230;2193
2230;2026
2230;1151
2230;688
2230;2015
2231;1448
2231;2227
2231;2072
2231;1267
2231;2220
2232;2194
2232;771
2232;885
2232;333
2232;1853
2233;2229
2233;1352
2233;2188
2233;1086
2233;1029
2234;625
2234;2221
2234;496
2234;184
2234;24
2235;1853
2235;1474
2235;2063
2235;274
2235;771
2236;2227
2236;2231
2236;1448
2236;1267
2236;2228
2237;1652
2237;956
2237;1231
2237;531
2237;1457
2238;2151
2238;817
2238;1065
2238;1455
2238;344
2239;387
2239;1530
2239;2191
2239;6
2239;679
2240;2215
2240;1455
2240;817
2240;1329
2240;2151
2241;441
2241;1678
2241;2226
2241;1816
2241;2087
2242;778
2242;17
2242;1708
2242;492
2242;2204
2243;2156
2243;241
2243;490
2243;1029
2243;2188
2244;1182
2244;664
2244;787
2244;1352
2244;802
2245;1457
2245;1060
2245;1652
2245;2237
2245;1685
2246;1236
2246;1145
2246;24
2246;490
2246;520
2247;1448
2247;2231
2247;2227
2247;2236
2247;1267
2248;2235
2248;1853
2248;1474
2248;2063
2248;274
2249;610
2249;227
2249;615
2249;1174
2249;1915
2250;1892
2250;1270
2250;2115
2250;924
2250;2204
2251;1685
2251;1022
2251;1223
2251;1060
2251;2184
2252;1746
2252;2199
2252;2214
2252;1425
2252;2242
2253;2218
2253;1482
2253;1175
2253;1184
2253;1521
2254;826
2254;2195
2254;753
2254;2151
2254;1489
2255;1086
2255;2229
2255;2233
2255;1352
2255;2219
2256;371
2256;2251
2256;2212
2256;1685
2256;1817
2257;1505
2257;614
2257;2144
2257;1564
2257;361
2258;2205
2258;657
2258;1277
2258;1260
2258;2207
2259;2231
2259;2220
2259;238
2259;2247
2259;2201
2260;1976
2260;187
2260;686
2260;236
2260;802
2261;2035
2261;2105
2261;569
2261;245
2261;2182
2262;1065
2262;1924
2262;2238
2262;817
2262;1455
2263;1097
2263;1319
2263;1383
2263;1374
2263;1175
2264;594
2264;1915
2264;88
2264;186
2264;796
2265;2206
2265;2202
2265;1689
2265;2184
2265;2212
2266;2214
2266;414
2266;2026
2266;633
2266;2015
2267;848
2267;1916
2267;2192
2267;1794
2267;2195
2268;88
2268;796
2268;1915
2268;186
2268;2209
2269;2209
2269;88
2269;2196
2269;2268
2269;2222
2270;1932
2270;1785
2270;197
2270;1372
2270;1320
2271;1022
2271;1685
2271;1060
2271;1223
2271;2251
2272;35
2272;520
2272;1145
2272;1029
2272;490
2273;2246
2273;1236
2273;24
2273;2221
2273;1145
2274;1260
2274;1788
2274;2258
2274;1009
2274;1277
2275;1267
2275;1391
2275;1960
2275;2227
2275;2236
2276;991
2276;1364
2276;1438
2276;2216
2276;742
2277;1383
2277;1374
2277;1319
2277;2263
2277;1097
2278;1060
2278;584
2278;371
2278;1685
2278;575
2279;2106
2279;43
2279;2185
2279;527
2279;728
2280;261
2280;994
2280;1330
2280;1204
2280;1960
2281;1788
2281;1009
2281;633
2281;2274
2281;1708
2282;1425
2282;2266
2282;2015
2282;1438
2282;2214
2283;1102
2283;671
2283;990
2283;98
2283;1565
2284;275
2284;2156
2284;241
2284;2243
2284;490
2285;1335
2285;274
2285;1587
2285;147
2285;1474
2286;1678
2286;2241
2286;441
2286;1816
2286;2217
2287;1817
2287;2212
2287;1718
2287;2256
2287;371
2288;813
2288;2220
2288;2259
2288;238
2288;2201
2289;1215
2289;1275
2289;2222
2289;1047
2289;2196
2290;2278
2290;1060
2290;584
2290;1685
2290;2271
2291;2151
2291;817
2291;2238
2291;2215
2291;826
2292;2246
2292;275
2292;2284
2292;2156
2292;2273
2293;1960
2293;1391
2293;2275
2293;2264
2293;1267
2294;585
2294;344
2294;1278
2294;2078
2294;1990
2295;1223
2295;1022
2295;1468
2295;2271
2295;2251
2296;2282
2296;2015
2296;1425
2296;2266
2296;1095
2297;2180
2297;1954
2297;1167
2297;2216
2297;742
2298;1169
2298;425
2298;1123
2298;2224
2298;1990
2299;1579
2299;89
2299;1330
2299;1204
2299;2190
2300;1370
2300;2230
2300;2193
2300;1249
2300;252
2301;1275
2301;2289
2301;1215
2301;1047
2301;56
2302;1169
2302;2298
2302;2224
2302;1123
2302;2250
2303;1652
2303;2237
2303;2245
2303;1457
2303;956
2304;274
2304;2285
2304;2235
2304;1474
2304;2248
2305;1455
2305;1329
2305;2240
2305;2215
2305;817
2306;2256
2306;2251
2306;2287
2306;2212
2306;2184
2307;2200
2307;2290
2307;115
2307;2278
2307;1381
2308;389
2308;169
2308;1514
2308;1275
2308;2301
2309;1072
2309;2182
2309;569
2309;245
2309;2035
2310;1027
2310;284
2310;342
2310;1279
2310;2228
2311;2301
2311;1275
2311;1689
2311;2184
2311;2289
2312;1195
2312;2087
2312;2300
2312;1959
2312;2226
2313;1304
2313;150
2313;841
2313;1420
2313;1699
2314;2249
2314;610
2314;1915
2314;227
2314;397
2315;1678
2315;2217
2315;2193
2315;688
2315;441
2316;2286
2316;1167
2316;2217
2316;1095
2316;1809
2317;1564
2317;2144
2317;1523
2317;1505
2317;361
2318;1174
2318;227
2318;920
2318;2295
2318;1468
2319;2300
2319;2193
2319;2230
2319;2312
2319;1370
2320;149
2320;1438
2320;1425
2320;2282
2320;2164
2321;2213
2321;1123
2321;753
2321;149
2321;2320
2322;1372
2322;1785
2322;780
2322;2270
2322;739
2323;1809
2323;1954
2323;1167
2323;2316
2323;263
2324;134
2324;2211
2324;1265
2324;1291
2324;740
2325;1572
2325;1919
2325;2225
2325;1278
2325;1995
2326;2244
2326;1182
2326;664
2326;787
2326;1352
2327;2292
2327;275
2327;2284
2327;2246
2327;2156
2328;2312
2328;2025
2328;2319
2328;252
2328;2300
2329;2144
2329;2257
2329;1564
2329;841
2329;1523
2330;2205
2330;657
2330;2258
2330;2207
2330;1277
2331;2278
2331;1685
2331;2290
2331;371
2331;1060
2332;56
2332;1468
2332;1047
2332;227
2332;397
2333;1513
2333;679
2333;6
2333;1436
2333;1530
2334;1374
2334;1514
2334;2045
2334;2277
2334;215
2335;2139
2335;139
2335;267
2335;1482
2335;955
2336;1600
2336;2208
2336;2228
2336;2105
2336;2264
2337;1919
2337;2325
2337;1572
2337;1995
2337;2225
2338;2186
2338;657
2338;2330
2338;1277
2338;2205
2339;1853
2339;2063
2339;2248
2339;2235
2339;2194
2340;1530
2340;2058
2340;1513
2340;6
2340;679
2341;2182
2341;245
2341;569
2341;2261
2341;2035
2342;1746
2342;2252
2342;2214
2342;2199
2342;2242
2343;1457
2343;920
2343;2245
2343;2318
2343;2271
2344;1915
2344;88
2344;2268
2344;594
2344;2264
2345;2025
2345;2328
2345;252
2345;220
2345;2312
2346;236
2346;187
2346;1976
2346;2260
2346;1419
2347;2230
2347;2026
2347;1151
2347;2015
2347;2193
2348;731
2348;2046
2348;1385
2348;215
2348;2045
2349;2228
2349;1279
2349;2208
2349;1027
2349;342
2350;2015
2350;2296
2350;1151
2350;1095
2350;2026
2351;2063
2351;1853
2351;2339
2351;2235
2351;2248
2352;2185
2352;728
2352;2106
2352;2279
2352;43
2353;2261
2353;2341
2353;245
2353;569
2353;2035
2354;2243
2354;490
2354;1029
2354;520
2354;2156
2355;2304
2355;2285
2355;274
2355;1335
2355;2235
2356;2210
2356;517
2356;386
2356;2063
2356;2198
2357;1095
2357;1151
2357;2350
2357;2015
2357;2296
2358;293
2358;361
2358;1735
2358;1505
2358;2317
2359;2241
2359;441
2359;1678
2359;2286
2359;2226
2360;2110
2360;1677
2360;2279
2360;1962
2360;2124
2361;1468
2361;2311
2361;2301
2361;2332
2361;56
2362;1916
2362;2195
2362;848
2362;753
2362;2192
2363;728
2363;2185
2363;241
2363;1962
2363;2352
2364;10
2364;2183
2364;1291
2364;1918
2364;366
2365;169
2365;2308
2365;389
2365;333
2365;885
2366;2225
2366;2325
2366;1278
2366;2294
2366;1572
2367;2230
2367;2193
2367;2347
2367;688
2367;2319
2368;1436
2368;377
2368;810
2368;598
2368;2333
2369;2333
2369;1513
2369;679
2369;6
2369;2340
2370;2326
2370;2244
2370;1182
2370;664
2370;787
2371;1816
2371;2060
2371;2286
2371;2316
2371;2359
2372;2331
2372;2278
2372;1685
2372;2290
2372;1060
2373;584
2373;2278
2373;2290
2373;575
2373;2307
2374;2234
2374;2221
2374;625
2374;1236
2374;2273
2375;2108
2375;2279
2375;495
2375;2106
2375;2360
2376;1794
2376;1231
2376;89
2376;770
2376;531
2377;1009
2377;1788
2377;18
2377;1708
2377;2281
2378;1419
2378;802
2378;187
2378;1976
2378;686
2379;108
2379;527
2379;43
2379;1335
2379;649
2380;742
2380;2216
2380;1095
2380;991
2380;2357
2381;657
2381;1277
2381;2338
2381;2186
2381;2330
2382;1468
2382;2332
2382;2361
2382;2295
2382;56
2383;1304
2383;2313
2383;994
2383;1699
2383;2181
2384;2282
2384;2296
2384;1438
2384;2320
2384;1425
2385;1579
2385;2299
2385;262
2385;1204
2385;2020
2386;2358
2386;293
2386;361
2386;1735
2386;1505
2387;2260
2387;1976
2387;187
2387;2378
2387;686
2388;496
2388;1454
2388;625
2388;1789
2388;2234
2389;1175
2389;215
2389;2218
2389;2045
2389;1184
2390;1173
2390;1932
2390;1785
2390;361
2390;1505
2391;184
2391;24
2391;2387
2391;2187
2391;2260
2392;2200
2392;115
2392;2307
2392;1381
2392;2223
2393;1364
2393;956
2393;991
2393;2276
2393;2216
2394;2313
2394;1304
2394;150
2394;2383
2394;841
2395;1374
2395;2334
2395;2277
2395;1514
2395;2045
2396;2026
2396;2347
2396;2015
2396;2230
2396;2350
2397;2087
2397;1195
2397;2312
2397;2226
2397;2315
2398;2193
2398;2319
2398;2367
2398;2315
2398;2300
2399;236
2399;2346
2399;187
2399;2223
2399;1976
2400;2298
2400;1169
2400;1123
2400;2302
2400;425
2401;2201
2401;238
2401;2220
2401;335
2401;934
2402;1275
2402;2301
2402;2289
2402;2311
2402;1215
2403;1523
2403;2329
2403;841
2403;2144
2403;1420
2404;712
2404;2020
2404;1329
2404;2181
2404;2305
2405;2181
2405;712
2405;1738
2405;1699
2405;2404
2406;2199
2406;2252
2406;1746
2406;2342
2406;1425
2407;293
2407;361
2407;2386
2407;2358
2407;1505
2408;1419
2408;2378
2408;584
2408;575
2408;802
2409;2235
2409;1853
2409;2355
2409;2304
2409;2248
2410;2324
2410;1291
2410;134
2410;2364
2410;10
2411;527
2411;43
2411;2379
2411;2106
2411;2352
2412;2046
2412;1072
2412;2389
2412;1385
2412;2309
2413;1919
2413;1995
2413;2337
2413;2183
2413;10
2414;955
2414;2058
2414;2340
2414;1530
2414;1513
2415;2399
2415;236
2415;2346
2415;2223
2415;187
2416;2310
2416;1027
2416;284
2416;342
2416;1279
2417;2259
2417;2231
2417;2072
2417;2247
2417;1448
2418;2321
2418;2213
2418;1123
2418;2320
2418;2406
2419;2106
2419;43
2419;2352
2419;2279
2419;2411
2420;1425
2420;2320
2420;2418
2420;2406
2420;149
2421;1278
2421;344
2421;1065
2421;2262
2421;2294
2422;2240
2422;2215
2422;2305
2422;1455
2422;1329
2423;2302
2423;1169
2423;2298
2423;2400
2423;2224
2424;2322
2424;1372
2424;1785
2424;293
2424;2407
2425;2270
2425;1291
2425;197
2425;1932
2425;134
2426;1175
2426;2389
2426;2218
2426;215
2426;2263
2427;2401
2427;238
2427;2201
2427;2220
2427;2259
2428;2396
2428;2026
2428;2015
2428;2347
2428;2350
2429;2210
2429;517
2429;2356
2429;386
2429;908
2430;2403
2430;1523
2430;2144
2430;1564
2430;841
2431;1489
2431;2400
2431;2298
2431;2078
2431;1123
2432;2247
2432;1448
2432;2231
2432;2227
2432;2236
2433;575
2433;664
2433;2370
2433;2326
2433;2244
2434;187
2434;1976
2434;2378
2434;2346
2434;236
2435;1364
2435;2393
2435;2276
2435;991
2435;2164
2436;2379
2436;527
2436;2411
2436;108
2436;43
2437;2420
2437;2320
2437;1425
2437;149
2437;2418
2438;2225
2438;2366
2438;2325
2438;1995
2438;1919
2439;2238
2439;1065
2439;2151
2439;2291
2439;817
2440;2020
2440;2404
2440;1329
2440;712
2440;262
2441;2249
2441;2314
2441;610
2441;227
2441;1174
2442;2404
2442;2440
2442;2020
2442;712
2442;2405
2443;2183
2443;2413
2443;10
2443;2364
2443;1291
2444;2265
2444;2206
2444;2202
2444;2212
2444;1718
2445;2327
2445;2292
2445;275
2445;2284
2445;2246
2446;2313
2446;2394
2446;1304
2446;150
2446;841
2447;1816
2447;2359
2447;2286
2447;2241
2447;441
2448;813
2448;2288
2448;2091
2448;1646
2448;2112
2449;2239
2449;2416
2449;2191
2449;2310
2449;2353
2450;2264
2450;2293
2450;594
2450;2344
2450;2336
2451;2443
2451;2183
2451;10
2451;2413
2451;2364
2452;2265
2452;2444
2452;2184
2452;2206
2452;1689
2453;2348
2453;731
2453;215
2453;2045
2453;2334
2454;2246
2454;1145
2454;490
2454;2273
2454;520
2455;2257
2455;1505
2455;614
2455;2390
2455;1564
2456;2417
2456;2231
2456;2259
2456;2072
2456;1448
2457;2060
2457;2371
2457;1454
2457;1816
2457;1024
2458;676
2458;1843
2458;2186
2458;1226
2458;2338
2459;2237
2459;2303
2459;1652
2459;531
2459;1231
2460;2187
2460;2391
2460;184
2460;2221
2460;625
2461;366
2461;2225
2461;1995
2461;2438
2461;2364
2462;2345
2462;2025
2462;2328
2462;177
2462;252
2463;2283
2463;1102
2463;990
2463;1565
2463;671
2464;1809
2464;2323
2464;263
2464;1954
2464;1167
2465;2258
2465;2274
2465;2205
2465;2281
2465;1788
2466;955
2466;2414
2466;2335
2466;2139
2466;1521
2467;1600
2467;2208
2467;2336
2467;2105
2467;2035
2468;2197
2468;2223
2468;263
2468;1381
2468;115
2469;2271
2469;1022
2469;1223
2469;1685
2469;1060
2470;2336
2470;1600
2470;2467
2470;2264
2470;2450
2471;1678
2471;441
2471;2241
2471;2359
2471;2226
2472;2309
2472;2182
2472;1072
2472;2412
2472;245
2473;414
2473;633
2473;2266
2473;2214
2473;2026
2474;2217
2474;688
2474;2193
2474;2315
2474;1678
2475;2256
2475;2287
2475;371
2475;2306
2475;1817
2476;108
2476;2379
2476;2436
2476;527
2476;2411
2477;2255
2477;1086
2477;2233
2477;2219
2477;2229
2478;2390
2478;1932
2478;1785
2478;1173
2478;2424
2479;2233
2479;2476
2479;2477
2479;108
2479;2255
2480;2373
2480;2307
2480;2392
2480;2290
2480;584
2481;2243
2481;241
2481;2354
2481;728
2481;2156
2482;2302
2482;2250
2482;2423
2482;1169
2482;1892
2483;753
2483;2195
2483;2362
2483;2213
2483;2321
2484;2115
2484;2204
2484;492
2484;1892
2484;2250
2485;2481
2485;241
2485;2243
2485;728
2485;2363
2486;2219
2486;1086
2486;908
2486;649
2486;517
2487;2466
2487;955
2487;2414
2487;2058
2487;2335
2488;2210
2488;386
2488;2429
2488;517
2488;908
2489;2259
2489;2220
2489;238
2489;2417
2489;2456
2490;1027
2490;2208
2490;2105
2490;2228
2490;2310
2491;2426
2491;1175
2491;2263
2491;1097
2491;2389
2492;2204
2492;492
2492;2484
2492;17
2492;2115
2493;686
2493;802
2493;787
2493;2378
2493;664
2494;2293
2494;2450
2494;1960
2494;1391
2494;994
2495;333
2495;885
2495;2194
2495;2365
2495;2232
2496;2446
2496;2394
2496;2313
2496;1304
2496;150
2497;2370
2497;2326
2497;2244
2497;1182
2497;664
2498;2213
2498;2321
2498;2418
2498;2483
2498;753
2499;2270
2499;197
2499;2425
2499;1785
2499;1320
2500;2045
2500;2491
2500;2426
2500;215
2500;1175
2501;2458
2501;676
2501;1843
2501;1226
2501;937
2502;2465
2502;2258
2502;2274
2502;2205
2502;657
2503;1789
2503;1454
2503;2388
2503;1024
2503;2060
2504;2186
2504;2338
2504;2458
2504;676
2504;2501
2505;2211
2505;65
2505;134
2505;197
2505;301
2506;1095
2506;2357
2506;2380
2506;2350
2506;2296
2507;2189
2507;12
2507;1024
2507;1663
2507;2226
2508;2209
2508;2222
2508;2269
2508;397
2508;2196
2509;2288
2509;342
2509;1279
2509;2112
2509;284
2510;2249
2510;2441
2510;2314
2510;610
2510;2280
2511;2303
2511;1652
2511;2245
2511;2307
2511;2237
2512;2317
2512;1564
2512;2144
2512;1505
2512;361
2513;2494
2513;2510
2513;2249
2513;2293
2513;994
2514;2164
2514;2192
2514;149
2514;1438
2514;2435
2515;908
2515;649
2515;2486
2515;517
2515;2219
2516;2264
2516;2450
2516;594
2516;2470
2516;2293
2517;2501
2517;2458
2517;676
2517;2504
2517;1843
2518;2515
2518;908
2518;2409
2518;517
2518;649
2519;920
2519;2343
2519;1174
2519;2318
2519;1457
2520;2388
2520;625
2520;496
2520;2503
2520;2234
2521;2331
2521;2372
2521;371
2521;2256
2521;2278
2522;2260
2522;2387
2522;1976
2522;187
2522;2346
2523;1932
2523;1785
2523;2478
2523;2270
2523;2322
2524;98
2524;1078
2524;2366
2524;1990
2524;2225
2525;787
2525;35
2525;2272
2525;1352
2525;686
2526;2180
2526;2297
2526;2216
2526;1954
2526;742
2527;186
2527;796
2527;2268
2527;88
2527;1385
2528;2346
2528;236
2528;2399
2528;187
2528;2434
2529;2305
2529;1329
2529;1455
2529;2240
2529;2422
2530;676
2530;1843
2530;2458
2530;2501
2530;2517
2531;2325
2531;1572
2531;2337
2531;1919
2531;2438
2532;2266
2532;2026
2532;2428
2532;2396
2532;2015
2533;2394
2533;1304
2533;2496
2533;2313
2533;2446
2534;2310
2534;1027
2534;2490
2534;2416
2534;2228
2535;2324
2535;134
2535;2211
2535;2410
2535;1291
2536;2470
2536;594
2536;2264
2536;2516
2536;2467
2537;2281
2537;1788
2537;1009
2537;2377
2537;1708
2538;796
2538;186
2538;2527
2538;2268
2538;88
2539;2470
2539;2336
2539;2536
2539;2516
2539;1600
2540;2338
2540;2186
2540;2504
2540;2381
2540;657
2541;610
2541;2510
2541;2249
2541;2441
2541;615
2542;227
2542;2318
2542;2382
2542;2332
2542;1468
2543;1278
2543;2421
2543;344
2543;2294
2543;1065
2544;2264
2544;2516
2544;2450
2544;594
2544;2344
2545;2418
2545;2321
2545;2406
2545;2420
2545;2213
2546;1086
2546;2219
2546;2486
2546;2477
2546;2255
2547;1330
2547;615
2547;1204
2547;1579
2547;261
2548;2288
2548;813
2548;2220
2548;2448
2548;238
2549;220
2549;252
2549;2025
2549;1843
2549;1226
2550;1078
2550;98
2550;2524
2550;2461
2550;990
2551;1448
2551;2247
2551;2432
2551;2231
2551;2227
2552;1086
2552;2219
2552;649
2552;2486
2552;2546
2553;2484
2553;2482
2553;2250
2553;2204
2553;2115
2554;2212
2554;1718
2554;1817
2554;2287
2554;2444
2555;263
2555;2197
2555;2468
2555;2223
2555;2464
2556;2207
2556;1370
2556;2205
2556;2330
2556;1249
2557;361
2557;1505
2557;2407
2557;2455
2557;293
2558;2316
2558;1167
2558;1809
2558;2323
2558;1954
2559;2224
2559;2423
2559;2482
2559;2302
2559;671
2560;134
2560;1291
2560;2535
2560;2410
2560;2425
2561;2046
2561;1385
2561;2412
2561;1072
2561;731
2562;24
2562;184
2562;1145
2562;2221
2562;2391
2563;2045
2563;2334
2563;2500
2563;2395
2563;1374
2564;1924
2564;614
2564;2262
2564;1065
2564;1572
2565;2220
2565;238
2565;2489
2565;2201
2565;2427
2566;2294
2566;585
2566;1278
2566;2543
2566;344
2567;1291
2567;2425
2567;2443
2567;2560
2567;1932
2568;2112
2568;2509
2568;342
2568;284
2568;1279
2569;2336
2569;2470
2569;2539
2569;1600
2569;2467
2570;169
2570;2365
2570;389
2570;2308
2570;1514
2571;614
2571;2257
2571;2455
2571;2564
2571;2329
2572;2557
2572;361
2572;2407
2572;2478
2572;2390
2573;1689
2573;2202
2573;2206
2573;2198
2573;2265
2574;17
2574;778
2574;492
2574;1708
2574;2242
2575;2454
2575;490
2575;2292
2575;2246
2575;2327
2576;2390
2576;1173
2576;2478
2576;1932
2576;2572
2577;1270
2577;1892
2577;2250
2577;924
2577;2115
2578;2479
2578;2476
2578;527
2578;2233
2578;2411
2579;2530
2579;1843
2579;676
2579;252
2579;220
2580;1482
2580;1521
2580;1184
2580;2466
2580;2335
2581;2200
2581;115
2581;2392
2581;1381
2581;956
2582;2105
2582;2035
2582;2261
2582;569
2582;2490
2583;1425
2583;2420
2583;2406
2583;2252
2583;2437
2584;2402
2584;2289
2584;1275
2584;2301
2584;1215
2585;2578
2585;527
2585;2411
2585;2436
2585;43
2586;2465
2586;2502
2586;2274
2586;2258
2586;2281
2587;2182
2587;2341
2587;2472
2587;245
2587;2309
2588;594
2588;2268
2588;88
2588;2344
2588;1915
2589;2409
2589;1853
2589;2235
2589;2063
2589;2518
2590;187
2590;2434
2590;2378
2590;2346
2590;236
2591;2356
2591;2210
2591;2429
2591;386
2591;517
2592;2347
2592;2230
2592;2367
2592;2396
2592;2428
2593;1145
2593;2272
2593;35
2593;520
2593;2562
2594;2239
2594;2449
2594;387
2594;1530
2594;6
2595;2015
2595;2350
2595;1151
2595;2396
2595;2428
2596;1167
2596;1954
2596;1809
2596;2558
2596;2297
2597;2515
2597;2518
2597;649
2597;2355
2597;2409
2598;2329
2598;2403
2598;841
2598;150
2598;2430
2599;2236
2599;2227
2599;2231
2599;2432
2599;2247
2600;2253
2600;2218
2600;1482
2600;2580
2600;1184
2601;2570
2601;333
2601;2365
2601;1539
2601;218
2602;2448
2602;2509
2602;2288
2602;2548
2602;813
2603;2357
2603;1095
2603;2316
2603;1151
2603;2506
2604;2547
2604;261
2604;2280
2604;1330
2604;1204
2605;2225
2605;2438
2605;2461
2605;1995
2605;1919
2606;2466
2606;2487
2606;955
2606;1521
2606;2414
2607;2375
2607;2108
2607;495
2607;2360
2607;2279
2608;1530
2608;2058
2608;955
2608;2340
2608;2341
2609;2583
2609;2252
2609;2406
2609;2214
2609;1746
2610;2526
2610;2216
2610;2393
2610;1364
2610;2180
2611;2385
2611;1579
2611;2299
2611;1204
2611;262
2612;1370
2612;2207
2612;2556
2612;2592
2612;1249
2613;990
2613;1078
2613;1102
2613;98
2613;2283
2614;1231
2614;2376
2614;531
2614;2459
2614;2237
2615;2306
2615;2554
2615;2256
2615;2212
2615;2287
2616;2224
2616;2559
2616;425
2616;671
2616;2423
2617;263
2617;2555
2617;2468
2617;2197
2617;2223
2618;2223
2618;2197
2618;2468
2618;1381
2618;2555
2619;2205
2619;2258
2619;2330
2619;2502
2619;2465
2620;134
2620;2560
2620;197
2620;2211
2620;2505
2621;2413
2621;1919
2621;2337
2621;1995
2621;2451
2622;2345
2622;2462
2622;2025
2622;2328
2622;252
2623;2183
2623;10
2623;2364
2623;2443
2623;2410
2624;2191
2624;2449
2624;387
2624;2239
2624;2594
2625;2264
2625;2544
2625;594
2625;2516
2625;2450
2626;2539
2626;2569
2626;2336
2626;2470
2626;1600
2627;2410
2627;2364
2627;10
2627;2623
2627;2324
2628;2464
2628;2323
2628;2187
2628;2460
2628;1809
2629;2512
2629;2317
2629;1564
2629;2144
2629;1523
2630;2246
2630;2327
2630;2292
2630;2273
2630;2445
2631;2203
2631;2430
2631;2072
2631;1420
2631;1523
2632;1086
2632;2546
2632;2552
2632;2477
2632;2219
2633;2520
2633;2388
2633;2503
2633;625
2633;496
2634;397
2634;2209
2634;2508
2634;2222
2634;1047
2635;2435
2635;2393
2635;1364
2635;1794
2635;2614
2636;1352
2636;2229
2636;2244
2636;787
2636;2326
2637;2452
2637;2184
2637;2615
2637;2444
2637;2265
2638;2575
2638;2454
2638;490
2638;520
2638;1145
2639;2436
2639;2379
2639;527
2639;2411
2639;43
2640;2298
2640;2423
2640;2400
2640;2302
2640;1169
2641;2521
2641;2331
2641;2372
2641;2256
2641;1685
2642;2636
2642;2244
2642;1352
2642;2326
2642;2497
2643;2415
2643;236
2643;2399
2643;2346
2643;2528
2644;1072
2644;2561
2644;1385
2644;186
2644;2046
2645;2312
2645;2397
2645;2328
2645;2087
2645;1195
2646;2559
2646;2224
2646;2616
2646;671
2646;2423
2647;2282
2647;2384
2647;2296
2647;1425
2647;2320
2648;2221
2648;184
2648;24
2648;2562
2648;2234
2649;2506
2649;1095
2649;2357
2649;2380
2649;2350
2650;1455
2650;817
2650;2529
2650;2305
2650;1329
2651;2473
2651;414
2651;2266
2651;2214
2651;633
2652;1505
2652;2557
2652;361
2652;2455
2652;1564
2653;2504
2653;2517
2653;2458
2653;2501
2653;2186
2654;2624
2654;2191
2654;387
2654;2449
2654;398
2655;2388
2655;2633
2655;2520
2655;2503
2655;496
2656;625
2656;2221
2656;2234
2656;184
2656;2648
2657;2569
2657;1600
2657;2467
2657;2336
2657;2470
2658;2045
2658;2563
2658;2500
2658;215
2658;2334
2659;2513
2659;2494
2659;994
2659;1960
2659;1391
2660;2296
2660;2384
2660;2282
2660;2647
2660;2506
2661;2592
2661;2347
2661;2230
2661;2396
2661;2428
2662;261
2662;2280
2662;2604
2662;2547
2662;1330
2663;1489
2663;2254
2663;2078
2663;2431
2663;826
2664;1173
2664;2576
2664;2390
2664;2478
2664;1932
2665;2614
2665;1231
2665;2376
2665;1794
2665;2635
2666;2483
2666;2498
2666;753
2666;2213
2666;2321
2667;2511
2667;2290
2667;2245
2667;1060
2667;2307
2668;2459
2668;2237
2668;2614
2668;1652
2668;2303
2669;2511
2669;1652
2669;2303
2669;2667
2669;2307
2670;994
2670;2659
2670;2280
2670;261
2670;1960
2671;2478
2671;2523
2671;1785
2671;1932
2671;2424
2672;2390
2672;2576
2672;2572
2672;2455
2672;1173
2673;2457
2673;2371
2673;2060
2673;1454
2673;1816
2674;2664
2674;2621
2674;2576
2674;1173
2674;2413
2675;679
2675;398
2675;6
2675;387
2675;1513
2676;2402
2676;1275
2676;2584
2676;2301
2676;2289
2677;2449
2677;2624
2677;2239
2677;2654
2677;2594
2678;2604
2678;2662
2678;261
2678;1204
2678;2280
2679;335
2679;2401
2679;1148
2679;2427
2679;2072
2680;2392
2680;2200
2680;115
2680;1381
2680;2307
2681;2300
2681;2319
2681;2398
2681;2328
2681;2345
2682;2628
2682;2187
2682;2460
2682;2464
2682;2323
2683;2558
2683;2316
2683;2603
2683;1167
2683;2596
2684;1148
2684;2629
2684;2512
2684;1523
2684;2317
2685;2359
2685;2241
2685;441
2685;2447
2685;2286
2686;2375
2686;2108
2686;2607
2686;300
2686;2279
2687;2250
2687;2577
2687;1270
2687;1892
2687;2482
2688;150
2688;2313
2688;2446
2688;2496
2688;2394
2689;1916
2689;848
2689;2267
2689;2195
2689;2362
2690;956
2690;2393
2690;2581
2690;2635
2690;1652
2691;366
2691;2461
2691;2364
2691;10
2691;2605
2692;2262
2692;1065
2692;2421
2692;2439
2692;2543
2693;2387
2693;2260
2693;1976
2693;2522
2693;2391
2694;2219
2694;2486
2694;2552
2694;1086
2694;2546
2695;2631
2695;1523
2695;2430
2695;2203
2695;2403
2696;2283
2696;1102
2696;2463
2696;671
2696;2613
2697;2420
2697;2437
2697;2418
2697;2545
2697;2320
2698;2267
2698;848
2698;1794
2698;2635
2698;2192
2699;2511
2699;2669
2699;2667
2699;2303
2699;2245
2700;2555
2700;2197
2700;263
2700;2682
2700;2628
2701;2638
2701;2454
2701;490
2701;2575
2701;520
2702;2376
2702;89
2702;1794
2702;1231
2702;770
2703;664
2703;802
2703;2493
2703;1419
2703;686
2704;2367
2704;2230
2704;2398
2704;2193
2704;2592
2705;335
2705;2679
2705;2072
2705;2401
2705;2203
2706;2384
2706;2647
2706;2660
2706;2282
2706;2296
2707;333
2707;2495
2707;885
2707;2232
2707;382
2708;2267
2708;2698
2708;848
2708;2192
2708;1916
2709;2320
2709;149
2709;1438
2709;2437
2709;2697
2710;2536
2710;2470
2710;2657
2710;2569
2710;2467
2711;2373
2711;584
2711;2480
2711;2408
2711;2643
2712;2506
2712;2649
2712;1095
2712;2380
2712;2357
2713;688
2713;2474
2713;2217
2713;2193
2713;2367
2714;2610
2714;2526
2714;2617
2714;2393
2714;2180
2715;2323
2715;2673
2715;2457
2715;1809
2715;2464
2716;2284
2716;2156
2716;275
2716;241
2716;2243
2717;1420
2717;841
2717;150
2717;2631
2717;2446
2718;1184
2718;1521
2718;122
2718;1482
2718;2218
2719;2623
2719;2410
2719;10
2719;2183
2719;2364
2720;2664
2720;1173
2720;2674
2720;2576
2720;2390
2721;1689
2721;2206
2721;2265
2721;2452
2721;2573
2722;2224
2722;2616
2722;2646
2722;671
2722;425
2723;1335
2723;2379
2723;2285
2723;108
2723;2436
2724;89
2724;2702
2724;2299
2724;2611
2724;2385
2725;2516
2725;2450
2725;2264
2725;2625
2725;2544
2726;1521
2726;1482
2726;2580
2726;2466
2726;1184
2727;215
2727;2658
2727;2045
2727;2500
2727;2563
2728;1919
2728;2337
2728;2531
2728;1995
2728;2325
2729;1521
2729;1184
2729;2726
2729;122
2729;2718
2730;2115
2730;924
2730;2484
2730;1892
2730;1270
2731;2541
2731;2510
2731;610
2731;2249
2731;2280
2732;2700
2732;2682
2732;2628
2732;2197
2732;2555
2733;2368
2733;1436
2733;810
2733;377
2733;598
2734;425
2734;1990
2734;2298
2734;2616
2734;2224
2735;2489
2735;2259
2735;2565
2735;2220
2735;238
2736;2513
2736;2659
2736;2494
2736;2510
2736;2249
2737;2222
2737;2508
2737;2209
2737;1047
2737;2634
2738;2266
2738;2282
2738;1425
2738;2214
2738;2296
2739;2651
2739;2266
2739;2473
2739;414
2739;2532
2740;2339
2740;2351
2740;1853
2740;2248
2740;2235
2741;2229
2741;2255
2741;1352
2741;2233
2741;2636
2742;1249
2742;2579
2742;2530
2742;1370
2742;252
2743;2214
2743;2651
2743;2739
2743;414
2743;2266
2744;2412
2744;2046
2744;2561
2744;2727
2744;215
2745;1530
2745;6
2745;2340
2745;679
2745;1513
2746;2673
2746;2457
2746;2371
2746;2715
2746;2060
2747;2542
2747;227
2747;2332
2747;2318
2747;1174
2748;1454
2748;2503
2748;2060
2748;1024
2748;2457
2749;1364
2749;991
2749;2276
2749;2610
2749;2216
2750;2251
2750;2306
2750;1223
2750;1022
2750;1685
2751;2279
2751;2106
2751;2360
2751;2419
2751;2185
2752;2650
2752;1455
2752;1924
2752;1329
2752;2529
2753;1708
2753;778
2753;2574
2753;18
2753;17
2754;2698
2754;2708
2754;2267
2754;848
2754;1794
2755;2621
2755;2413
2755;2674
2755;2720
2755;2337
2756;1383
2756;1319
2756;2277
2756;1097
2756;2263
2757;2645
2757;2397
2757;2312
2757;2087
2757;1195
2758;2349
2758;2228
2758;1279
2758;342
2758;2509
2759;2422
2759;2240
2759;2215
2759;2305
2759;2529
2760;2376
2760;1231
2760;2665
2760;2702
2760;1794
2761;1738
2761;1699
2761;2688
2761;2313
2761;2598
2762;2593
2762;1145
2762;2272
2762;35
2762;2562
2763;2594
2763;2239
2763;2677
2763;2449
2763;2745
2764;2490
2764;1027
2764;2534
2764;2228
2764;2310
2765;2470
2765;2536
2765;2710
2765;2657
2765;2569
2766;1990
2766;2734
2766;425
2766;2431
2766;585
2767;2615
2767;2306
2767;2637
2767;2452
2767;2750
2768;2483
2768;2666
2768;753
2768;2498
2768;2213
2769;2274
2769;2502
2769;2586
2769;2465
2769;2258
2770;2339
2770;2351
2770;2740
2770;2063
2770;1853
2771;2600
2771;2253
2771;1482
2771;2580
2771;2218
2772;2681
2772;2300
2772;252
2772;2345
2772;2622
2773;366
2773;2461
2773;2691
2773;2605
2773;1918
2774;2387
2774;2693
2774;2260
2774;1976
2774;2522
2775;2215
2775;2422
2775;2240
2775;826
2775;2759
2776;2758
2776;2509
2776;2349
2776;1279
2776;2228
2777;2355
2777;2304
2777;2409
2777;2589
2777;2597
2778;2538
2778;796
2778;1385
2778;731
2778;186
2779;2596
2779;1809
2779;2464
2779;2323
2779;1954
