0;80
0;700
0;1054
0;2083
0;15
1;41
1;1142
1;329
1;69
1;1367
2;570
2;466
2;1646
2;1522
2;1468
3;1926
3;46
3;42
3;2077
3;93
4;1868
4;138
4;677
4;33
4;938
5;1303
5;919
5;1884
5;1181
5;2079
6;1594
6;1761
6;906
6;1930
6;1056
7;893
7;948
7;567
7;1199
7;1115
8;58
8;842
8;1983
8;1417
8;1789
9;1765
9;1533
9;204
9;724
9;542
10;2072
10;1546
10;1064
10;1735
10;1689
11;1013
11;579
11;1347
11;2151
11;109
12;1571
12;1480
12;1895
12;726
12;414
13;1386
13;1665
13;1382
13;595
13;194
14;576
14;1372
14;961
14;431
14;1602
15;334
15;1938
15;2083
15;80
15;398
16;2152
16;2106
16;1719
16;346
16;1886
17;1225
17;472
17;1438
17;1928
17;1327
18;1348
18;441
18;121
18;1161
18;152
19;1224
19;1749
19;1698
19;1927
19;2064
20;1397
20;2146
20;67
20;453
20;647
21;761
21;794
21;2012
21;613
21;1252
22;1155
22;176
22;1341
22;1538
22;127
23;1513
23;1752
23;972
23;503
23;1814
24;1709
24;1702
24;917
24;436
24;242
25;199
25;135
25;1697
25;335
25;99
26;693
26;1746
26;250
26;1819
26;544
27;1574
27;1016
27;665
27;975
27;1356
28;1026
28;1031
28;1005
28;859
28;1471
29;1658
29;1603
29;698
29;1104
29;1963
30;966
30;90
30;1899
30;1266
30;1422
31;1238
31;1572
31;1655
31;924
31;208
32;1112
32;1969
32;572
32;1692
32;1105
33;938
33;1868
33;1042
33;1952
34;1867
34;1721
34;837
34;140
34;1408
35;81
35;1205
35;47
35;1198
35;1862
36;1687
36;2002
36;723
36;1123
36;228
37;1183
37;994
37;683
37;260
37;291
38;1332
38;530
38;1315
38;516
38;299
39;136
39;2084
39;223
39;1279
39;783
40;2174
40;1696
40;1349
40;1695
40;173
41;1367
41;1142
41;329
41;444
42;1714
42;401
42;1219
42;590
43;844
43;580
43;326
43;1704
43;1433
44;791
44;2102
44;1870
44;231
44;1341
45;1862
45;1198
45;1210
45;350
45;1585
46;2098
46;2077
46;1926
46;869
46;1550
47;1205
47;81
47;364
47;1097
48;342
48;473
48;492
48;193
48;327
49;947
49;1389
49;183
49;1879
49;1468
50;867
50;715
50;799
50;1285
50;146
51;685
51;516
51;95
51;1332
51;1305
52;888
52;1847
52;310
52;1893
52;971
53;489
53;801
53;2169
53;1548
53;756
54;1721
54;1250
54;1569
54;34
54;342
55;837
55;1595
55;140
55;1961
55;377
56;1634
56;245
56;816
56;2142
56;1650
57;1944
57;1531
57;2149
57;350
57;296
58;842
58;1983
58;1417
58;1789
59;1338
59;725
59;1769
59;939
59;1464
60;1654
60;691
60;1185
60;316
60;712
61;344
61;1153
61;1073
61;1170
61;922
62;627
62;494
62;68
62;1939
62;269
63;1773
63;2096
63;1087
63;1913
63;1754
64;2159
64;2119
64;1109
64;912
64;1613
65;1816
65;1960
65;667
65;1154
65;631
66;1589
66;1912
66;1346
66;1941
66;1253
67;647
67;2071
67;1397
67;2137
68;1939
68;826
68;1289
68;627
69;1510
69;1998
69;871
69;444
70;381
70;304
70;1201
70;2058
70;1459
71;1036
71;1676
71;874
71;942
71;909
72;2008
72;2095
72;1787
72;604
72;928
73;2033
73;1929
73;2145
73;673
73;1377
74;721
74;1081
74;638
74;1179
74;1652
75;604
75;2117
75;1295
75;562
75;356
76;1910
76;115
76;1875
76;1590
76;328
77;1839
77;1182
77;2097
77;681
77;384
78;1425
78;1755
78;287
78;887
78;974
79;782
79;133
79;770
79;271
79;759
80;700
80;1054
80;2083
81;1205
81;364
81;1097
82;1582
82;813
82;996
82;1976
82;1410
83;1162
83;722
83;1044
83;1527
83;1323
84;1020
84;1949
84;752
84;998
84;352
85;716
85;788
85;249
85;1776
85;1074
86;1084
86;1535
86;1111
86;584
86;1694
87;2082
87;450
87;1608
87;411
87;489
88;939
88;409
88;160
88;1338
88;1702
89;792
89;116
89;182
89;1088
89;1089
90;1422
90;966
90;1899
90;1606
91;1435
91;924
91;1492
91;1655
91;31
92;1905
92;1165
92;569
92;1975
92;694
93;2077
93;937
93;1766
93;1219
93;1387
94;1040
94;743
94;1650
94;1140
94;798
95;1305
95;1220
95;685
95;804
96;551
96;1282
96;1880
96;2153
96;1107
97;517
97;1571
97;305
97;414
97;1458
98;177
98;1102
98;2069
98;2061
98;469
99;1455
99;335
99;1697
99;1404
99;135
100;354
100;1431
100;1532
100;2134
100;847
101;1027
101;1633
101;940
101;2010
101;1107
102;1522
102;1806
102;466
102;2
102;570
103;2089
103;460
103;1265
103;2053
103;772
104;186
104;1515
104;1363
104;476
104;764
105;733
105;1799
105;470
105;1653
105;1621
106;328
106;1410
106;1875
106;707
106;1910
107;238
107;336
107;351
107;822
107;1946
108;1201
108;1796
108;304
108;1470
108;2058
109;1625
109;1347
109;2151
109;579
109;1593
110;687
110;2158
110;1814
110;2052
110;503
111;1974
111;1288
111;243
111;1808
111;827
112;264
112;1750
112;884
112;2024
112;2006
113;809
113;2124
113;577
113;701
113;1206
114;1200
114;831
114;841
114;1580
114;1584
115;1910
115;1875
115;328
115;1590
116;792
116;1088
116;1089
116;182
117;1453
117;372
117;638
117;1772
117;1114
118;1139
118;1986
118;1763
118;1678
118;802
119;1417
119;2080
119;1319
119;856
119;1983
120;1198
120;1210
120;1862
120;45
120;1078
121;441
121;1348
121;378
121;436
122;290
122;1640
122;635
122;1812
122;1119
123;2017
123;1935
123;1617
123;128
123;2013
124;1920
124;670
124;1725
124;639
124;882
125;710
125;2044
125;795
125;657
125;1940
126;2078
126;256
126;549
126;663
126;850
127;1538
127;524
127;1155
127;778
128;2017
128;2177
128;1569
128;327
129;210
129;1227
129;652
129;315
129;2104
130;1269
130;224
130;920
130;2144
130;454
131;175
131;2060
131;990
131;873
131;1414
132;1506
132;601
132;345
132;1414
132;421
133;782
133;770
133;271
133;759
134;412
134;1189
134;1943
134;1416
134;1158
135;1697
135;199
135;335
136;223
136;2084
136;1246
136;1279
137;1621
137;1716
137;547
137;1092
137;733
138;677
138;1868
138;708
138;33
139;1426
139;637
139;379
139;1662
139;1575
140;837
140;1867
140;1721
140;1251
141;1041
141;515
141;1785
141;2005
141;395
142;614
142;502
142;417
142;855
142;1991
143;509
143;2069
143;1791
143;1706
143;1881
144;606
144;196
144;1648
144;1573
144;1375
145;739
145;1955
145;1092
145;1521
145;793
146;174
146;1285
146;867
146;715
147;889
147;865
147;1451
147;2160
147;1673
148;615
148;803
148;345
148;1896
148;175
149;2055
149;154
149;594
149;1134
149;1965
150;531
150;1529
150;1094
150;2112
150;931
151;886
151;864
151;253
151;349
151;1774
152;878
152;121
152;1903
152;441
153;2001
153;631
153;1049
153;1853
153;1816
154;483
154;2055
154;1009
154;781
155;1856
155;1874
155;1563
155;609
155;367
156;1342
156;1475
156;555
156;303
156;1825
157;1775
157;1343
157;520
157;488
157;1645
158;1033
158;640
158;1398
158;1627
158;718
159;2155
159;2115
159;1667
159;1866
159;1165
160;1702
160;409
160;738
160;875
161;2022
161;997
161;485
161;2161
161;714
162;490
162;625
162;1924
162;2047
162;1465
163;1964
163;1915
163;380
163;964
163;1490
164;846
164;2140
164;449
164;2101
164;534
165;2160
165;1624
165;1999
165;346
165;889
166;696
166;938
166;1952
166;33
166;1042
167;1524
167;347
167;268
167;1688
167;1956
168;356
168;2117
168;1892
168;830
168;678
169;512
169;1267
169;779
169;213
169;1549
170;585
170;1528
170;1100
170;1801
170;1620
171;486
171;1805
171;679
171;500
171;1703
172;883
172;1267
172;1543
172;169
172;1945
173;459
173;1696
173;852
173;694
173;1711
174;1285
174;50
174;867
174;715
175;1414
175;990
175;2060
176;1341
176;1894
176;1500
176;231
176;44
177;1102
177;1395
177;1641
177;1831
178;1806
178;466
178;1522
178;2114
178;394
179;2052
179;1600
179;563
179;1512
179;220
180;2075
180;596
180;2118
180;1739
180;1924
181;1666
181;566
181;1345
181;839
181;1120
182;792
182;1088
182;1089
183;1389
183;1459
183;1089
183;947
184;865
184;1743
184;1433
184;1744
184;844
185;539
185;1360
185;786
185;946
185;408
186;1363
186;1515
186;476
186;764
187;1978
187;1151
187;1933
187;581
187;1083
188;993
188;709
188;1365
188;603
188;1167
189;259
189;1350
189;736
189;537
189;758
190;1327
190;2093
190;1225
190;472
190;638
191;2019
191;385
191;516
191;1610
191;1315
192;1745
192;244
192;2157
192;2068
192;650
193;327
193;2177
193;1218
193;270
193;492
194;1382
194;595
194;513
194;1386
195;1956
195;1688
195;806
195;1511
195;268
196;1648
196;1283
196;606
196;1375
197;2045
197;718
197;346
197;1999
197;1624
198;1331
198;705
198;2147
198;1378
198;619
199;1697
199;626
199;335
200;207
200;464
200;1339
200;1835
200;1066
201;1357
201;1736
201;2043
201;1416
201;553
202;702
202;274
202;1553
202;1586
202;589
203;776
203;501
203;1427
203;331
203;1793
204;724
204;1518
204;1708
204;1765
205;1961
205;1595
205;48
205;342
205;473
206;1989
206;1516
206;933
206;1889
206;1085
207;1339
207;1835
207;1082
207;422
208;1655
208;1572
208;1997
208;1238
208;924
209;1462
209;547
209;1401
209;1780
209;461
210;652
210;1672
210;1793
210;1227
211;292
211;1256
211;262
211;504
211;876
212;815
212;370
212;849
212;858
212;1581
213;1231
213;1549
213;512
213;1770
214;534
214;449
214;219
214;463
214;164
215;484
215;646
215;1195
215;671
215;1076
216;440
216;1811
216;1447
216;1080
216;892
217;373
217;875
217;738
217;883
217;1544
218;1727
218;1508
218;713
218;1205
218;47
219;463
219;1618
219;1578
219;1320
220;514
220;149
220;563
220;2052
220;2055
221;1701
221;1963
221;1104
221;1603
221;2040
222;379
222;808
222;1626
222;868
222;1948
223;2084
223;783
223;1226
224;1269
224;920
224;2144
224;454
225;1003
225;1257
225;642
225;1355
225;1174
226;497
226;1276
226;313
226;1612
226;1794
227;546
227;1385
227;294
227;1029
227;456
228;932
228;2002
228;723
228;866
228;1687
229;1514
229;1212
229;2114
229;775
229;1806
230;1148
230;1258
230;1649
230;1906
230;280
231;1341
231;988
231;791
232;862
232;1857
232;2023
232;1715
232;1432
233;1211
233;321
233;1300
233;1804
233;1456
234;235
234;382
234;1754
234;1534
234;935
235;382
235;1534
235;1754
235;935
236;1607
236;1677
236;810
236;1330
236;1756
237;668
237;461
237;1780
237;1491
237;988
238;322
238;351
238;423
238;1946
239;1133
239;499
239;664
239;787
239;420
240;1918
240;1176
240;1809
240;1335
240;1750
241;474
241;1786
241;636
241;1878
241;1822
242;378
242;436
242;848
242;1709
242;1390
243;827
243;1808
243;1974
243;2000
244;650
244;2157
244;1635
244;649
245;1634
245;816
245;1025
245;1650
246;316
246;468
246;691
246;966
246;1444
247;747
247;2046
247;2119
247;1109
247;541
248;2079
248;1181
248;919
248;880
248;5
249;1520
249;1758
249;716
249;1776
250;1746
250;693
250;1819
250;544
251;811
251;903
251;1172
251;1169
251;1741
252;277
252;1136
252;1413
252;1586
252;1898
253;1774
253;1098
253;1827
253;349
253;360
254;2122
254;1689
254;1858
254;445
254;10
255;1281
255;911
255;298
255;1859
255;468
256;2078
256;850
256;549
256;1521
257;1252
257;1503
257;21
257;761
257;794
258;1923
258;1392
258;392
258;2170
258;427
259;1350
259;537
259;1854
259;2016
260;994
260;1318
260;477
260;1183
261;2035
261;1106
261;1415
261;1664
261;1940
262;504
262;1887
262;292
262;1241
263;407
263;1307
263;1554
263;717
263;1271
264;1750
264;884
264;2024
264;1361
265;1227
265;1379
265;1793
265;331
265;1372
266;1823
266;487
266;951
266;1192
266;182
267;2108
267;1953
267;987
267;1559
267;962
268;347
268;1524
268;1737
268;1956
269;1249
269;510
269;627
269;1919
269;339
270;1218
270;492
270;897
270;327
271;1150
271;1376
271;1059
271;759
272;1229
272;970
272;1463
272;1864
272;1712
273;1817
273;1599
273;1579
273;1950
273;778
274;702
274;1553
274;1586
274;1370
275;1424
275;1863
275;936
275;557
275;521
276;1280
276;836
276;1672
276;210
276;2093
277;1136
277;1484
277;1413
277;2178
278;1135
278;1935
278;630
278;425
278;123
279;1440
279;2128
279;578
279;1432
279;1860
280;1906
280;1148
280;1258
280;1737
281;976
281;993
281;729
281;188
281;1631
282;1666
282;1345
282;1120
282;1306
282;194
283;854
283;752
283;2014
283;84
283;1949
284;753
284;967
284;1516
284;1989
284;1180
285;879
285;1140
285;1751
285;2116
285;741
286;1103
286;2162
286;2051
286;1489
286;1018
287;1485
287;2102
287;887
287;1425
288;1881
288;469
288;509
288;1448
288;1706
289;1724
289;1414
289;371
289;737
289;1800
290;1640
290;635
290;1812
290;1119
291;683
291;384
291;1183
291;1839
292;1256
292;504
292;876
293;1753
293;2132
293;1017
293;658
293;1058
294;518
294;546
294;1024
294;1291
295;885
295;554
295;839
295;375
295;684
296;1682
296;2149
296;1596
296;1663
297;1173
297;1679
297;740
297;1561
297;949
298;1859
298;1801
298;1528
298;170
298;1564
299;458
299;905
299;1315
299;530
300;999
300;1537
300;457
300;602
300;1356
301;447
301;786
301;2131
301;995
301;1980
302;1665
302;1386
302;1364
302;13
302;845
303;1393
303;851
303;1825
303;1651
303;1342
304;1201
304;381
304;2058
305;1458
305;918
305;2113
305;1286
306;1351
306;1257
306;1174
306;225
306;1652
307;2028
307;695
307;1596
307;1663
307;1576
308;1623
308;1131
308;1970
308;1824
308;1093
309;633
309;1757
309;769
309;682
309;868
310;1847
310;888
310;971
310;931
311;1834
311;1317
311;980
311;2109
311;979
312;1902
312;1178
312;1058
312;1753
312;1436
313;1276
313;1794
313;1612
313;882
314;1355
314;1003
314;1987
314;2067
314;624
315;2104
315;495
315;1256
315;1602
315;211
316;691
316;468
316;1654
317;953
317;421
317;1079
317;1783
317;670
318;1979
318;1984
318;1606
318;1609
318;1422
319;505
319;774
319;818
319;1667
319;465
320;1147
320;914
320;834
320;411
320;1860
321;2032
321;623
321;1300
321;1804
322;1124
322;1946
322;351
322;822
322;719
323;536
323;1586
323;625
323;1465
323;252
324;910
324;968
324;1850
324;1443
324;890
325;1002
325;1383
325;1577
325;1309
325;795
326;1704
326;844
326;1433
326;1047
327;2177
327;1218
327;492
328;1875
328;707
328;1910
329;1142
329;1367
329;423
330;1482
330;1842
330;1143
330;1076
330;1195
331;607
331;1379
331;961
332;1221
332;1525
332;2062
332;556
332;737
333;2100
333;1007
333;1526
333;2111
333;2142
334;2083
334;1938
334;80
334;398
335;1455
336;822
336;1669
336;351
336;1946
337;1261
337;1904
337;1398
337;1085
337;718
338;2037
338;1649
338;1737
338;1956
338;230
339;585
339;1620
339;1249
339;170
339;929
340;1391
340;1705
340;405
340;1258
340;1906
341;1423
341;1349
341;1711
341;1160
341;845
342;193
342;327
342;2177
343;2016
343;1325
343;1223
343;1048
343;1191
344;1073
344;921
344;2143
344;977
345;803
345;586
345;1896
345;615
346;2045
346;1999
346;1624
347;1524
347;1737
347;1956
348;699
348;502
348;1954
348;1472
348;614
349;1098
349;360
349;1774
349;1827
350;1585
350;2149
350;1944
351;1946
351;822
351;1669
351;1124
352;757
352;1949
352;426
352;1592
353;2129
353;394
353;895
353;1646
353;1879
354;2134
354;785
354;1431
354;847
355;1380
355;1718
355;1222
355;1420
355;1852
356;2117
356;1892
356;678
356;830
357;651
357;1680
357;2030
357;660
357;1141
358;1197
358;628
358;1387
358;2049
358;1460
359;1942
359;1871
359;1067
359;1298
359;781
360;1098
360;1827
360;1774
361;667
361;1154
361;2078
361;126
361;1960
362;941
362;398
362;1718
362;1938
362;1708
363;1822
363;1878
363;1890
363;1172
363;1786
364;1097
364;909
364;1036
365;1001
365;682
365;1359
365;633
365;1937
366;823
366;2042
366;1354
366;1083
366;1933
367;1794
367;1896
367;1874
367;586
367;1563
368;444
368;1998
368;1559
368;962
368;41
369;1294
369;558
369;1555
369;1685
369;2073
370;1130
370;815
370;1581
370;594
371;737
371;1221
371;1724
371;1525
371;332
372;1114
372;480
372;1453
372;1254
373;875
373;738
373;883
373;1544
374;908
374;673
374;1377
374;2018
374;2148
375;1845
375;566
375;839
375;684
376;429
376;391
376;1915
376;420
376;1132
377;927
377;1251
377;140
377;837
377;1867
378;848
378;1439
378;1390
378;436
379;1948
379;637
379;1662
380;1490
380;1964
380;1202
380;599
381;906
381;1459
381;1056
382;1754
382;1534
382;1773
383;629
383;522
383;2057
383;2168
383;1771
384;1839
384;1638
384;2097
385;1315
385;905
385;2019
385;516
386;2103
386;1051
386;2135
386;872
386;1767
387;1311
387;1490
387;766
387;380
387;599
388;1122
388;2029
388;973
388;1152
388;857
389;1299
389;1627
389;1542
389;1841
389;1033
390;437
390;2068
390;1922
390;1722
390;669
391;420
391;429
391;1132
391;1915
392;1923
392;1014
392;1392
392;623
393;1916
393;751
393;2145
393;2033
393;1929
394;1646
394;2129
394;466
394;570
395;1604
395;1785
395;2005
395;1041
396;763
396;1983
396;2085
396;2171
396;471
397;1932
397;698
397;1063
397;730
397;431
398;1938
398;941
399;1209
399;688
399;1798
399;964
399;1883
400;1000
400;1233
400;686
400;2179
400;1981
401;1714
401;1219
401;590
401;541
402;532
402;435
402;1190
402;591
402;588
403;1297
403;1587
403;755
403;294
403;227
404;1659
404;1575
404;886
404;349
404;360
405;1391
405;1705
405;418
405;1577
406;549
406;850
406;256
406;126
406;1521
407;1554
407;1271
407;1099
407;717
408;946
408;1138
408;1360
408;439
409;939
409;2110
409;1769
410;1463
410;1712
410;1864
410;1229
410;1808
411;450
411;1075
411;1608
411;1147
412;1189
412;1943
412;1416
412;1158
413;1526
413;1350
413;1352
413;333
413;259
414;1571
414;1194
414;517
414;1895
414;726
415;1690
415;2000
415;1128
415;1713
415;410
416;828
416;481
416;1957
416;863
416;968
417;898
417;1988
417;766
417;1472
418;1577
418;1309
418;325
418;1106
418;2035
419;455
419;1818
419;2090
419;1533
419;1708
420;1132
420;429
420;1133
421;1079
421;953
421;601
421;1783
422;1466
422;1835
422;1849
422;2073
422;1815
423;107
423;1142
423;1367
424;2092
424;674
424;784
424;706
424;593
425;630
425;1935
425;1891
425;128
426;757
426;1949
426;1592
426;1037
427;1694
427;2170
427;2163
427;2125
427;1923
428;1175
428;446
428;820
428;829
428;1171
429;1915
429;1132
429;163
430;1012
430;1700
430;2121
430;1242
430;548
431;730
431;1063
431;1996
431;961
431;1932
432;1568
432;817
432;704
432;1430
432;529
433;1480
433;2113
433;2139
433;1947
433;835
434;1601
434;902
434;550
434;1951
434;1767
435;1190
435;532
435;1449
435;588
436;1709
436;848
437;2068
437;1745
437;669
437;192
438;797
438;830
438;690
438;1429
438;1069
439;1537
439;519
439;1740
439;1782
439;999
440;1447
440;1811
440;720
440;1080
441;1348
441;378
441;1161
442;1216
442;995
442;2133
442;1255
442;1684
443;1872
443;1886
443;933
443;1719
443;2106
444;1998
444;1559
445;2076
445;796
445;1695
445;1735
446;829
446;1175
446;1197
446;628
447;995
447;786
447;1684
447;442
448;894
448;1778
448;1113
448;2091
448;771
449;534
449;2140
449;1536
450;1608
450;1075
450;2082
450;1186
451;643
451;975
451;1016
451;1574
451;999
452;507
452;1170
452;922
452;1153
452;465
453;2146
453;1405
453;777
453;1397
454;749
454;681
454;920
454;2144
454;1269
455;1818
455;2090
455;1533
455;1708
456;672
456;546
456;1291
456;654
457;1900
457;602
457;1537
457;999
458;905
458;2015
458;1907
458;1315
459;1711
459;1696
459;694
459;1423
460;2089
460;2053
460;1265
460;772
461;1780
461;1353
461;1491
462;1330
462;1677
462;1116
462;236
462;1607
463;1578
463;1618
463;686
463;1000
464;1270
464;777
464;2175
464;207
465;2003
465;1975
465;507
465;922
466;1522
466;1806
466;570
467;1118
467;1611
467;573
467;996
467;1137
468;691
468;1281
468;1185
469;2061
469;509
469;1881
469;2069
469;143
470;1799
470;1653
470;733
470;1621
471;2005
471;1785
471;763
471;538
472;1438
472;1225
472;652
472;1327
473;492
473;270
473;1218
473;762
474;636
474;1235
474;1578
474;463
475;1600
475;1610
475;1164
475;1512
475;2019
476;1515
476;764
476;1169
477;629
477;383
477;2168
477;2057
478;1247
478;1010
478;832
478;1106
478;418
479;1127
479;523
479;878
479;555
479;851
480;1108
480;1327
480;598
480;881
481;1006
481;863
481;766
481;828
482;1239
482;1763
482;802
482;1986
482;2021
483;781
483;1871
483;1942
483;563
484;646
484;1195
484;1076
484;671
485;997
485;2022
485;2161
485;1461
486;1805
486;500
486;679
486;1703
487;1823
487;1236
487;1501
487;1037
488;1645
488;1626
488;808
488;1775
489;801
489;1152
489;2169
490;1465
490;1156
490;625
490;536
491;1888
491;1061
491;2143
491;1079
491;861
492;1218
492;897
493;2178
493;1310
493;1484
493;873
493;1723
494;627
494;1919
494;269
494;68
495;2104
495;1256
495;1602
495;211
496;232
496;1035
496;2023
496;862
496;1857
497;713
497;1508
497;1612
497;410
498;1301
498;887
498;553
498;1329
498;1485
499;664
499;620
499;1123
499;960
500;679
500;533
500;1981
501;776
501;1793
501;1280
501;1672
502;614
502;417
502;855
503;1513
503;1814
503;1647
503;687
504;1738
504;1887
504;1129
505;1667
505;2155
505;2115
505;818
506;1760
506;1977
506;1335
506;2006
506;1176
507;922
507;1170
507;1153
508;43
508;326
508;2158
508;844
508;580
509;2069
509;1706
509;1791
510;1919
510;954
510;1249
510;1620
511;1449
511;515
511;435
511;1017
511;1764
512;1549
512;1231
512;1267
513;1382
513;1065
513;1293
513;1386
514;149
514;2055
514;687
514;2052
515;1836
515;1041
515;1449
516;1315
516;530
516;2019
517;1194
517;624
517;1571
518;1024
518;1291
518;1279
518;546
519;1782
519;1740
519;1138
519;1537
520;2054
520;1775
520;488
520;1343
521;557
521;936
521;1762
521;1424
521;587
522;2057
522;629
522;781
522;1409
523;851
523;1825
523;555
523;1127
524;778
524;1538
524;1155
524;1817
525;1744
525;1743
525;1752
525;580
525;1673
526;1282
526;1880
526;96
526;2153
526;1107
527;1673
527;1752
527;525
527;972
527;1744
528;1434
528;564
528;965
528;2137
528;263
529;817
529;1068
529;704
529;616
529;1430
530;1315
530;1332
530;385
531;1094
531;931
531;2039
531;1529
532;1190
532;926
532;1893
533;1921
533;2123
533;1981
533;486
534;219
534;2140
535;1670
535;1141
535;1446
535;1720
535;651
536;625
536;1465
536;162
537;1350
537;1854
537;2016
538;1990
538;612
538;1557
538;877
539;786
539;1105
539;301
539;1360
540;1117
540;665
540;1574
540;610
540;27
541;2046
541;1109
541;2119
541;747
542;758
542;1352
542;724
542;204
543;1460
543;1766
543;937
543;1387
543;1373
544;1819
544;1039
544;1746
544;693
545;1273
545;1630
545;1994
545;1144
545;1629
546;1385
546;1029
547;1462
547;1780
547;461
548;1242
548;1966
548;2121
548;2028
548;695
549;850
549;1521
550;1951
550;1096
550;1767
550;1826
551;1282
551;1279
551;2153
551;1880
552;2026
552;1322
552;161
552;485
552;997
553;1301
553;887
553;1357
554;885
554;839
554;2169
554;13
555;1825
555;1475
555;851
555;303
556;2062
556;1430
556;1568
556;704
557;936
557;1424
557;923
557;1762
558;1294
558;1685
558;1555
558;1815
559;1728
559;1919
559;954
559;1573
559;1445
560;1971
560;574
560;1597
560;1770
560;1832
561;2109
561;2015
561;980
561;1412
561;2065
562;1295
562;1479
562;928
562;1803
562;2135
563;154
563;2055
563;359
564;1434
564;965
564;2137
564;407
565;632
565;1437
565;659
565;1371
565;745
566;839
566;1666
566;1345
567;893
567;948
567;1115
567;1263
568;2064
568;1927
568;2099
568;1749
568;1698
569;1731
569;891
569;852
569;694
570;1646
570;1522
570;1468
571;1154
571;1943
571;667
571;65
571;1955
572;1692
572;1969
572;1112
572;1095
572;1583
573;1611
573;1118
573;1137
573;1419
574;1971
574;1597
574;1770
574;1832
575;789
575;1635
575;1137
575;650
575;649
576;1372
576;961
576;431
576;730
577;809
577;1664
577;1415
577;2124
578;834
578;1860
578;1440
578;1147
579;1347
579;2151
579;1013
580;1744
580;844
580;1743
581;1151
581;1326
581;2020
581;1934
582;1061
582;1888
582;1800
582;1336
582;1170
583;1629
583;1972
583;900
583;1917
583;1316
584;1111
584;1734
584;2021
584;1535
585;1620
585;1528
585;2167
586;803
586;1896
586;615
587;1762
587;936
587;557
587;923
588;1449
588;780
588;1788
588;1993
589;1908
589;702
589;274
589;1288
590;1323
590;1714
590;541
591;1039
591;544
591;1893
591;1819
591;926
592;1477
592;2105
592;1286
592;918
592;1652
593;706
593;2092
593;674
593;784
594;1134
594;1965
594;1636
594;858
594;2055
595;1382
595;1386
595;513
596;2118
596;2075
596;983
596;1924
597;1958
597;2007
597;1678
597;1139
597;1882
598;1274
598;881
598;1108
598;680
598;1444
599;1202
599;1988
599;1991
599;1490
600;1128
600;1713
600;2000
600;243
600;415
601;670
601;124
601;317
602;1900
602;1537
602;1740
603;1167
603;1365
603;1371
603;1324
604;2008
604;2117
604;562
605;1214
605;2111
605;1025
605;2100
605;1007
606;1375
606;1648
606;1573
606;954
607;1932
607;961
607;1379
607;397
608;1619
608;1126
608;991
608;2027
608;1499
609;1563
609;1874
609;1856
609;367
610;1077
610;744
610;1117
610;1505
611;1945
611;1632
611;917
611;1543
611;883
612;1990
612;1557
612;1764
612;1017
613;2012
613;794
613;761
613;1504
614;855
614;417
615;1896
615;803
616;1068
616;1430
616;704
616;2062
616;817
617;1654
617;1444
617;60
617;316
617;691
618;1158
618;1853
618;978
618;1049
618;789
619;1644
619;1378
619;2009
619;1914
619;1290
620;1123
620;960
620;847
620;1285
620;36
621;973
621;1093
621;1152
621;1517
621;1122
622;1842
622;1833
622;1143
622;671
622;1791
623;2032
623;981
623;1014
623;233
624;1982
624;864
624;1194
625;1465
626;2087
626;1876
626;25
626;135
627;1249
628;1197
628;2049
628;829
628;1387
629;2057
629;2168
630;1891
630;1671
630;1935
631;1816
631;2070
631;2001
631;1960
632;1437
632;1278
632;745
632;1259
633;682
633;769
633;868
633;1359
634;648
634;1742
634;1488
634;1659
634;127
635;1640
635;1812
635;1529
636;1235
636;2020
636;1934
637;1426
637;1662
637;1948
638;721
638;1453
638;1179
639;1920
639;670
639;1725
639;1783
640;1033
640;1858
640;1627
640;1398
641;1770
641;1597
641;1455
641;560
641;1971
642;2093
642;1257
642;306
642;1003
643;999
643;975
643;1016
643;1356
644;754
644;1911
644;1683
644;1962
644;1840
645;1613
645;912
645;2136
645;1584
645;2159
646;671
646;1195
646;1076
647;2071
647;1758
647;1397
648;1659
648;127
648;1538
648;22
649;2157
649;1635
649;650
649;1158
650;1635
650;2157
651;1670
651;1141
651;1680
652;1438
652;1225
652;17
653;1509
653;798
653;1032
653;745
653;1539
654;672
654;707
654;1206
654;1291
655;1810
655;1320
655;1578
655;1618
655;1235
656;2011
656;1622
656;788
656;755
656;1284
657;795
657;2088
657;1383
657;710
658;1496
658;1006
658;1753
658;898
659;1437
659;1371
659;632
659;1324
660;1680
660;2030
660;1314
660;1461
661;1653
661;1805
661;1450
661;1799
661;171
662;1768
662;1722
662;1922
662;732
662;1228
663;746
663;2078
663;549
663;256
664;36
664;1687
664;620
664;1123
665;1117
665;1574
665;975
666;1284
666;2088
666;1150
666;759
666;1376
667;1154
667;1960
667;1816
668;1870
668;988
668;974
668;231
669;732
669;1228
669;1745
669;2068
670;1783
670;1920
670;953
671;1842
671;1195
671;1706
672;1206
672;701
672;1029
673;908
673;1377
673;2148
674;784
674;2092
674;1959
674;706
675;890
675;1850
675;910
675;1926
675;2098
676;1547
676;1865
676;1689
676;1542
676;1591
677;1868
677;33
677;2173
678;1892
678;1069
678;690
678;830
678;438
679;1494
679;1805
680;1262
680;881
680;1266
680;1274
680;1308
681;749
681;920
681;2144
681;1182
682;868
682;1359
683;1183
683;384
683;994
684;1548
684;1230
684;1845
684;1924
685;1220
685;1067
685;1305
686;1000
686;219
686;1981
687;2158
687;1814
687;1513
688;1851
688;1828
688;1159
688;1209
689;1121
689;1290
689;790
689;1487
689;1188
690;797
690;830
690;1429
690;1069
691;1185
692;1337
692;750
692;1245
692;2101
692;708
693;1746
693;1819
694;891
694;852
695;2028
695;1596
695;1663
696;938
696;33
696;1952
696;1042
697;771
697;2091
697;1144
697;1104
697;1603
698;1658
698;1603
698;1963
699;1954
699;955
699;842
699;877
700;1054
700;1313
700;1418
701;1206
701;1029
701;1053
701;2124
702;1553
702;1586
702;1370
703;944
703;1570
703;1035
703;773
703;2051
704;1430
704;1068
704;817
705;2147
705;1331
705;1378
705;1207
706;2092
706;1333
707;1875
707;1244
707;1545
708;2101
708;846
708;1337
709;1519
709;993
709;1615
709;1217
710;2044
710;1940
710;795
710;1415
711;1287
711;1055
711;1729
711;896
711;1428
712;1185
712;2156
712;1564
712;1100
713;1508
713;1690
713;226
714;2161
714;2022
714;1593
714;997
714;1314
715;867
715;799
715;1493
715;2066
716;788
716;1776
716;1074
717;1554
717;1099
717;1271
718;2045
718;1999
718;346
718;1624
719;1669
719;1946
719;822
719;351
720;984
720;2172
720;1447
720;866
721;1179
721;1453
721;117
722;1162
722;1527
722;1044
722;1323
723;2002
723;1687
723;1730
723;2172
724;1518
724;941
724;1708
725;1769
725;1338
725;945
725;939
726;1895
726;1353
726;1571
727;1504
727;983
727;1316
727;1156
727;2118
728;805
728;1968
728;912
728;645
728;1613
729;1675
729;976
729;1214
729;993
730;1063
730;1996
730;1932
730;961
731;1019
731;1703
731;1805
731;1203
731;1698
732;1228
732;1745
732;2068
733;1799
733;1653
733;1621
734;1060
734;1674
734;1925
734;1595
734;1027
735;1474
735;1967
735;2086
735;2018
735;1448
736;2016
736;758
736;1325
736;259
737;1221
737;1163
737;1724
738;875
738;1544
738;760
739;1521
739;850
739;793
739;1092
740;1679
740;1404
740;1173
740;1697
741;1166
741;2116
741;1277
741;1046
741;1751
742;1237
742;1751
742;2116
742;1277
742;741
743;1040
743;1650
743;816
743;1140
744;1505
744;1077
744;2131
744;1980
745;1259
745;1278
745;1032
746;1146
746;1023
746;1203
746;126
747;2046
747;2119
747;1109
748;1248
748;2133
748;1255
748;442
748;1216
749;1182
749;920
749;2144
750;1337
750;1245
750;1967
750;735
751;1916
751;2145
751;2033
751;1929
752;854
752;1020
752;1427
753;967
753;1516
753;1551
753;1989
754;1911
754;1683
754;1962
754;1840
755;1587
755;1297
755;1622
755;2011
756;2169
756;967
756;1551
756;554
757;1592
757;1949
757;1037
758;1352
758;259
759;1150
759;770
759;1074
759;1776
760;1544
760;957
760;2110
760;1820
761;794
761;2012
761;857
762;1052
762;1188
762;1674
762;1925
763;538
763;2085
763;1983
764;1169
764;1515
764;1560
765;2009
765;1168
765;1914
765;1644
765;1378
766;1311
766;1988
766;1006
767;1733
767;904
767;1004
767;1848
767;1566
768;1883
768;1264
768;964
768;1915
768;1209
769;1757
769;1937
769;682
770;782
770;1150
771;2091
771;1144
771;1630
771;1603
772;2053
772;1265
772;2089
773;1570
773;944
773;1035
773;884
774;1795
774;818
774;1820
774;986
775;1558
775;1212
775;1514
775;2114
776;1427
776;1937
776;1359
777;2175
777;950
777;925
778;1817
778;1538
779;1267
779;512
779;883
779;172
780;1993
780;1788
780;1449
780;1358
781;1871
781;1942
781;1298
782;759
782;271
783;2084
783;1226
783;1125
783;1272
784;2092
784;1959
784;706
785;2134
785;840
785;943
785;100
786;2131
787;1004
787;1733
787;1566
787;1656
788;1776
788;1074
789;978
789;1232
789;1853
790;1121
790;1487
790;1290
790;1188
791;2102
791;1870
791;974
792;1088
792;1089
793;1092
793;1521
793;850
794;2012
794;857
795;1383
795;1309
796;2076
796;1695
796;852
796;173
797;830
797;1429
797;1069
798;1558
798;1509
798;1539
799;1493
799;1813
799;867
800;907
800;863
800;1957
800;1436
800;312
801;1152
801;1739
801;2075
802;1936
802;1986
802;1581
802;1021
803;1896
804;1305
804;1428
804;1729
804;1220
805;1968
805;1591
805;1580
805;1542
806;1511
806;1688
806;1956
806;167
807;1846
807;1562
807;1141
807;2030
807;535
808;1626
808;1645
808;2054
809;2124
809;701
809;1206
810;1756
810;1677
810;1607
810;2151
811;903
811;1172
811;1741
811;1169
812;1319
812;1523
812;63
812;1483
812;1913
813;1976
813;1582
813;996
813;390
814;1419
814;1374
814;1748
814;573
814;833
815;849
815;858
815;1581
816;1650
816;1025
817;1068
817;1430
818;1667
818;2115
818;838
819;1399
819;1081
819;74
819;1652
819;186
820;1865
820;1171
820;1175
820;1813
821;982
821;1576
821;2028
821;1966
821;307
822;1669
822;1946
823;2042
823;1354
823;1083
823;1933
824;1038
824;1234
824;1730
824;1464
824;1080
825;1312
825;1960
825;631
825;1816
825;65
826;1939
826;1289
826;62
826;627
827;1808
827;1864
827;1712
827;2000
828;1957
828;863
828;968
829;1197
829;358
830;1429
831;841
831;1200
831;1797
831;1451
832;1247
832;1643
832;1010
832;1590
833;1556
833;2070
833;153
833;2001
833;1232
834;1147
834;1860
834;914
834;1440
835;1045
835;1947
835;2139
835;1328
835;1540
836;1948
836;1662
836;1757
836;769
837;1867
837;1721
837;1251
838;1022
838;1811
838;216
838;2115
839;595
840;943
840;1443
840;869
840;1550
841;1200
841;1797
841;1580
842;1789
842;1869
843;986
843;1795
843;774
843;61
843;1073
844;1704
844;1433
845;1293
845;1065
845;1160
845;1473
846;2101
846;2140
846;2173
847;960
847;1285
847;1123
847;1532
848;1390
848;1439
848;1161
849;858
849;1882
849;1636
850;1521
851;1825
851;1475
852;891
852;1731
853;1834
853;1907
853;311
853;1530
853;1317
854;607
854;331
854;2014
855;1991
855;1202
855;599
855;1988
856;2080
856;1789
856;1417
856;1248
857;1093
857;2029
858;1636
858;1965
858;1134
859;1026
859;1005
859;1876
859;1807
860;1177
860;1364
860;959
860;1889
860;1665
861;921
861;977
861;2143
861;344
862;1857
862;2023
862;1432
862;1715
863;1957
863;907
864;1194
864;1982
864;1707
865;889
865;1673
865;1743
866;932
866;2176
866;984
867;1493
868;1757
869;1550
869;2098
869;943
869;1443
870;1457
870;1647
870;2126
870;2159
870;83
871;1510
871;2089
871;1265
871;1734
872;2135
872;2103
872;1295
872;1479
873;2060
873;1310
873;2178
874;1036
874;909
874;1097
874;1028
875;1544
876;929
876;1738
876;1129
877;955
877;1990
877;2132
877;1557
878;1127
878;1903
878;523
878;1204
879;2056
879;742
879;1751
879;2116
880;1181
880;1720
880;1670
880;2079
881;1274
881;1262
881;1444
882;1725
882;1612
882;1276
882;1920
883;1267
883;1945
884;2024
884;2025
884;2006
885;839
885;595
885;13
886;349
886;1098
886;1774
886;253
887;1301
887;1329
887;1485
888;1847
888;971
888;1893
889;2160
889;1997
890;910
890;2098
890;1550
890;1850
891;1731
891;173
892;1080
892;945
892;1811
892;1038
892;1110
893;948
893;1199
893;1115
894;1113
894;1778
894;771
894;2091
895;1657
895;394
895;178
895;1646
896;1091
896;1428
896;1729
896;1409
897;1218
897;1487
897;790
898;1472
898;1006
898;1496
898;142
899;1168
899;950
899;1275
899;925
899;2175
900;1972
900;1917
900;951
900;1629
901;1240
901;1213
901;2164
901;2163
901;1802
902;1601
902;1767
902;1051
902;1011
903;1541
903;1741
903;2094
904;1848
904;1733
904;1004
904;1566
905;1315
905;1907
906;1761
906;1056
906;70
907;312
907;1436
907;658
908;1377
908;2148
908;1507
909;1097
909;1036
910;1850
910;1443
911;982
911;821
911;1576
911;1281
912;1613
912;2136
912;2159
912;1584
913;2154
913;1384
913;962
913;1559
913;368
914;1860
914;1180
914;2128
915;2179
915;1233
915;1567
915;1494
915;1043
916;1962
916;2130
916;1683
916;2034
916;1829
917;1702
917;160
917;1945
918;1458
918;1286
918;2113
918;1477
919;1181
919;2079
919;1843
920;2144
920;1269
921;977
921;2143
921;1710
921;1565
922;1153
922;1170
923;998
923;1762
923;521
923;1020
924;1655
924;1572
924;1238
925;1275
925;2175
925;1992
925;1270
926;1893
926;52
926;888
927;1251
927;140
927;837
927;1867
928;1479
928;1803
928;1295
928;1011
929;1738
929;1129
929;1249
930;1046
930;1191
930;1854
930;1048
930;741
931;2039
931;1094
931;2004
932;2176
932;2002
932;1149
933;1989
933;1516
933;2106
934;1552
934;1861
934;1809
934;1361
934;1750
935;1534
935;1754
935;1087
936;1424
936;1863
937;1766
937;1387
937;1460
938;1042
938;1952
938;1868
939;1338
939;1769
940;2010
940;1520
940;249
940;1758
941;1708
941;1518
942;1639
942;1452
942;1495
942;1071
942;1837
943;1443
943;1550
943;324
944;1570
944;1035
944;2051
945;1110
945;1022
945;1769
946;1360
946;1138
946;439
947;1468
947;1879
947;2129
948;1699
948;1589
949;1561
949;1478
949;1173
949;1717
950;2175
950;1307
950;925
951;1192
951;1972
951;1778
952;1062
952;1368
952;2041
952;1272
952;1768
953;1783
953;1079
954;1919
954;1573
954;1375
955;1954
955;2132
955;538
956;1488
956;1614
956;1408
956;524
956;1250
957;1726
957;2110
957;1820
957;1544
958;1057
958;1497
958;1086
958;1268
958;1704
959;1665
959;1364
959;1177
959;302
960;1123
960;1285
960;174
961;1932
961;1372
962;1559
962;1953
962;2154
963;1411
963;2166
963;1196
963;2013
963;2095
964;1883
964;1915
964;1964
965;1434
965;2137
965;67
966;1266
966;1899
967;1551
967;1889
967;1177
968;1957
968;1850
968;910
968;863
969;1565
969;1710
969;1642
969;1005
969;1838
970;1229
970;1463
970;1856
970;155
971;1847
971;1812
972;1752
972;1647
972;1513
972;503
973;1122
973;1152
973;1093
974;1870
974;2102
974;44
974;1755
975;1574
975;1016
976;993
976;1631
976;2059
976;188
977;1710
977;2143
977;1565
978;1049
978;1853
978;1232
978;2001
979;1018
979;1317
979;2162
979;1486
980;2109
980;1486
980;1834
980;979
981;1008
981;1392
981;321
981;258
982;1576
982;1283
982;307
983;2118
983;1504
983;180
984;1447
984;2172
984;440
985;28
985;213
985;641
985;779
985;1471
986;1795
986;61
986;1153
987;926
987;1893
987;52
987;2108
988;1873
988;1491
988;1827
989;1436
989;1402
989;312
989;1208
989;1119
990;1414
990;289
990;371
991;2027
991;1126
991;1619
991;1470
992;1821
992;1583
992;2034
992;1260
992;2130
993;1631
994;1318
994;1183
994;1287
995;1588
995;1216
995;1187
996;1582
996;1976
996;1030
996;1611
996;1137
997;2022
997;2161
998;1020
998;1762
998;521
999;1537
999;1356
999;2141
1000;1981
1000;219
1001;1090
1001;2050
1001;1973
1001;682
1002;1383
1002;1577
1002;1309
1002;795
1003;1355
1003;1174
1003;306
1004;1566
1004;1733
1004;1656
1005;1642
1005;1369
1005;1471
1006;1496
1007;2111
1007;2100
1007;1526
1008;1802
1008;1392
1008;2163
1008;258
1009;1636
1009;1965
1009;1134
1009;858
1010;1106
1010;1247
1010;261
1011;1051
1011;1803
1011;386
1012;2121
1012;1717
1012;1759
1012;1700
1013;1347
1013;1314
1013;2151
1014;1333
1014;2032
1014;749
1015;1556
1015;2070
1015;1482
1015;833
1015;631
1016;1356
1016;1574
1016;2141
1017;1764
1017;1557
1017;1990
1018;2162
1018;1103
1018;1317
1019;1698
1019;1749
1019;1703
1019;1927
1020;1762
1021;1936
1021;1162
1021;722
1021;1581
1022;1110
1022;892
1022;1811
1023;1203
1023;1019
1023;1146
1023;663
1024;1279
1024;227
1024;1291
1025;1214
1025;56
1026;1031
1026;1876
1026;1005
1027;1633
1027;1060
1027;1595
1027;940
1028;1807
1028;1838
1028;859
1028;1637
1029;1385
1029;1206
1030;1976
1030;1137
1030;650
1030;244
1031;1455
1031;335
1031;1876
1032;1259
1032;1278
1032;632
1033;1627
1033;1858
1033;1299
1034;1362
1034;1848
1034;1390
1034;1439
1034;767
1035;1570
1035;1268
1036;1097
1036;1676
1037;1501
1037;1592
1037;1778
1038;1080
1038;1234
1038;1464
1039;1819
1039;1746
1039;693
1040;1650
1040;1140
1040;816
1041;1785
1041;2005
1041;1836
1042;1952
1042;4
1042;1507
1043;1233
1043;1878
1043;1822
1043;2179
1043;1786
1044;1323
1044;1527
1044;590
1045;1947
1045;1328
1045;1540
1045;1897
1046;1191
1046;1048
1046;1166
1047;1704
1047;1489
1047;1985
1047;286
1048;1191
1048;1166
1048;741
1048;1277
1049;1853
1049;2001
1049;1232
1050;1560
1050;1890
1050;1407
1050;1172
1050;1169
1051;2103
1051;1767
1052;1188
1052;1925
1052;1674
1052;790
1053;1029
1053;113
1053;1385
1053;809
1054;1313
1054;2083
1055;1729
1055;1287
1055;1428
1055;896
1056;1499
1056;2058
1056;70
1057;1497
1057;1086
1057;1268
1057;1047
1058;1178
1058;1902
1058;1753
1059;1815
1059;1466
1059;1849
1059;1441
1060;1674
1060;1925
1060;1595
1061;1888
1061;2143
1061;1800
1062;1368
1062;2041
1062;1272
1062;1768
1063;1996
1063;1932
1064;1865
1064;1689
1064;1296
1064;2066
1065;1293
1065;1686
1065;1473
1066;1992
1066;1270
1066;464
1066;925
1067;1220
1067;1298
1067;95
1068;1430
1069;1442
1069;1502
1069;1892
1070;1381
1070;2120
1070;1882
1070;2150
1070;1771
1071;1495
1071;1078
1071;1663
1071;120
1071;1210
1072;1828
1072;1851
1072;1588
1072;1187
1072;1255
1073;1642
1073;1565
1073;921
1074;1776
1074;1150
1075;1186
1075;1608
1075;1147
1076;1195
1076;1482
1076;1842
1077;1505
1077;1779
1077;1117
1078;1210
1078;1682
1078;1663
1078;296
1079;1783
1080;1234
1080;1464
1080;1811
1081;1652
1081;1399
1081;2105
1082;1339
1082;1441
1082;1835
1082;1466
1083;2042
1083;1933
1083;2094
1084;1535
1084;1694
1084;1763
1084;1111
1085;1261
1085;1889
1085;1989
1086;1497
1086;1901
1086;1997
1087;1773
1087;1913
1087;1754
1087;1523
1088;1089
1089;1389
1090;2050
1090;1973
1090;2054
1090;520
1091;1428
1091;1220
1091;711
1091;804
1092;1521
1092;1716
1093;1623
1093;388
1093;1131
1094;460
1094;103
1094;2089
1095;2074
1095;1105
1095;1969
1095;1583
1096;1951
1096;1826
1096;1767
1096;434
1098;1774
1098;1827
1099;1271
1099;1628
1099;1554
1100;2156
1100;1564
1100;1859
1101;1792
1101;2125
1101;1678
1101;2007
1101;1476
1102;1395
1102;1831
1102;1641
1103;2051
1103;2162
1103;979
1104;1603
1104;1963
1104;1701
1105;2074
1105;1969
1105;1684
1106;2035
1106;1664
1106;1415
1107;1880
1107;2153
1107;1633
1107;1282
1108;1928
1108;1274
1108;17
1109;2119
1109;2046
1110;725
1110;1726
1111;2021
1111;1734
1111;1535
1112;1692
1112;1969
1112;1583
1113;1630
1113;1144
1113;1273
1114;1254
1114;1772
1114;1453
1115;1199
1115;1877
1115;1263
1116;1330
1116;1824
1116;1607
1116;1131
1117;1574
1117;975
1118;1611
1118;996
1118;1582
1119;1208
1119;250
1119;1819
1120;1345
1120;1666
1120;1306
1121;1290
1121;1487
1121;1481
1122;2029
1122;1152
1123;1285
1124;1946
1124;822
1124;719
1125;1226
1125;1768
1125;2084
1125;1291
1126;1619
1126;2027
1126;872
1127;851
1127;555
1128;1713
1128;2000
1128;243
1129;1738
1129;1394
1130;2126
1130;212
1130;594
1130;1457
1131;1623
1131;1824
1131;1517
1132;1133
1133;391
1133;1532
1134;1965
1134;1636
1135;1935
1135;1601
1135;1011
1135;928
1136;1413
1136;1484
1136;1898
1137;1611
1137;1635
1138;1782
1138;1360
1139;1958
1139;1678
1139;1986
1140;1650
1141;1670
1141;1446
1142;1367
1143;1842
1143;1195
1143;1076
1144;1630
1144;2091
1145;1873
1145;253
1145;1774
1145;1491
1145;1827
1146;663
1146;1312
1146;215
1147;1860
1148;1258
1148;1906
1148;1649
1149;2176
1149;866
1149;1406
1149;1546
1150;79
1151;1978
1151;1326
1151;1933
1152;2029
1153;1170
1154;1960
1155;1538
1155;176
1156;1316
1156;1465
1156;162
1157;2017
1157;2013
1157;1617
1157;897
1157;2166
1158;1853
1158;789
1158;978
1159;1869
1159;1789
1159;1851
1159;856
1160;1904
1160;302
1160;1364
1161;1439
1161;1390
1161;378
1161;1348
1162;1527
1162;1044
1163;1724
1163;1221
1163;1336
1163;1800
1164;1512
1164;1600
1164;1530
1164;508
1165;1905
1165;2155
1165;569
1166;1277
1166;2116
1166;1751
1167;1365
1167;1371
1167;1324
1168;717
1168;2009
1168;1307
1169;1560
1169;1515
1169;1172
1171;1813
1171;2066
1171;1493
1171;1865
1172;1890
1172;1560
1173;1679
1173;1561
1174;1351
1174;1257
1175;1813
1175;1171
1176;1335
1176;2006
1176;1918
1176;1750
1177;1889
1177;1364
1177;1551
1178;1902
1178;1753
1178;26
1179;1257
1179;1652
1180;2128
1180;2107
1180;1860
1181;2079
1182;454
1182;2144
1184;2099
1184;1536
1184;1967
1184;692
1184;750
1185;1564
1185;2156
1186;1608
1186;411
1186;2048
1187;1588
1187;1505
1187;1828
1188;1121
1189;1416
1189;1943
1189;1158
1190;1449
1190;591
1191;1854
1191;1166
1192;1917
1192;900
1192;1823
1193;784
1193;1959
1193;674
1193;424
1193;2092
1194;1982
1195;1842
1196;1411
1196;2166
1196;1380
1196;198
1197;2049
1197;1387
1198;1862
1198;1210
1199;1877
1199;1263
1200;1580
1200;1841
1201;1796
1201;2058
1202;1988
1202;1991
1202;1490
1203;1019
1203;663
1204;1903
1204;2038
1204;1632
1204;1543
1204;1945
1205;364
1205;1198
1206;2124
1206;456
1207;2083
1207;2147
1207;1331
1207;1054
1208;250
1208;1819
1208;1746
1208;544
1209;1798
1209;1883
1209;1779
1209;1828
1210;1682
1210;2149
1211;1300
1211;1844
1211;1456
1211;321
1212;1558
1212;1514
1212;2114
1213;1240
1213;2164
1213;2163
1213;1694
1214;2111
1214;1675
1214;2100
1215;1783
1215;1637
1215;953
1215;670
1215;639
1216;1255
1216;2133
1216;1248
1217;1615
1217;1519
1217;1843
1217;1365
1219;1714
1219;2046
1220;1305
1221;2062
1222;1420
1222;1852
1222;1380
1222;1787
1223;1325
1223;2016
1223;830
1223;797
1224;1749
1224;1698
1224;1927
1224;2086
1225;1327
1225;1438
1226;2084
1226;1279
1227;1793
1227;1379
1227;1372
1228;1745
1228;1768
1229;1463
1229;1864
1229;1712
1229;1808
1230;2047
1230;1723
1230;1924
1230;1845
1230;162
1231;1549
1231;169
1231;1770
1232;1853
1232;2001
1233;2179
1233;1878
1234;1464
1234;892
1235;2020
1235;1934
1236;1501
1236;1823
1236;1424
1236;275
1237;1751
1237;2116
1237;1277
1237;1166
1238;1572
1238;1655
1239;2112
1239;1400
1239;1763
1239;802
1240;2164
1240;2163
1240;1802
1241;1887
1241;1681
1241;504
1241;1256
1242;1966
1242;2028
1242;2121
1242;695
1243;1322
1243;1440
1243;1432
1243;578
1243;2026
1244;1545
1244;1922
1244;1722
1244;390
1245;1337
1245;1042
1245;1507
1246;2063
1246;1334
1246;1329
1246;39
1247;1643
1247;1106
1248;2133
1248;1255
1248;2080
1249;1620
1250;1408
1250;1721
1250;34
1250;1867
1251;1867
1252;1503
1252;761
1252;794
1253;1589
1253;1699
1253;1343
1253;948
1254;1363
1254;1772
1254;104
1255;2133
1256;2104
1257;1351
1258;1906
1258;1649
1259;1278
1259;565
1260;1583
1260;1821
1260;1095
1260;1692
1261;1889
1261;206
1261;1904
1262;1266
1262;1308
1262;1274
1263;1877
1263;1891
1263;1671
1264;1883
1264;964
1264;1915
1264;376
1265;2089
1265;2053
1266;1308
1266;1899
1268;2051
1268;1497
1268;1086
1269;2144
1269;681
1270;1992
1270;1275
1271;1554
1271;1628
1272;2041
1272;1368
1273;1629
1273;1630
1273;1972
1274;1444
1275;1992
1275;2175
1276;1612
1276;1794
1277;2116
1277;1751
1278;565
1280;1672
1280;1793
1280;210
1281;691
1281;316
1281;1185
1282;1880
1282;2153
1283;1576
1283;144
1283;1648
1283;307
1284;2088
1284;657
1284;125
1284;1376
1286;1567
1286;1458
1286;1477
1287;1318
1287;1729
1287;896
1288;1974
1288;1908
1288;2040
1288;2127
1289;1939
1289;2127
1289;62
1290;1487
1290;1481
1291;546
1291;227
1292;1321
1292;1539
1292;1607
1292;1330
1292;1116
1293;1686
1293;1473
1294;1685
1294;1555
1294;2073
1295;1479
1295;2135
1295;1803
1296;2066
1296;715
1296;1171
1296;799
1296;867
1297;1587
1297;1024
1297;294
1298;1942
1298;1871
1298;1409
1299;1627
1299;1841
1299;1797
1300;1844
1300;719
1301;1329
1301;1485
1302;2036
1302;1585
1302;350
1302;1727
1302;45
1303;1884
1303;919
1303;1181
1303;880
1304;1366
1304;1313
1304;1418
1304;1054
1304;700
1306;1345
1306;1666
1306;181
1307;717
1307;407
1307;1554
1308;1899
1308;1609
1309;1383
1309;2035
1309;1577
1310;2178
1310;2060
1310;1484
1311;1490
1311;599
1311;1988
1312;1960
1312;667
1312;361
1313;1418
1313;1366
1314;1461
1314;1931
1314;1680
1316;1917
1316;1504
1316;1629
1317;1834
1317;2162
1318;711
1318;896
1319;1523
1319;1417
1319;1983
1320;1618
1320;1810
1320;1578
1321;1657
1321;1970
1321;1539
1321;1116
1322;2026
1322;1715
1322;1432
1322;2023
1323;1527
1323;541
1323;1109
1324;1784
1324;1371
1324;1732
1324;2059
1325;2016
1325;1429
1325;797
1326;1934
1326;2020
1326;636
1326;1235
1327;117
1328;1540
1328;1897
1328;2139
1329;2063
1330;1607
1330;1824
1331;2147
1331;1378
1332;516
1332;1315
1333;2032
1333;1804
1333;593
1334;1579
1334;2063
1334;1599
1334;1329
1335;2006
1335;1918
1335;112
1336;1800
1336;1724
1336;1061
1337;2101
1338;1769
1339;1835
1339;1441
1339;1466
1340;2031
1340;540
1340;767
1340;1117
1340;1034
1341;791
1342;1475
1342;1825
1342;555
1343;1775
1343;488
1343;1742
1344;657
1344;1376
1344;1002
1344;2088
1344;1383
1345;1666
1346;1912
1346;1661
1346;1930
1346;1589
1347;2151
1347;1625
1348;378
1349;1423
1349;1696
1349;1711
1350;1854
1351;1652
1351;225
1352;189
1352;1350
1353;1780
1353;1895
1353;12
1354;2042
1354;1083
1354;2094
1355;1987
1355;2067
1356;2141
1356;975
1357;1736
1357;2043
1357;1416
1358;2138
1358;1788
1358;1993
1358;588
1359;1937
1359;1427
1361;1750
1361;1861
1361;1552
1361;240
1362;1848
1362;1790
1362;904
1362;767
1363;1772
1363;1515
1364;1665
1365;1371
1365;1615
1366;1418
1366;700
1366;1275
1367;1605
1368;2041
1368;1768
1369;2081
1369;1471
1369;1642
1369;969
1370;1898
1370;1413
1370;252
1370;1136
1371;1437
1372;1379
1373;1460
1373;2049
1373;1766
1373;937
1374;1748
1374;1419
1374;833
1374;1556
1375;1648
1375;2167
1375;1573
1376;2088
1377;2148
1377;1507
1378;1644
1378;2009
1379;961
1380;1718
1380;1420
1381;1882
1381;2120
1381;1771
1381;2150
1382;1386
1383;1577
1384;1605
1384;368
1384;2154
1384;444
1385;701
1385;456
1386;1665
1387;1766
1387;1460
1388;2173
1388;2140
1388;164
1388;846
1388;534
1389;1459
1389;1088
1390;1439
1391;1705
1391;1906
1391;418
1392;1923
1393;1651
1393;2038
1393;851
1393;1825
1394;1691
1394;1738
1394;504
1394;1654
1395;1641
1395;1831
1395;1929
1395;2033
1396;1660
1396;1830
1396;2004
1396;1998
1396;1510
1397;2146
1397;2071
1398;1033
1398;2174
1399;1050
1399;1560
1399;2105
1400;1909
1400;2112
1400;482
1400;150
1401;1462
1401;2139
1401;1353
1401;433
1402;1436
1402;1850
1402;1119
1402;1208
1403;709
1403;1519
1403;1843
1403;1217
1403;1615
1404;1455
1404;1832
1404;1679
1405;2146
1405;2137
1405;20
1405;1397
1406;2176
1406;1866
1406;866
1406;1546
1407;1421
1407;1890
1407;1560
1407;1172
1408;1867
1408;1721
1408;140
1409;1942
1409;2057
1409;1091
1410;813
1410;328
1410;1875
1411;2166
1411;2013
1411;2095
1412;2065
1412;2015
1412;2109
1412;980
1413;1898
1414;1506
1415;1940
1415;1664
1415;2035
1415;2044
1416;1943
1416;1736
1417;1983
1417;2080
1418;0
1419;1748
1419;833
1420;1852
1420;1787
1421;1890
1421;1050
1421;1172
1421;363
1422;1606
1422;1899
1422;1984
1423;1711
1423;1696
1424;1863
1425;1755
1425;553
1425;887
1426;1662
1426;379
1426;2067
1427;1937
1427;501
1428;1729
1429;1454
1430;2062
1431;1532
1431;416
1431;828
1432;1440
1432;1857
1432;1715
1433;1704
1433;1743
1434;2137
1434;407
1435;1492
1435;924
1435;1655
1435;1901
1437;1324
1438;1681
1439;242
1441;1835
1441;1466
1441;422
1442;1502
1442;1454
1442;690
1442;1429
1443;1550
1444;680
1444;1262
1445;1573
1445;1728
1445;1531
1445;1944
1446;1720
1446;1670
1446;880
1447;1811
1448;2018
1448;1474
1448;2086
1448;1967
1449;1993
1449;1788
1450;1540
1450;1897
1450;1328
1450;1494
1450;1045
1451;1797
1451;1624
1451;1999
1451;165
1452;1639
1452;1759
1452;1717
1452;1837
1452;2121
1453;1772
1454;1502
1454;690
1454;438
1455;25
1455;1697
1455;135
1456;1804
1456;1844
1456;1855
1457;2126
1457;1647
1457;503
1458;2113
1459;947
1460;1766
1461;1931
1461;1977
1461;1760
1461;997
1462;1780
1462;1621
1463;1712
1463;1864
1463;1808
1464;892
1466;1835
1466;1849
1466;1815
1467;2096
1467;1483
1467;63
1467;812
1467;1604
1468;1879
1468;2129
1468;1646
1469;1995
1469;1725
1469;586
1469;313
1469;345
1470;2027
1470;608
1470;2058
1471;2081
1471;1642
1472;1954
1472;1496
1473;2165
1473;1686
1473;1525
1474;2018
1474;1967
1474;2086
1475;1825
1476;1693
1476;1792
1476;2150
1476;2097
1476;1638
1477;2105
1477;305
1478;1717
1478;1759
1478;1561
1478;1452
1479;1803
1479;2135
1480;2113
1480;2139
1480;1947
1481;1487
1481;2166
1481;689
1482;1195
1482;1842
1483;2171
1483;2085
1483;2096
1484;2178
1484;252
1485;2063
1485;1329
1485;1579
1486;2109
1486;1018
1486;311
1488;1614
1488;524
1488;127
1489;1985
1489;2162
1489;1018
1489;1317
1490;1964
1491;1873
1491;726
1492;924
1492;1655
1492;1886
1493;1813
1494;1897
1494;1540
1495;1837
1495;1452
1495;1639
1496;1753
1497;1901
1498;1855
1498;1959
1498;1456
1498;1844
1498;1211
1499;2058
1499;1619
1499;70
1500;1894
1500;1950
1500;1817
1500;273
1501;1592
1501;757
1501;1823
1502;690
1502;1852
1503;21
1503;308
1503;761
1504;2012
1505;1779
1505;1588
1506;601
1506;345
1506;148
1507;2148
1507;1952
1508;1727
1508;1690
1509;659
1509;1732
1509;1437
1510;1998
1510;1660
1511;1688
1511;167
1511;1685
1512;1600
1512;508
1512;2158
1513;1814
1513;1647
1514;2114
1514;1806
1516;1989
1516;1889
1517;1824
1517;1623
1517;1093
1518;1708
1518;9
1519;1615
1519;1843
1520;1758
1520;2010
1520;2071
1522;1806
1523;1913
1523;1773
1524;1737
1524;280
1525;2165
1525;737
1526;2100
1526;2111
1528;2167
1528;1801
1528;1620
1529;1640
1529;42
1530;475
1530;1985
1530;1489
1531;1944
1531;2149
1531;296
1531;350
1532;960
1533;1765
1533;1708
1534;1754
1535;1694
1536;2101
1536;692
1536;2099
1537;1740
1539;1558
1539;775
1540;1897
1541;2094
1541;251
1541;811
1541;476
1542;1841
1542;1591
1542;1580
1542;1968
1543;1632
1543;1945
1543;2038
1544;2110
1545;1922
1545;1722
1545;662
1546;2072
1546;1735
1546;2176
1547;2049
1547;1968
1547;805
1547;628
1548;1739
1548;1924
1548;2169
1548;295
1549;1770
1550;2098
1551;959
1551;860
1552;1861
1552;1809
1552;1750
1553;1586
1553;323
1555;1685
1555;1815
1556;2070
1556;631
1556;153
1557;1990
1557;1764
1558;229
1559;1953
1559;1660
1559;1998
1560;1890
1561;1717
1562;1141
1562;1846
1562;1809
1562;535
1563;1874
1563;1856
1564;2156
1564;1859
1565;1710
1565;1642
1565;1838
1566;1733
1566;1656
1567;2105
1567;918
1567;592
1568;704
1568;1430
1568;817
1569;2177
1569;425
1569;327
1570;2051
1571;1895
1572;1655
1575;1659
1575;1707
1575;1426
1576;2028
1578;1618
1579;1599
1579;2063
1580;1841
1580;1591
1580;1968
1581;1936
1582;1976
1582;1611
1583;1821
1583;1692
1584;2136
1584;1613
1585;2036
1585;1944
1587;85
1587;2153
1588;1216
1588;1828
1589;1699
1590;1643
1590;1910
1591;1968
1591;1841
1593;1625
1593;2048
1593;2161
1594;1930
1594;1761
1594;906
1594;1912
1595;1961
1596;1663
1596;1078
1596;1682
1597;1971
1597;1770
1597;1832
1598;1062
1598;1228
1598;952
1598;1368
1598;732
1599;927
1599;1817
1600;2052
1601;550
1601;1011
1601;1767
1602;2104
1602;1256
1603;1963
1603;2091
1604;2005
1604;1785
1604;471
1604;2085
1605;423
1605;1142
1605;329
1606;1984
1606;1979
1606;1899
1607;1677
1608;2082
1609;1899
1609;1984
1609;1979
1609;1606
1610;2019
1610;1600
1610;516
1613;2136
1613;2159
1614;1671
1614;1891
1614;1263
1615;1843
1616;1861
1616;934
1616;1552
1616;1361
1616;1412
1617;2013
1617;2017
1617;2166
1619;2027
1620;2167
1621;1799
1622;2011
1622;125
1622;1053
1623;1824
1623;621
1624;1999
1624;2045
1625;2151
1625;2048
1626;1645
1626;2054
1627;1858
1628;1914
1628;717
1628;1554
1629;1972
1629;1113
1631;2059
1631;1784
1631;1324
1632;1945
1632;2038
1633;1880
1633;2153
1634;816
1634;930
1634;1650
1635;2157
1636;1965
1637;1838
1637;1710
1637;1565
1637;977
1638;2120
1638;2168
1638;1771
1638;1070
1639;1759
1639;1717
1639;1837
1640;1812
1641;1831
1641;1929
1641;2033
1642;2081
1643;1664
1643;1010
1644;2009
1644;1914
1645;1775
1646;2129
1646;466
1646;1879
1647;23
1648;1801
1649;2037
1649;1737
1651;2038
1651;851
1651;1543
1652;1257
1653;1799
1653;1621
1654;691
1656;1733
1656;767
1657;1970
1657;308
1657;1824
1658;2014
1658;1603
1658;2091
1659;886
1660;1953
1660;1830
1660;2108
1660;1998
1661;1912
1661;1930
1661;1973
1661;2050
1662;1948
1663;1682
1664;2035
1667;2115
1667;2155
1668;2006
1668;2024
1668;1335
1668;506
1668;884
1669;1946
1670;1720
1671;1891
1671;425
1672;1793
1672;1227
1673;1743
1674;1925
1675;605
1675;2111
1675;1007
1676;35
1676;120
1676;942
1677;1756
1678;2007
1678;1958
1678;2150
1679;1697
1679;135
1680;2030
1681;1928
1681;1887
1681;17
1682;2149
1683;1962
1683;1911
1684;2074
1684;1095
1685;1815
1686;2165
1686;1525
1687;2002
1688;1956
1689;2122
1690;497
1690;1727
1691;504
1691;1887
1691;262
1691;1129
1692;1969
1692;1095
1693;1792
1693;2097
1693;2150
1693;1101
1694;2163
1695;2076
1695;1696
1697;335
1698;1749
1698;1927
1698;2064
1699;7
1699;893
1700;1717
1700;2121
1700;1759
1701;1963
1701;1603
1701;697
1702;1709
1703;1805
1705;1906
1705;1258
1706;1791
1706;646
1707;1982
1707;151
1707;624
1707;1426
1708;398
1709;848
1710;1838
1712;1864
1712;1808
1713;2000
1713;243
1714;93
1715;2023
1715;2026
1716;547
1716;793
1716;1621
1717;1759
1717;2121
1718;1222
1718;398
1719;1886
1719;2106
1719;2152
1720;1141
1721;1867
1722;1922
1722;669
1723;2047
1723;1845
1723;1484
1724;1800
1725;1920
1725;1995
1726;1820
1726;2110
1726;760
1727;2036
1727;713
1728;1919
1728;954
1728;1573
1730;2172
1730;720
1730;1687
1731;694
1731;1165
1732;1784
1732;2059
1732;1371
1732;659
1734;1265
1734;2021
1734;772
1735;2072
1735;2076
1736;2043
1736;1955
1739;2075
1739;1924
1739;684
1740;1782
1741;1541
1741;1172
1742;1775
1742;1699
1742;1253
1743;1744
1743;844
1744;43
1744;844
1745;2068
1746;1819
1747;1885
1747;2056
1747;102
1747;1796
1747;879
1748;1556
1748;833
1749;1927
1749;2064
1751;2116
1752;1513
1754;1773
1755;1870
1755;237
1756;2151
1756;1607
1757;633
1757;1948
1757;682
1758;2071
1758;2010
1759;2121
1760;1977
1760;1931
1760;485
1761;381
1761;1089
1763;1986
1763;86
1764;1990
1764;293
1765;1708
1765;724
1767;1951
1767;1826
1767;2103
1770;1971
1771;2168
1771;2120
1773;1913
1773;234
1774;1827
1777;1826
1777;1767
1777;2103
1777;1951
1777;386
1778;1113
1779;1798
1779;1187
1781;1913
1781;1523
1781;935
1781;1087
1781;748
1782;1537
1784;2059
1784;1371
1785;2005
1786;1878
1786;1822
1787;2095
1787;2008
1788;2138
1788;1993
1789;1869
1790;59
1790;1848
1790;904
1790;1464
1791;2069
1791;1833
1792;2150
1792;2007
1794;155
1794;586
1795;1820
1795;760
1796;304
1796;2
1796;102
1797;1200
1798;1883
1798;1828
1801;2167
1801;1620
1802;2163
1802;1392
1802;1213
1804;2032
1804;1211
1805;1019
1806;2114
1807;1876
1807;2087
1807;874
1808;1864
1809;1918
1809;1861
1810;1618
1810;1578
1810;1235
1812;1847
1813;715
1813;2066
1815;1849
1816;1960
1817;1950
1817;1894
1818;2090
1818;1533
1818;0
1820;2110
1820;1544
1821;2034
1821;1692
1822;1878
1823;1037
1826;1951
1827;1873
1828;1851
1829;1962
1829;1683
1829;2130
1829;2034
1830;2004
1830;2108
1830;2039
1831;1929
1831;673
1832;1971
1833;2069
1833;143
1833;671
1834;2109
1836;1993
1836;1449
1836;780
1836;588
1837;2121
1837;1759
1837;1717
1838;977
1839;2097
1839;1182
1840;1534
1840;235
1840;1911
1840;1683
1840;382
1841;805
1841;1968
1843;2079
1844;233
1844;719
1845;2047
1846;2030
1846;506
1846;1918
1847;1893
1849;1555
1849;369
1851;1869
1852;1069
1852;678
1853;2001
1854;1048
1854;2016
1855;1959
1855;1844
1855;784
1856;1874
1857;2023
1857;1715
1858;2122
1859;2156
1859;170
1860;2128
1861;1750
1862;1210
1863;557
1863;521
1865;2066
1865;1813
1866;1165
1866;2155
1866;2115
1869;688
1870;2102
1871;1942
1872;1886
1872;2107
1872;933
1872;1719
1873;253
1873;1774
1873;1098
1875;1910
1876;2087
1876;199
1877;893
1877;550
1879;2129
1879;570
1880;2153
1881;509
1881;1706
1882;1958
1884;919
1884;1615
1884;1217
1885;2056
1885;102
1885;1796
1885;879
1886;2106
1888;2143
1888;1800
1889;1989
1891;1115
1892;2117
1892;830
1894;1950
1894;1155
1897;835
1898;277
1899;1984
1900;300
1900;1537
1900;1740
1901;1997
1901;208
1901;1655
1901;924
1902;26
1902;250
1903;1632
1903;2038
1903;436
1904;1085
1904;2174
1905;1975
1905;2003
1905;432
1907;2015
1907;1834
1907;311
1908;1974
1908;2040
1908;111
1909;590
1909;1527
1909;1323
1909;2112
1911;1962
1911;916
1912;1930
1913;1754
1914;2009
1914;1099
1914;1271
1914;717
1915;1964
1916;2145
1916;2033
1916;1929
1917;1972
1918;2006
1921;2123
1921;1981
1921;500
1921;449
1922;437
1923;2170
1924;2047
1926;2098
1926;2077
1927;2064
1928;1438
1928;1225
1929;2033
1931;1977
1931;485
1931;997
1933;2042
1933;1978
1934;2020
1936;1986
1936;1139
1937;633
1938;2083
1939;627
1940;2044
1940;2035
1941;1777
1941;1826
1941;1589
1941;1096
1944;2149
1944;296
1947;2139
1947;1328
1949;1592
1950;176
1953;1998
1953;2108
1954;2132
1955;739
1955;2043
1956;1737
1958;2007
1958;2150
1959;2092
1961;34
1961;1721
1961;342
1962;2130
1966;2028
1966;695
1966;2121
1967;2099
1967;2086
1969;2074
1970;1824
1970;1131
1972;1113
1973;2050
1973;587
1973;1930
1974;2127
1975;2003
1975;505
1975;2155
1977;485
1978;1083
1978;581
1979;1984
1979;1899
1980;2131
1980;786
1980;451
1982;517
1983;2171
1985;2162
1985;1317
1985;286
1985;1018
1987;2067
1987;1426
1987;1662
1988;1991
1991;1490
1992;464
1994;1630
1994;1144
1994;202
1994;702
1995;586
1995;345
1995;803
1996;1932
1996;397
1997;1655
1997;924
1997;1572
1999;2045
2000;1808
2000;1864
2003;505
2003;2155
2004;2039
2004;2108
2004;1660
2005;2085
2006;240
2006;2024
2007;2150
2007;1139
2008;2095
2008;928
2010;249
2011;788
2011;125
2013;2166
2014;426
2014;1949
2014;29
2014;698
2015;2109
2017;2177
2018;1967
2021;772
2021;2053
2022;2161
2023;2026
2024;2025
2025;1668
2025;773
2025;1035
2029;973
2030;651
2031;540
2031;767
2031;1117
2031;787
2032;233
2033;2145
2033;673
2034;2130
2034;1962
2036;350
2036;45
2036;1862
2037;230
2037;1737
2037;1148
2039;2108
2039;1396
2040;2127
2040;1974
2041;783
2042;2094
2043;1416
2044;795
2046;2119
2048;109
2048;1608
2050;2054
2050;520
2051;1018
2051;2162
2052;687
2053;2089
2054;157
2055;1134
2055;483
2056;102
2056;229
2057;781
2058;381
2059;993
2060;2178
2060;493
2061;1102
2061;374
2061;1831
2062;1068
2064;2099
2065;2109
2065;2015
2065;980
2066;799
2066;1493
2067;1662
2069;1706
2070;153
2072;1149
2072;1064
2073;1849
2073;558
2074;539
2075;2118
2075;1924
2076;852
2077;2098
2077;869
2078;850
2078;549
2080;1319
2081;1005
2081;1073
2082;462
2082;411
2085;2171
2085;471
2086;2099
2087;199
2087;874
2088;125
2090;0
2090;80
2091;29
2091;1104
2093;1257
2093;1179
2093;225
2094;476
2095;1196
2096;1773
2096;812
2096;1754
2100;2111
2100;2142
2103;902
2104;211
2105;1286
2106;2152
2107;2128
2107;279
2107;1860
2108;1396
2112;2053
2112;772
2112;2021
2113;1947
2115;2155
2117;678
2118;1504
2120;2150
2122;1627
2122;445
2123;486
2123;500
2123;568
2124;672
2125;2170
2125;1923
2125;1694
2126;1647
2126;514
2127;111
2130;1683
2131;447
2132;1557
2134;50
2134;799
2134;1493
2136;2159
2138;780
2138;588
2138;1993
2139;1045
2140;2173
2141;27
2141;300
2142;537
2142;1854
2145;1929
2146;1082
2147;1378
2148;1952
2152;346
2152;197
2154;1559
2154;368
2156;170
2158;1814
2158;2052
2160;208
2160;1624
2160;1997
2164;1
2164;2163
2165;1293
2165;556
2168;2120
2169;295
2170;1392
2171;812
2172;228
2173;138
2174;1696
2174;1349
2174;1695
2176;228
2177;1218
2179;1878
2180;162
2180;2047
2180;490
2180;625
2180;1230
2181;2012
2181;794
2181;761
2181;613
2181;21
2182;2169
2182;756
2182;53
2182;1548
2182;489
2183;1739
2183;1548
2183;684
2183;2075
2183;180
2184;2012
2184;2181
2184;613
2184;794
2184;761
2185;1484
2185;1723
2185;323
2185;625
2185;536
2186;252
2186;1586
2186;323
2186;277
2186;1413
2187;596
2187;162
2187;1924
2187;983
2187;2118
2188;2185
2188;323
2188;536
2188;625
2188;2186
2189;1548
2189;684
2189;2183
2189;1739
2189;1924
2190;323
2190;2188
2190;2185
2190;536
2190;2186
2191;1152
2191;489
2191;801
2191;1122
2191;973
2192;1484
2192;493
2192;1723
2192;2185
2192;2178
2193;801
2193;489
2193;53
2193;2191
2193;2183
2194;771
2194;2091
2194;697
2194;1144
2194;448
2195;2193
2195;489
2195;801
2195;2191
2195;53
2196;2189
2196;1548
2196;2183
2196;684
2196;1739
2197;1370
2197;1898
2197;1413
2197;202
2197;274
2198;2183
2198;1548
2198;1739
2198;2196
2198;2189
2199;1586
2199;2186
2199;323
2199;1553
2199;2190
2200;1370
2200;1898
2200;2197
2200;1413
2200;252
2201;1994
2201;202
2201;702
2201;274
2201;589
2202;1136
2202;1310
2202;2178
2202;277
2202;1484
2203;613
2203;2184
2203;2012
2203;857
2203;2118
2204;1465
2204;536
2204;625
2204;1156
2204;490
2205;1484
2205;277
2205;1136
2205;252
2205;2185
2206;1701
2206;589
2206;1908
2206;221
2206;2201
2207;545
2207;1994
2207;2204
2207;1156
2207;1273
2208;21
2208;1503
2208;761
2208;257
2208;1252
2209;2206
2209;1701
2209;2201
2209;221
2209;589
2210;566
2210;181
2210;2060
2210;1345
2210;873
2211;2182
2211;53
2211;2169
2211;756
2211;489
2212;2169
2212;2182
2212;295
2212;1548
2212;554
2213;2204
2213;490
2213;1156
2213;1465
2213;536
2214;1739
2214;2198
2214;2183
2214;180
2214;2075
2215;489
2215;2195
2215;2193
2215;2191
2215;801
2216;697
2216;771
2216;1144
2216;2091
2216;2194
2217;589
2217;2206
2217;2209
2217;1908
2217;2201
2218;53
2218;489
2218;2195
2218;2193
2218;2215
2219;613
2219;1504
2219;2012
2219;2184
2219;2181
2220;2210
2220;2060
2220;873
2220;1310
2220;566
2221;1503
2221;2208
2221;857
2221;761
2221;794
2222;2201
2222;202
2222;702
2222;274
2222;2217
2223;951
2223;900
2223;1192
2223;1917
2223;1972
2224;1924
2224;1230
2224;2196
2224;684
2224;2047
2225;2220
2225;1310
2225;873
2225;493
2225;2060
2226;1917
2226;2219
2226;1192
2226;2223
2226;2012
2227;2203
2227;2029
2227;857
2227;388
2227;2118
2228;2201
2228;2222
2228;1994
2228;2209
2228;202
2229;53
2229;2218
2229;489
2229;2211
2229;2193
2230;53
2230;2229
2230;2218
2230;2211
2230;489
2231;1917
2231;900
2231;2223
2231;583
2231;2226
2232;609
2232;1563
2232;1413
2232;1874
2232;2200
2233;375
2233;566
2233;839
2233;1845
2233;295
2234;1629
2234;1273
2234;1972
2234;583
2234;900
2235;1484
2235;2178
2235;2205
2235;493
2235;1310
2236;2209
2236;1701
2236;2228
2236;2201
2236;2216
2237;2217
2237;589
2237;2206
2237;2209
2237;2228
2238;1230
2238;2047
2238;2224
2238;2180
2238;1924
2239;1113
2239;894
2239;1144
2239;2194
2239;1630
2240;625
2240;536
2240;2188
2240;2185
2240;2190
2241;1252
2241;257
2241;353
2241;2208
2241;1503
2242;2183
2242;2198
2242;801
2242;2193
2242;2218
2243;2233
2243;375
2243;295
2243;839
2243;566
2244;2197
2244;589
2244;2217
2244;202
2244;274
2245;2182
2245;2169
2245;2212
2245;756
2245;2211
2246;1553
2246;1586
2246;2199
2246;702
2246;2204
2247;2228
2247;2222
2247;2201
2247;2237
2247;2236
2248;1413
2248;1898
2248;2200
2248;1370
2248;2232
2249;2186
2249;2199
2249;1586
2249;252
2249;323
2250;2203
2250;2227
2250;2118
2250;613
2250;983
2251;2225
2251;2220
2251;873
2251;2060
2251;2210
2252;727
2252;1504
2252;1316
2252;2219
2252;983
2253;2216
2253;697
2253;771
2253;2236
2253;1104
2254;2197
2254;2200
2254;1370
2254;1898
2254;2248
2255;702
2255;202
2255;274
2255;1553
2255;2222
2256;2236
2256;1701
2256;2253
2256;2209
2256;2216
2257;2233
2257;375
2257;2243
2257;566
2257;839
2258;2211
2258;2182
2258;2230
2258;2245
2258;756
2259;2182
2259;2258
2259;2211
2259;2245
2259;2169
2260;1723
2260;2047
2260;2240
2260;2192
2260;2185
2261;2191
2261;2195
2261;1152
2261;801
2261;2193
2262;1104
2262;2256
2262;2253
2262;1701
2262;1963
2263;1252
2263;257
2263;2208
2263;1503
2263;21
2264;2226
2264;1917
2264;2231
2264;1192
2264;2223
2265;2118
2265;596
2265;983
2265;2250
2265;2203
2266;951
2266;2223
2266;900
2266;266
2266;1778
2267;1273
2267;545
2267;1630
2267;2234
2267;1144
2268;536
2268;625
2268;323
2268;1465
2268;2190
2269;2207
2269;2246
2269;1994
2269;545
2269;2204
2270;1370
2270;2200
2270;2197
2270;1898
2270;2254
2271;2226
2271;2264
2271;1917
2271;2219
2271;2181
2272;1917
2272;2226
2272;2264
2272;2231
2272;2271
2273;1413
2273;1898
2273;2248
2273;1370
2273;252
2274;2060
2274;131
2274;873
2274;2220
2274;175
2275;2187
2275;162
2275;2180
2275;1924
2275;490
2276;596
2276;2118
2276;2265
2276;180
2276;983
2277;1310
2277;2178
2277;493
2277;2235
2277;2225
2278;1917
2278;2231
2278;2272
2278;900
2278;583
2279;2221
2279;1503
2279;2208
2279;857
2279;308
2280;2192
2280;1723
2280;2260
2280;2185
2280;493
2281;2169
2281;2212
2281;2245
2281;2182
2281;2259
2282;2271
2282;2264
2282;2226
2282;2272
2282;1192
2283;2262
2283;1104
2283;2253
2283;2256
2283;1603
2284;2265
2284;983
2284;2118
2284;2250
2284;2276
2285;1845
2285;1723
2285;1230
2285;2047
2285;2260
2286;2263
2286;257
2286;1252
2286;2208
2286;1503
2287;1152
2287;2261
2287;2191
2287;1122
2287;973
2288;1113
2288;2239
2288;894
2288;1630
2288;1144
2289;2186
2289;2249
2289;252
2289;2199
2289;1586
2290;2202
2290;1136
2290;2235
2290;2232
2290;1310
2291;2202
2291;2290
2291;2235
2291;1310
2291;2277
2292;2269
2292;2207
2292;2246
2292;1994
2292;2255
2293;295
2293;2243
2293;684
2293;2189
2293;375
2294;2275
2294;162
2294;2180
2294;1924
2294;2187
2295;873
2295;2060
2295;1310
2295;2225
2295;2277
2296;2210
2296;2220
2296;566
2296;2251
2296;181
2297;1192
2297;2282
2297;2241
2297;2271
2297;2264
2298;2274
2298;2060
2298;131
2298;873
2298;2295
2299;873
2299;2295
2299;2060
2299;1310
2299;2291
2300;2240
2300;625
2300;536
2300;2268
2300;2180
2301;727
2301;1504
2301;2252
2301;983
2301;2219
2302;2075
2302;180
2302;2214
2302;1739
2302;596
2303;257
2303;2286
2303;2263
2303;1252
2303;1503
2304;2264
2304;2226
2304;2271
2304;2272
2304;2282
2305;2183
2305;2198
2305;1548
2305;2242
2305;2189
2306;2230
2306;53
2306;2229
2306;2218
2306;2211
2307;583
2307;1316
2307;2278
2307;1917
2307;2231
2308;2216
2308;2253
2308;697
2308;1144
2308;771
2309;2202
2309;2291
2309;2290
2309;1136
2309;2235
2310;2219
2310;613
2310;1504
2310;2012
2310;2184
2311;2223
2311;951
2311;2266
2311;1192
2311;900
2312;2246
2312;2204
2312;1553
2312;323
2312;2269
2313;274
2313;2270
2313;202
2313;2244
2313;702
2314;545
2314;1273
2314;2267
2314;2207
2314;2234
2315;493
2315;2178
2315;2192
2315;2280
2315;2277
2316;2182
2316;2259
2316;2245
2316;2169
2316;2211
2317;1136
2317;277
2317;1413
2317;252
2317;2205
2318;900
2318;2231
2318;583
2318;1972
2318;2278
2319;2181
2319;761
2319;2184
2319;794
2319;21
2320;2190
2320;323
2320;2268
2320;2188
2320;536
2321;2237
2321;2206
2321;2209
2321;2217
2321;589
2322;2300
2322;2240
2322;2180
2322;625
2322;2047
2323;2047
2323;2322
2323;2238
2323;1230
2323;2180
2324;2075
2324;2302
2324;180
2324;596
2324;2118
2325;1465
2325;2204
2325;536
2325;2213
2325;625
2326;2241
2326;2297
2326;353
2326;1252
2326;2303
2327;583
2327;2307
2327;1629
2327;2234
2327;1972
2328;2323
2328;2047
2328;2238
2328;1230
2328;2180
2329;2189
2329;1548
2329;2293
2329;684
2329;2305
2330;2259
2330;2258
2330;2211
2330;2316
2330;2182
2331;2196
2331;1548
2331;2198
2331;2189
2331;2183
2332;2218
2332;53
2332;2306
2332;2229
2332;2230
2333;2325
2333;1465
2333;2213
2333;2204
2333;536
2334;2208
2334;2263
2334;2286
2334;1503
2334;257
2335;2219
2335;2012
2335;613
2335;2310
2335;2181
2336;2242
2336;2305
2336;2183
2336;2198
2336;2229
2337;2327
2337;2307
2337;583
2337;2234
2337;1629
2338;566
2338;2257
2338;2233
2338;839
2338;375
2339;21
2339;1252
2339;2263
2339;2286
2339;2208
2340;1316
2340;2307
2340;2327
2340;2337
2340;583
2341;983
2341;2284
2341;2265
2341;2118
2341;2276
2342;1630
2342;1144
2342;1994
2342;545
2342;2267
2343;2331
2343;2196
2343;1548
2343;2198
2343;2189
2344;794
2344;761
2344;2184
2344;2181
2344;2012
2345;2196
2345;2331
2345;2343
2345;2189
2345;684
2346;2207
2346;2269
2346;2292
2346;1994
2346;545
2347;2337
2347;2327
2347;2307
2347;2340
2347;583
2348;2298
2348;2060
2348;131
2348;2299
2348;873
2349;1192
2349;2282
2349;2264
2349;2297
2349;2223
2350;274
2350;1586
2350;1553
2350;2313
2350;702
2351;2296
2351;2210
2351;566
2351;2220
2351;2338
2352;2225
2352;2251
2352;493
2352;2315
2352;2277
2353;2235
2353;2205
2353;1484
2353;277
2353;1136
2354;2297
2354;2326
2354;2349
2354;1192
2354;2241
2355;857
2355;2344
2355;2227
2355;2203
2355;794
2356;2320
2356;2268
2356;2190
2356;323
2356;536
2357;2302
2357;2324
2357;2075
2357;2029
2357;801
2358;2118
2358;2324
2358;2265
2358;596
2358;2075
2359;2240
2359;2300
2359;2322
2359;2260
2359;625
2360;2354
2360;2326
2360;2297
2360;2241
2360;1192
2361;2267
2361;1630
2361;1273
2361;2288
2361;1113
2362;2251
2362;2352
2362;2220
2362;2225
2362;2351
2363;2204
2363;2325
2363;2213
2363;2333
2363;1465
2364;2354
2364;2297
2364;2339
2364;2282
2364;2360
2365;2243
2365;295
2365;839
2365;2257
2365;2233
2366;2293
2366;2329
2366;684
2366;2189
2366;1548
2367;2230
2367;2306
2367;53
2367;2211
2367;2332
2368;2282
2368;2264
2368;2304
2368;2271
2368;2226
2369;2187
2369;2275
2369;2294
2369;1924
2369;2276
2370;1586
2370;2199
2370;2249
2370;2350
2370;1553
2371;1122
2371;973
2371;1152
2371;388
2371;2029
2372;2290
2372;2202
2372;2291
2372;2309
2372;2299
2373;2299
2373;2291
2373;1310
2373;2295
2373;2277
2374;2268
2374;2356
2374;323
2374;2320
2374;536
2375;2234
2375;1629
2375;1273
2375;1972
2375;2361
2376;684
2376;2366
2376;2293
2376;375
2376;2285
2377;2352
2377;2362
2377;2315
2377;2251
2377;2225
2378;2183
2378;1739
2378;2198
2378;2214
2378;2305
2379;2190
2379;2320
2379;2356
2379;323
2379;2374
2380;2336
2380;2242
2380;2229
2380;2218
2380;53
2381;727
2381;2187
2381;490
2381;1156
2381;2301
2382;2276
2382;596
2382;2118
2382;180
2382;2265
2383;2312
2383;2246
2383;2269
2383;2363
2383;2204
2384;2329
2384;2212
2384;2281
2384;2366
2384;2293
2385;2367
2385;2230
2385;2306
2385;2211
2385;53
2386;2257
2386;2233
2386;2338
2386;375
2386;566
2387;2213
2387;2333
2387;2325
2387;2204
2387;2363
2388;2075
2388;180
2388;2324
2388;2302
2388;596
2389;2194
2389;2239
2389;771
2389;2091
2389;894
2390;2309
2390;2291
2390;2202
2390;2290
2390;2372
2391;2205
2391;277
2391;1484
2391;2353
2391;252
2392;2369
2392;2187
2392;2275
2392;2294
2392;1924
2393;1316
2393;2340
2393;1156
2393;2252
2393;2347
2394;493
2394;2352
2394;2315
2394;2277
2394;2178
2395;2364
2395;2339
2395;2241
2395;1252
2395;2354
2396;2341
2396;983
2396;2284
2396;2276
2396;2381
2397;2393
2397;1316
2397;2252
2397;2340
2397;727
2398;2385
2398;2367
2398;2230
2398;2306
2398;2332
2399;1739
2399;2214
2399;2378
2399;2302
2399;2075
2400;2242
2400;2378
2400;2399
2400;2183
2400;2336
2401;2307
2401;2327
2401;583
2401;2340
2401;2347
2402;2311
2402;951
2402;2266
2402;2223
2402;266
2403;1504
2403;2301
2403;983
2403;2310
2403;2284
2404;295
2404;2365
2404;2243
2404;2293
2404;885
2405;2260
2405;2047
2405;1723
2405;1230
2405;2323
2406;2399
2406;2214
2406;1739
2406;2302
2406;2075
2407;2207
2407;2269
2407;2346
2407;2383
2407;2314
2408;2295
2408;873
2408;2060
2408;2225
2408;1310
2409;2341
2409;2276
2409;2396
2409;2382
2409;2118
2410;2388
2410;180
2410;596
2410;2382
2410;2276
2411;727
2411;2252
2411;2301
2411;2397
2411;1504
2412;2206
2412;1701
2412;2209
2412;221
2412;2321
2413;2402
2413;1192
2413;2311
2413;266
2413;2349
2414;2244
2414;2197
2414;2254
2414;2313
2414;2270
2415;1548
2415;2189
2415;2329
2415;2331
2415;2343
2416;2201
2416;2228
2416;2247
2416;2236
2416;2222
2417;2372
2417;2290
2417;2202
2417;2291
2417;2390
2418;1484
2418;2235
2418;2178
2418;2192
2418;493
2419;1310
2419;2373
2419;2299
2419;2295
2419;2277
2420;2075
2420;2388
2420;180
2420;2324
2420;2406
2421;2381
2421;490
2421;2187
2421;2275
2421;2392
2422;2251
2422;2220
2422;2225
2422;2362
2422;2408
2423;2227
2423;2358
2423;2029
2423;2250
2423;2203
2424;2423
2424;2358
2424;2227
2424;2250
2424;2265
2425;973
2425;2371
2425;1122
2425;388
2425;1152
2426;2248
2426;1898
2426;2200
2426;1370
2426;1413
2427;2395
2427;2354
2427;2364
2427;2326
2427;2297
2428;2410
2428;2388
2428;2324
2428;2075
2428;180
2429;2290
2429;2202
2429;2309
2429;2390
2429;2291
2430;2417
2430;2372
2430;2429
2430;2290
2430;609
2431;2231
2431;2278
2431;2318
2431;900
2431;583
2432;2232
2432;2248
2432;2426
2432;609
2432;1413
2433;2221
2433;1503
2433;2334
2433;2208
2433;2279
2434;2361
2434;2267
2434;1630
2434;1273
2434;2288
2435;2262
2435;2283
2435;2256
2435;1701
2435;1104
2436;2406
2436;2399
2436;2302
2436;2420
2436;2075
2437;951
2437;2266
2437;2311
2437;2223
2437;2402
2438;2381
2438;2421
2438;727
2438;2411
2438;2396
2439;1156
2439;2393
2439;2397
2439;2438
2439;2381
2440;388
2440;2029
2440;1122
2440;2371
2440;2425
2441;2330
2441;2259
2441;2258
2441;2316
2441;2211
2442;2429
2442;2290
2442;2202
2442;2372
2442;2309
2443;2417
2443;2372
2443;2442
2443;2429
2443;2290
2444;1630
2444;1144
2444;2434
2444;2361
2444;2239
2445;2397
2445;2252
2445;2411
2445;727
2445;1316
2446;2339
2446;1252
2446;2395
2446;2263
2446;2286
2447;2233
2447;375
2447;2257
2447;2243
2447;2386
2448;2424
2448;2423
2448;2227
2448;2250
2448;2203
2449;2308
2449;2216
2449;2253
2449;2236
2449;2256
2450;2252
2450;2445
2450;2411
2450;1316
2450;2301
2451;2292
2451;2246
2451;2269
2451;2383
2451;2312
2452;2230
2452;2306
2452;2367
2452;2385
2452;2398
2453;2333
2453;2325
2453;1465
2453;2387
2453;625
2454;2220
2454;2422
2454;2251
2454;2296
2454;2362
2455;2339
2455;2446
2455;21
2455;2208
2455;2263
2456;1845
2456;2285
2456;2405
2456;1723
2456;2280
2457;2249
2457;2370
2457;2350
2457;1586
2457;2199
2458;2307
2458;2401
2458;2340
2458;2327
2458;2347
2459;2362
2459;2377
2459;2251
2459;2352
2459;2225
2460;2459
2460;2386
2460;2362
2460;2377
2460;2351
2461;1994
2461;2201
2461;2416
2461;2228
2461;2247
2462;2290
2462;2429
2462;2442
2462;2309
2462;2202
2463;2295
2463;2408
2463;873
2463;2419
2463;1310
2464;2255
2464;702
2464;202
2464;274
2464;1553
2465;2417
2465;2372
2465;2443
2465;2442
2465;2430
2466;1504
2466;2310
2466;2219
2466;2403
2466;2301
2467;277
2467;2317
2467;252
2467;2391
2467;1136
2468;252
2468;2467
2468;277
2468;2289
2468;2317
2469;2350
2469;2457
2469;2370
2469;1586
2469;2313
2470;2437
2470;951
2470;2266
2470;900
2470;2311
2471;2212
2471;2384
2471;2281
2471;2169
2471;554
2472;2229
2472;2380
2472;2316
2472;53
2472;2182
2473;2439
2473;1156
2473;2438
2473;2381
2473;2397
2474;2299
2474;2373
2474;2419
2474;2291
2474;2202
2475;323
2475;2374
2475;2312
2475;2199
2475;1586
2476;2358
2476;2118
2476;2265
2476;596
2476;2428
2477;2336
2477;2242
2477;2305
2477;2380
2477;2183
2478;2274
2478;2220
2478;2060
2478;2422
2478;2454
2479;2403
2479;983
2479;2284
2479;2341
2479;1504
