8.61991;4.35815
6.59491;17.2249
6.23105;7.27813
5.06029;15.3369
0.212391;1.62904
8.5681;9.08441
5.42093;6.38895
5.56819;5.11565
2.39857;16.6934
8.89172;5.47172
4.08363;13.3072
7.70304;9.43766
2.97643;3.75715
4.56893;10.8349
2.67179;7.26176
8.39357;4.58341
5.80996;11.977
1.90417;6.08202
0.627541;13.9289
1.70947;1.67986
7.77898;2.55514
5.38214;8.39981
4.47204;3.90064
6.75773;13.7412
1.29702;13.2989
0.606471;10.7613
4.30304;16.619
1.09948;14.559
1.18809;11.3368
3.69694;7.71976
0.29929;6.18101
6.15158;12.2185
0.0789827;16.1115
0.150255;1.41305
6.02021;3.71945
1.54646;9.59839
3.13729;13.8572
8.9991;15.2187
8.87891;13.5137
5.47995;2.35186
4.40629;12.1728
6.55658;17.4187
5.39594;15.3121
6.98881;13.1681
4.32446;3.37149
1.4439;9.24751
4.77625;15.191
1.733;9.71047
6.65124;3.76651
5.56176;7.34291
3.74298;14.2164
8.47065;13.7605
5.0368;16.9395
5.48961;9.83143
6.22658;3.93913
6.09165;3.26574
8.05599;7.29645
1.3422;8.90385
2.30428;16.662
2.03595;13.2575
1.01676;6.9597
2.2525;11.586
2.07534;7.97099
1.64824;17.4532
5.86875;14.42
3.39803;1.22346
5.31821;5.73736
7.49201;2.71002
2.33843;7.96324
6.27073;17.13
5.95118;6.72475
1.19788;10.0143
7.0106;5.08017
0.459094;0.62976
1.87109;4.99008
6.94362;5.7757
5.97489;0.392234
8.68086;16.1005
4.18161;2.65819
7.77681;2.10073
8.53909;4.34968
1.66209;9.7146
5.04352;0.308201
6.21231;14.7639
4.13572;6.96608
6.94695;2.17381
6.84541;16.2897
6.09408;9.71203
1.68492;13.1063
5.1709;7.11203
0.0482105;6.22904
6.44386;12.0462
3.31063;12.2494
5.07334;14.9845
7.45381;7.70028
8.54261;13.9858
6.02498;2.40941
2.8502;4.13699
1.35881;0.125017
0.450439;10.9891
3.54555;14.7948
6.58143;2.78192
6.54223;7.35101
6.24698;16.4543
1.22867;4.83574
2.78316;2.55377
5.53239;0.454039
7.29999;17.686
6.35174;6.74665
7.33527;9.6111
7.22347;13.7558
2.79845;8.49689
8.08259;11.2973
6.31694;0.882788
5.71116;13.5348
5.93592;0.513408
5.16477;7.0347
1.64766;5.414
7.19286;15.7893
1.93414;16.8431
1.31251;9.4346
0.698416;13.6898
4.94432;15.9968
6.68793;4.59212
2.37173;10.0464
7.10161;1.19039
2.90108;1.80011
4.84364;3.96734
6.54871;4.32117
2.42506;6.51973
8.92797;16.722
3.51657;10.1855
2.87833;10.3285
7.79974;2.14238
4.05887;1.46777
0.492723;10.7428
5.45119;2.38228
3.21629;2.79101
0.189545;1.80843
3.69157;5.12255
5.92741;3.58634
3.15647;17.657
2.69323;16.0002
1.81216;0.483871
1.1607;8.47444
3.5018;2.17733
3.59821;14.0367
6.18141;12.9531
3.1826;9.96229
7.54773;14.4829
5.71503;16.0809
3.61285;4.33243
0.231594;13.6583
3.56172;0.842278
7.73336;14.5066
2.98241;9.32153
0.046462;12.2778
4.48926;5.47938
5.139;12.6028
2.98163;12.5994
1.53864;12.9669
7.38836;10.2737
4.50179;9.13953
2.61339;15.3688
0.550913;2.32223
5.92586;12.5319
0.20157;1.07743
8.43216;0.866328
7.36786;5.98777
0.854303;12.2024
1.24717;7.67343
1.76198;2.58727
0.9756;12.5025
4.03333;12.2292
3.55265;14.0299
3.41429;10.1826
4.49838;3.60531
1.22814;0.000343247
6.37242;7.68305
7.68456;13.8467
5.00264;9.22084
4.18928;10.4084
5.14913;7.24288
5.63738;7.03398
6.61532;12.9834
0.6182;15.725
1.32839;4.76036
0.156135;4.60799
8.63141;8.37893
8.41859;6.36814
2.20442;5.66577
8.27536;13.4056
4.63554;1.00701
6.70297;4.01593
4.34503;10.7751
8.9313;0.695343
0.99795;8.24116
5.55188;12.2942
7.74202;4.37852
0.664074;10.7147
8.68094;2.56455
4.21985;2.01867
3.66245;8.75196
3.31333;6.58773
8.56544;5.46384
6.47793;3.53972
5.56481;11.5066
8.47266;2.4007
6.2568;12.3513
3.20832;3.20366
2.56316;6.27924
1.9495;7.12221
7.2602;15.0028
0.708191;12.0044
0.690645;2.74453
2.35957;0.743167
2.65454;13.1588
1.38092;12.634
1.9554;9.38849
0.610857;3.04168
7.42617;14.1776
3.2907;7.98195
3.84209;5.52672
5.19133;2.19778
8.93899;16.7993
2.70072;5.00429
2.53926;9.30044
6.06325;1.59893
3.1516;13.5429
6.80169;7.6845
8.14371;0.322517
4.21383;3.5965
6.74067;11.1895
8.11524;17.3921
1.289;17.4522
1.21691;17.4303
6.81489;9.01523
3.70614;3.31395
7.27098;17.7949
2.75586;14.4199
8.29711;10.9132
0.71211;3.67275
1.1068;13.5507
2.63584;8.51681
4.54681;0.875055
8.10065;7.38103
0.598786;6.62897
5.48876;14.6789
8.90924;9.20801
7.03553;2.39646
4.3301;16.5049
0.913394;4.28998
3.76006;9.23906
3.80197;4.06207
4.517;13.1157
0.241001;7.62821
3.01441;1.90622
5.65048;8.24242
7.72847;16.5726
8.37961;6.55056
8.72384;14.9605
6.9658;0.645261
1.79476;6.90912
7.66209;3.40798
8.05857;11.3952
2.90222;6.77734
4.95007;7.63124
5.53366;17.4203
8.43515;0.671251
1.74116;7.90429
6.89345;3.96433
7.76625;1.81573
2.93527;8.83346
5.02907;3.3275
3.70305;8.81738
4.93903;6.85378
2.88896;5.80966
3.74952;9.36742
6.35939;4.82323
6.3877;10.8359
8.10923;0.579858
8.80663;8.1186
4.10555;10.6806
3.76942;7.08139
5.67591;11.0212
7.49284;7.13873
7.49275;12.5182
4.47723;2.85605
1.67582;1.01261
3.09177;10.7577
4.91499;16.0616
8.80576;15.6079
1.93563;7.11057
3.48766;16.59
5.9669;1.75073
4.71298;10.1523
1.16529;9.0392
0.13543;10.5417
0.859888;7.80971
8.81154;13.0716
0.415441;14.6088
1.10516;15.8164
4.56347;11.1648
0.336213;12.4786
6.0887;6.85597
2.61817;4.00738
2.45879;4.84786
0.807641;8.78883
5.97921;8.5906
3.68944;5.89222
5.17067;16.8048
8.02224;12.6719
3.92202;16.3153
2.6068;9.56381
3.06253;4.83668
2.3177;6.95594
0.72272;6.84573
2.38616;10.5724
0.00526127;5.44474
2.52549;12.1879
6.15035;10.2873
8.09765;17.2183
7.56759;17.8106
4.00356;9.09361
4.2006;15.386
7.49291;0.742523
7.09541;13.0303
6.70722;4.03485
5.67283;0.628043
6.79933;17.4707
2.73236;0.234062
3.21332;6.91016
3.5399;11.199
8.74127;7.09032
8.32185;4.53353
0.639119;10.9444
7.41043;17.4735
5.08134;11.956
8.64207;0.169803
1.52482;7.68532
7.7779;0.0354598
4.21392;11.7466
6.53288;3.84229
7.89073;6.41142
2.23516;11.3801
2.94106;9.93505
5.80709;12.3088
8.4226;0.693978
2.75386;16.3278
3.89215;4.15141
1.43064;9.06253
7.54791;17.6821
4.26804;7.2585
5.81908;7.82021
3.71415;14.6878
7.75277;4.9841
7.36163;5.93337
8.36536;9.78903
4.88783;14.5122
8.10022;14.246
3.94615;4.08257
3.09052;1.50648
8.19567;5.02624
1.10023;3.89906
1.677;9.98476
4.02523;6.21529
0.523646;5.14629
2.94871;9.58337
6.20239;17.5356
8.70179;1.8331
7.11169;14.9091
3.4086;10.9466
1.42124;5.54791
1.36783;12.6181
1.03004;0.936115
4.43207;9.95239
2.50934;15.0452
5.72943;3.41002
1.03571;13.6593
3.65454;5.42541
2.82204;15.3595
5.82035;6.69138
1.25292;17.5381
8.13737;14.9106
8.53685;15.6783
8.37186;13.2971
6.29372;5.56091
3.12186;15.4299
5.55441;8.9794
5.02403;13.1689
4.95776;0.91219
2.56065;14.9342
7.97868;16.5802
0.172109;0.0287673
6.11975;7.6533
2.72709;17.8836
2.50642;17.0949
3.28748;7.51867
8.31649;4.8497
2.21465;15.7067
1.26401;3.17302
5.50189;15.1155
4.36696;17.2475
6.27269;1.84275
4.11345;4.59344
7.50583;0.142412
2.75281;2.13296
7.5383;3.46298
0.356565;15.4208
1.74588;12.9526
2.53706;8.94593
6.4181;10.087
4.0204;1.41116
8.80282;6.67379
3.13043;4.03494
2.19024;8.78888
3.60398;15.3842
2.95217;15.9419
7.31588;0.449717
8.89232;4.85865
2.52158;14.7963
2.50053;10.5488
8.46463;2.07768
7.00588;17.6424
8.74925;17.5035
6.29751;4.57263
4.22472;7.43122
7.3298;16.4902
4.42119;14.2652
2.58201;15.1032
0.150085;9.5445
2.94606;7.50812
3.46437;11.7965
2.725;3.5605
6.12309;5.23464
4.20958;17.2893
1.01547;13.4202
4.91905;0.960209
7.74895;5.84986
0.301303;14.9964
2.67669;13.1976
0.784512;13.8028
1.31442;16.2286
6.14652;11.4712
6.24692;17.4571
4.28723;12.794
4.50078;14.4666
1.15107;15.9303
4.13151;7.75214
0.745405;2.50919
6.49339;9.90996
0.899259;15.0177
2.66509;11.6366
7.98897;2.82808
8.74324;16.5805
8.91224;4.83986
5.88908;1.3935
0.321335;14.407
8.81106;12.9357
3.93912;12.116
6.19639;16.4527
3.45499;3.39435
6.45963;9.21212
0.662332;3.18228
8.48213;2.81547
2.84574;11.9511
6.36272;7.48999
4.48439;0.0556234
0.563308;6.94672
1.44185;0.613099
2.76363;2.70818
2.72648;17.3054
2.05084;6.09563
6.85622;3.7238
0.515673;3.59067
7.91988;13.4241
1.02168;4.74975
8.40924;14.9626
6.98094;0.14315
0.072449;12.9261
1.47931;5.83637
3.4386;15.6841
6.66318;15.846
7.86984;14.453
2.39635;0.62339
7.53304;10.32
1.66579;2.51904
4.81269;7.43325
4.30733;5.33781
5.57853;9.64601
4.46424;8.99682
2.53507;10.9718
6.87329;3.88863
3.96723;9.70845
2.01589;8.07936
2.31729;6.9904
6.95787;11.5118
2.33723;9.2421
4.67888;2.41415
2.84754;14.1504
1.51877;2.76117
3.2352;6.36911
2.64011;16.0958
6.90118;13.8949
1.71679;6.95942
2.77045;12.3621
7.97812;10.611
2.66696;11.7028
7.24983;13.2684
1.70563;0.531446
1.67387;8.04585
3.76093;17.2635
0.778815;12.1963
4.25279;10.9154
7.30524;14.2007
3.53292;17.648
8.48092;13.5362
3.00856;4.24205
5.816;1.8195
0.0684632;15.0656
4.38946;5.67782
4.71383;6.73516
8.14443;14.7616
0.21899;12.7885
5.01498;3.84924
6.65998;13.3777
5.94755;2.84181
6.32059;13.4527
7.51907;3.14676
3.18405;11.6486
8.67371;13.4339
5.64831;16.3093
4.48508;17.3137
1.27566;2.60217
0.566622;2.68824
8.83388;9.91216
4.18303;9.09542
8.32366;6.65491
2.9285;17.0853
0.721713;15.887
1.46727;14.7634
5.63234;14.8296
8.8026;5.90587
5.14118;14.6433
4.52632;16.6505
4.14597;8.40006
6.0422;1.58856
3.35466;3.05457
0.451152;9.26064
2.82837;2.03555
5.97444;5.32449
5.97386;2.31493
7.20996;10.595
4.48492;2.27692
4.84017;10.4133
0.0819488;12.6149
3.58833;11.4286
4.72226;6.78186
8.66723;1.72689
1.7126;8.38709
0.188676;11.7171
8.39357;12.4618
6.65285;5.49647
7.75816;14.208
7.37856;3.17305
8.12177;8.70599
4.24877;10.1913
5.51046;4.91745
1.39314;1.99076
3.59719;12.4666
6.20202;7.35827
3.54076;1.58069
0.393427;16.526
4.18127;0.121308
0.126466;11.7877
4.2542;0.630283
2.75244;7.29554
6.54602;0.810574
6.39601;10.6084
7.50928;9.54913
6.8907;13.2621
0.127559;4.27895
2.72668;11.276
4.5982;8.23965
6.6334;16.3908
1.35314;7.67084
2.87452;9.7878
4.62576;6.5359
4.15692;17.6141
3.3286;8.56678
5.70091;15.1656
4.59853;16.9067
2.23057;4.2891
8.85864;17.2532
7.44873;14.7358
4.40114;10.6789
4.99898;9.0574
7.4789;15.4513
1.16672;6.15421
2.84549;15.6002
2.27249;8.39726
2.63554;10.294
0.0925324;14.5226
8.41496;8.49891
7.06834;5.48712
8.53285;7.5385
1.32636;8.26276
3.2226;7.11386
6.27593;6.16248
3.18351;9.44931
1.44916;15.1693
1.06409;12.8963
3.11335;17.086
5.1738;8.56014
2.62009;16.0386
3.08019;9.78517
3.21792;11.4315
1.03959;6.6209
3.97704;0.909103
7.55991;4.09076
3.19811;14.1855
5.81463;9.04894
2.22413;0.0744584
8.0814;17.0001
3.11847;4.52981
4.22472;9.13525
0.849553;10.5776
2.01577;7.92581
4.83179;14.3791
8.24297;14.9038
6.20885;4.64634
3.34447;0.853539
8.0389;8.76813
3.73722;6.03189
4.83862;4.59425
5.06132;16.0735
0.389881;3.7519
3.5612;5.22803
1.91318;5.28518
2.11407;10.0633
4.9075;12.6776
0.599274;11.5141
2.62759;5.23008
0.719952;14.9188
0.804604;17.9259
5.91127;14.0269
2.2861;0.511477
7.44023;2.65
4.6398;4.35489
4.34094;0.956837
4.47457;0.80453
8.51515;9.72891
2.27822;6.15268
7.47847;8.38279
5.71893;1.18508
0.223042;3.25286
6.93133;1.64463
7.38348;1.11783
3.43736;16.2069
8.0183;8.48392
8.06636;9.85913
2.25542;2.7049
5.1853;1.39128
2.67745;1.65022
2.87309;14.0368
1.30353;14.6953
7.42066;1.63734
3.21211;1.39775
3.89501;3.38116
4.89027;1.22789
2.28312;10.2266
2.24037;0.428888
5.93563;1.2477
0.773361;0.745965
8.72728;17.5833
4.61494;15.5873
4.72123;13.7407
0.146089;1.81306
7.566;5.64708
1.73164;2.87817
0.841934;6.07033
8.78674;16.5252
3.85384;5.99771
8.96147;15.4977
4.68943;9.70347
8.36279;13.9451
0.965046;3.20633
7.187;13.8013
2.22702;15.9207
7.27366;3.9086
7.75202;5.7772
0.747936;6.94649
0.758957;1.78805
4.37977;16.6499
3.71756;12.2228
0.764042;9.119
0.146578;1.10157
3.82209;8.00083
3.54964;7.56712
2.74926;16.4782
8.63529;4.22411
6.21163;1.20068
3.71522;8.79725
7.50101;11.8845
3.35898;11.5493
7.89654;4.222
8.66327;17.2889
5.58424;0.844448
0.538497;1.92803
8.74718;8.51212
7.07543;1.02244
8.81556;14.444
1.06201;7.2753
2.22242;9.2233
7.42121;9.94337
3.85073;14.113
7.08374;2.12472
7.65684;3.59792
5.46098;12.3157
7.7412;17.6399
2.93252;13.2755
1.93097;5.19158
6.2822;15.0304
3.01802;13.6414
8.47922;5.53039
2.07676;13.1093
3.27642;3.78465
4.77666;8.67685
5.52998;13.9982
8.95008;7.90237
2.97077;7.60162
2.00769;2.10901
4.86317;1.32906
2.85347;2.6483
6.82239;3.18932
1.14412;1.50982
8.2324;6.15017
3.3507;11.0292
1.59029;12.7374
3.3353;2.13903
0.133914;10.8241
7.62417;6.82066
7.30439;6.80166
7.74876;7.66873
1.39991;15.3977
7.78555;8.74136
2.49964;1.58648
5.42519;14.7256
1.45777;16.5573
8.68696;16.5603
0.873315;1.66216
0.03507;0.211421
3.90616;6.77154
5.62031;10.9929
0.75449;17.9112
6.56597;1.77681
5.36768;10.3803
4.29873;7.34413
8.59097;6.09498
7.50643;1.98177
1.74633;12.584
5.36157;8.49193
7.08523;3.57351
2.60878;17.086
1.06541;4.59148
7.82316;3.87745
3.12682;15.7165
2.04443;14.066
2.244;15.3295
3.52944;5.99698
7.62036;2.19083
3.88689;7.97607
6.28556;16.3713
7.6601;11.7531
2.23312;12.3331
6.86741;7.95889
3.45852;6.45796
8.22541;3.08749
5.01574;3.66838
1.08674;12.1623
4.12993;17.8198
8.01987;14.5135
7.76813;2.1286
5.28973;2.02426
8.72904;17.6383
4.01062;14.6988
0.914584;15.795
2.33743;14.4003
7.08314;1.99506
4.07667;0.632529
7.16406;3.88817
4.29571;3.24516
5.17306;7.04225
3.16632;2.3776
5.35532;8.50613
7.26994;0.970489
4.16296;12.5796
7.74199;5.86218
7.35411;8.06344
3.94322;14.1663
3.85089;15.9077
5.43255;9.53095
6.85135;15.54
2.96562;9.86899
8.76752;14.0846
5.25076;13.8632
8.98637;1.09294
8.55416;10.3189
4.06759;5.44097
6.34823;0.845819
6.97355;9.23635
0.908154;4.27302
1.90799;17.3003
5.0676;0.524191
3.68187;0.0216383
7.34525;15.0655
7.96466;7.55561
3.29823;11.632
2.54779;12.5277
1.7505;4.63062
4.30613;14.0025
0.246889;8.585
7.54773;17.6021
0.451933;5.23064
2.52153;13.6003
3.03823;0.990161
2.41834;7.89277
2.63159;8.65265
3.59653;15.3984
4.58842;14.5568
7.71001;5.86734
5.81116;13.3493
6.71147;0.218782
3.49067;0.518528
6.37324;10.4823
2.57457;3.35875
3.24243;5.64292
5.97188;3.58032
2.62251;12.8476
4.40548;10.2881
4.22397;14.8874
5.63913;13.2846
2.3901;16.5414
1.96864;11.9733
6.96991;13.1141
4.26503;11.3598
0.490727;2.15236
3.35459;14.4044
1.18557;13.6905
7.46146;15.1176
3.08643;2.07207
0.238191;12.6577
3.8575;12.4201
8.11903;12.96
3.63388;7.04902
2.62405;15.7157
1.96822;16.5264
5.50017;8.71664
7.53389;14.9376
1.34495;11.0076
5.02586;11.2199
2.18372;11.0332
6.68615;11.0766
3.71879;15.7435
3.38357;4.36051
6.43054;12.94
3.21629;13.3375
3.79887;14.1476
3.8788;5.83579
4.55379;15.0254
6.4424;14.3557
6.37054;16.8213
6.44103;5.74141
3.76894;9.94984
1.33951;10.2278
1.47872;12.7307
1.72387;7.32489
2.88196;16.82
0.200751;13.2015
7.28175;7.16864
8.781;9.42458
1.05432;5.99458
2.38102;9.70638
1.07108;12.5196
7.77108;11.2497
4.7725;10.427
3.80272;4.28608
4.62411;2.48749
5.01374;16.7861
6.21867;12.7065
4.50695;15.3948
3.71862;12.4616
2.35983;13.2012
5.64084;5.12116
4.20133;7.84517
6.1449;7.96467
8.63487;14.3984
6.97963;4.03179
3.05241;16.1014
8.27572;3.64699
4.67558;8.09644
7.03698;16.9566
6.19126;5.32219
0.722051;4.41001
2.05416;13.8814
8.55826;13.1222
5.63811;6.55376
3.79192;15.9959
0.877465;0.865524
1.55852;10.1576
4.35535;15.4068
0.0611353;7.98044
5.90264;14.0815
6.00612;17.9101
6.09147;10.5637
1.77854;3.53411
0.330056;17.6311
1.24536;13.0426
2.47662;3.93482
8.72632;9.06156
8.90813;16.5692
2.09189;11.0925
2.56146;11.7676
4.54417;6.87785
6.31657;12.2054
8.51772;3.34384
4.80611;17.1577
5.66214;3.41749
6.61962;5.33652
1.6638;7.42219
7.95009;6.88468
5.47815;16.5603
3.25787;13.447
5.80147;11.469
8.69092;11.0556
1.26527;17.1981
4.81236;6.71432
5.14528;14.7476
0.240974;1.37889
1.81275;13.1151
6.79213;2.66093
8.22947;5.19648
0.909325;9.78322
4.30699;15.0579
7.55987;11.9416
2.24004;13.0199
0.413124;15.4364
5.79011;7.34199
5.4417;5.18316
0.405488;10.2652
8.11936;3.34152
4.73166;7.86346
5.02792;1.75387
2.30555;10.5378
1.56638;8.23659
2.82645;16.717
5.44876;4.11183
1.95675;12.7162
6.94753;12.5275
4.88703;11.0148
3.23451;14.2541
3.01736;7.29528
5.84526;17.615
7.31863;4.57392
2.39906;15.4482
7.41958;3.03684
0.394881;6.30247
5.45015;10.8456
4.02817;15.5114
1.6917;11.1891
2.87399;9.0363
4.95305;16.6455
6.57407;13.8196
5.68085;9.04319
4.17353;3.13576
1.029;14.8161
8.69495;8.09272
2.05569;11.0804
3.85384;0.748633
7.82718;12.5058
8.09844;12.4935
7.77131;16.9866
0.397991;8.44292
4.91612;8.85232
2.97716;13.2157
1.0207;11.7023
2.12598;11.9475
5.17391;17.4001
3.88356;3.70951
4.22165;16.1142
3.42264;10.5013
6.46514;6.23518
0.297002;17.0416
8.65781;8.30168
8.89514;14.97
1.40373;15.9871
4.73175;0.350084
7.48689;10.2595
4.3965;6.80603
0.555899;14.7473
1.01084;3.1532
4.22481;6.27364
7.55036;0.797445
2.83687;4.86783
2.25348;14.117
1.49101;11.3522
3.30916;15.9123
8.79371;7.21232
7.47697;16.903
7.757;14.7442
6.93651;0.321457
6.36568;5.33652
0.335771;9.70514
7.798;9.46454
8.25559;16.7078
3.10593;0.532855
0.930502;14.6615
3.40325;16.9617
7.72947;12.4802
1.91478;1.96589
4.29863;6.81156
6.65906;15.2156
2.36193;12.9055
2.21395;1.67778
5.90429;1.9419
8.211;7.68159
1.13168;11.1534
6.50906;2.93489
1.42925;10.6141
6.19972;1.36967
4.66096;0.611301
0.951262;11.1829
7.63639;8.70902
5.07232;12.7317
1.59463;13.9742
7.3488;11.7865
1.39288;10.0157
4.50105;7.50961
2.46063;13.43
4.5937;16.7298
7.68595;7.60938
3.20572;17.6353
0.381369;1.42954
1.28507;3.62123
6.02183;14.9696
2.49545;3.36557
7.79044;6.89343
7.27425;12.8537
7.80122;6.69313
3.7927;0.791704
1.33366;4.28301
6.28911;5.45308
7.14937;3.58033
6.48134;1.22
8.50517;4.15008
8.97492;14.3822
5.87973;6.36127
7.00875;12.5222
3.89541;16.5876
8.07172;1.83448
6.77861;3.13434
2.60002;11.1381
5.01388;1.74854
2.99589;7.63021
4.22083;13.5772
4.21096;11.109
8.9301;3.00014
8.28103;14.1589
3.29024;11.5248
7.68946;5.59081
7.83742;15.3288
0.986526;9.43429
1.84502;15.9905
1.97825;11.4809
7.28909;2.09992
6.65767;10.1354
2.61713;0.515386
1.63676;15.262
1.13196;9.26532
2.44612;10.7056
2.42125;13.3141
1.90729;4.70269
8.15714;2.37666
0.430809;4.89476
6.95071;16.2405
5.24279;11.5762
6.78466;12.4586
1.50527;17.2594
5.22458;6.96703
5.37011;7.02735
4.53348;6.05555
8.58138;14.3012
3.28547;2.43629
5.78162;8.83486
5.85081;16.4555
0.770229;16.5441
5.8848;5.35504
1.6234;10.0839
3.86585;4.10842
7.48933;3.63311
1.17448;7.46422
7.60468;15.9183
0.961424;0.219891
7.58882;12.372
3.59346;7.91786
0.699685;16.2539
6.98671;0.562136
6.27754;2.54435
1.49921;6.11831
5.68961;14.7
2.28689;12.9197
6.62208;16.3434
0.137359;16.491
4.21364;8.00642
1.29969;5.40594
5.81976;4.94835
6.43508;8.84888
1.43332;14.793
4.53439;0.0442745
4.58251;16.2557
3.98107;10.5644
7.25478;3.93554
5.56326;9.06464
3.23995;14.125
7.59148;17.8591
5.4125;1.75674
6.38939;6.06915
0.050062;13.0535
2.28006;8.52741
1.52996;7.15949
6.96667;14.6994
6.05392;8.8035
2.77417;14.9745
2.79825;14.6171
7.50937;14.7615
6.4364;4.98088
3.66296;9.38236
4.45821;0.452456
0.223504;15.3963
7.28871;15.63
7.62771;7.40242
8.69335;10.0342
6.73578;17.4868
2.54386;0.0316809
4.00712;8.14763
3.59559;3.94757
2.42354;1.29902
6.37554;10.3954
8.13675;0.347582
3.50626;13.2922
7.55456;1.88531
0.136561;4.43504
5.63384;9.18955
2.44375;11.7147
3.29293;1.46491
4.67232;3.8413
4.43366;8.73135
6.93775;4.3389
4.10909;0.96322
2.18529;16.2324
4.55542;11.5618
1.08999;13.9579
6.43038;14.9311
3.17667;11.1343
7.63932;13.3658
3.21325;12.3877
7.62558;6.69962
8.41139;8.51883
7.94458;3.71028
1.11676;4.47504
2.5876;11.5782
4.15817;14.0425
1.15476;4.19184
0.19071;10.5277
2.57753;4.752
4.38005;14.2659
8.15687;10.9401
5.11192;11.1745
3.93556;16.5772
2.15439;5.14976
5.97151;10.7353
8.76875;9.19417
8.71744;16.3603
8.8565;15.3241
1.03529;1.94652
0.899546;7.24578
6.76234;10.1154
1.64415;15.8342
7.15364;3.66972
4.18095;1.46233
4.21086;17.122
7.86412;6.73547
5.03103;7.95208
8.95499;17.9332
3.26463;4.21875
2.54148;0.47227
7.47701;4.62046
4.83322;14.3889
1.49038;9.37945
5.85648;5.05134
5.66299;13.5121
6.14856;6.85067
2.81374;15.5854
2.34243;1.93476
0.627574;13.0468
1.69854;9.67687
6.08438;1.12534
8.20617;4.23082
4.53871;16.3223
2.082;15.6067
1.27054;9.24696
8.03947;17.4951
6.93371;7.74539
6.942;16.8482
8.56242;7.59697
1.94976;10.4508
1.55451;16.1967
8.65074;8.73651
6.89104;3.98635
5.33563;15.0372
8.51656;14.0684
3.35705;11.2019
7.59685;5.12643
7.71634;6.27111
1.72437;1.59669
1.93889;5.98982
5.42183;1.95673
2.74246;6.71108
4.85106;1.36892
2.77963;8.82696
4.48294;9.45879
0.638891;12.0749
3.82772;0.579266
1.40571;3.43752
2.28281;13.4827
0.237373;3.59873
4.77552;7.18884
7.4003;6.74474
6.15763;12.2333
6.50792;15.764
6.91499;16.8936
1.87691;6.67362
0.425185;9.23874
6.69235;10.5525
5.30383;0.943963
0.689728;1.57354
5.20138;2.65724
6.82423;0.0582006
1.61825;16.4599
1.74786;7.80212
5.97128;3.97047
5.70043;3.49361
5.57965;8.20146
5.11917;5.47457
1.21737;5.25419
1.61929;16.2647
2.07392;6.99241
2.46917;4.9982
8.11557;0.323032
7.77535;8.8388
0.633498;16.9301
5.20617;11.6698
0.793694;6.0608
5.86398;4.82389
2.26034;15.2237
6.31301;16.4632
0.597071;6.02688
0.978423;12.3534
7.11417;12.1952
8.91401;16.6631
8.72469;3.06659
7.46389;3.59722
5.0295;1.86611
4.29771;8.29014
1.09457;6.14611
8.56447;3.45614
2.53813;9.54129
7.56294;6.66364
7.80104;8.85384
5.74377;2.12276
3.03876;6.11355
0.292996;7.27166
6.07021;2.54284
0.812551;8.36876
7.36902;1.45312
3.51592;14.1874
2.25985;3.95961
8.89232;14.5787
2.91286;8.38005
2.43443;8.01486
7.26308;3.99779
5.7355;1.60241
6.76954;8.59689
4.13303;11.1412
8.72536;1.75359
6.63196;5.52824
3.93357;13.8499
6.39995;2.00757
8.19638;14.425
5.18817;13.1308
7.93906;17.4082
4.6591;2.39782
1.68389;9.10283
8.48827;9.19349
8.74144;3.84538
8.60418;14.009
3.92159;10.6793
7.80572;3.38226
0.638117;5.8775
7.26171;0.72696
3.81555;9.78734
3.1276;15.4982
2.81863;1.05509
8.7529;4.03
7.74005;9.88214
8.58039;13.3582
4.64515;8.47898
7.87801;12.6581
8.79091;14.7326
1.92578;17.0647
0.28897;3.05992
6.53686;8.42111
6.86963;10.6852
5.90169;15.0155
8.28134;8.32679
7.87123;6.19376
0.0570664;3.99766
1.846;5.75139
2.52638;3.1978
4.8907;2.53284
6.53997;8.94218
7.94552;4.37025
8.71058;13.6471
8.51416;17.003
5.18982;2.87989
8.03384;10.9576
2.9699;11.1414
0.689345;1.67907
1.91329;13.1821
8.34728;2.38924
1.75443;14.437
4.2915;3.62299
0.217344;12.275
4.68719;5.48744
7.7364;1.15576
4.01014;10.5528
5.04897;5.91134
7.4615;9.5191
0.779207;13.9513
4.26104;11.938
8.4156;6.58975
2.44781;4.77101
8.86557;6.27432
3.22504;3.55772
0.728189;5.14465
2.97348;4.96523
0.790839;14.53
4.29411;2.01637
4.40249;17.9626
3.7519;6.27778
0.559177;15.5241
8.41526;11.2163
1.71771;13.7535
1.3677;4.99384
4.85242;11.2575
8.46595;8.53605
8.92361;3.82752
6.65353;17.5784
5.05092;1.75714
1.56804;11.5582
3.45089;9.08304
8.26172;8.48346
2.8065;7.11166
5.24991;14.418
3.53713;0.00363569
1.34788;8.19261
7.76386;1.52628
0.70445;0.963159
7.6399;4.14429
2.9785;6.98465
7.70088;4.8889
7.76035;15.249
4.35821;10.8278
7.41367;0.818248
6.29244;17.9634
6.18823;1.48667
4.52323;10.8999
4.98507;14.6595
0.00578275;2.46996
5.53872;7.08582
1.2368;13.7732
7.63921;0.00132884
7.64974;16.6873
0.482244;12.5793
1.41581;6.92149
0.781962;0.233381
5.90519;17.0846
7.74118;2.5268
4.95619;12.3097
1.67252;4.49726
6.13657;15.7215
2.99197;3.31959
4.31071;15.9541
8.98953;8.63298
0.212015;11.0565
7.8594;2.89763
3.41484;12.9972
1.44948;4.12916
5.84227;3.86345
8.35422;14.5162
5.39247;0.272358
7.37477;4.59532
8.67849;12.2319
3.56106;9.26935
3.27081;10.4672
6.8833;0.814744
4.09434;1.75054
2.06717;16.8101
8.8523;4.11339
3.72154;0.128636
7.58494;5.16187
1.51313;3.99957
0.0795438;5.92523
4.06436;11.8436
4.89434;6.83716
4.1799;2.57361
3.55476;5.10934
3.58447;6.4665
8.67062;14.2911
7.86792;5.88286
3.37911;11.5025
3.3488;14.9469
6.6265;10.8319
6.8785;12.9576
7.47266;3.20007
6.54312;12.1152
4.18097;16.1125
8.05739;8.52103
2.01886;6.24351
1.18233;13.8264
6.54034;10.7245
8.2;2.1902
7.9169;5.56894
4.32835;15.175
0.929999;6.39255
1.52895;8.61823
8.9475;9.75549
2.78257;13.148
1.29372;1.32214
4.0528;17.5328
2.26111;3.19183
5.82399;12.8842
0.652164;9.76276
1.70259;5.34205
8.00313;5.76985
0.584226;11.0869
8.24715;17.5685
6.63857;14.3281
2.5687;3.93384
5.75157;6.9974
5.1632;14.561
7.80781;10.2214
3.15826;3.18076
2.68469;8.90395
2.25145;13.475
4.21836;9.02512
8.3334;2.08468
1.95464;17.9711
5.92372;7.31447
2.6566;9.85371
6.54216;6.48164
1.47033;11.5786
3.02505;16.2178
3.95336;11.1875
1.07582;1.40985
0.0924506;12.478
7.98544;15.8005
2.34971;4.2874
0.490645;10.0688
6.59568;5.4842
2.7719;3.62807
7.25466;4.2106
2.85638;0.418597
2.09087;17.5602
3.86653;9.49493
4.70695;2.81738
7.98829;12.3546
7.198;4.02667
5.28618;4.30272
7.60709;12.724
2.85629;15.3991
3.60102;3.68345
6.5998;11.9015
3.98543;14.1809
1.98514;3.16222
0.832546;9.51408
3.39514;16.1744
6.86234;12.503
8.2965;17.9064
6.03162;6.32607
4.70068;3.47714
4.57172;7.37793
7.91585;5.53945
5.7023;8.40405
4.92109;8.61878
1.56403;15.5547
3.00893;10.3301
0.6191;1.21746
2.11578;9.20906
7.69918;8.20184
6.18564;17.0634
8.85796;1.16156
7.61893;13.4406
6.8323;13.8309
6.67351;7.72784
1.07847;4.74838
5.60249;11.3004
6.06315;9.03667
8.41992;5.53091
8.72036;8.68201
7.07484;2.56879
3.11838;2.16754
6.44944;7.47495
1.6925;17.1304
8.342;0.783353
3.66614;11.0553
8.9234;7.0482
6.10842;15.0847
1.2444;7.88145
5.45776;15.8358
7.80464;13.0725
1.29211;8.81426
3.18642;14.7105
8.92547;5.21268
1.12071;17.2917
6.94734;16.3911
0.930225;2.13143
0.279321;14.7593
4.80319;3.94364
6.94488;8.29039
2.3635;3.22205
0.672837;4.57379
5.13513;13.5625
0.829226;12.7591
1.72198;12.574
5.29745;1.05324
3.82322;13.1791
4.93375;14.0193
4.94481;9.71844
0.615976;12.131
4.50505;15.1266
5.26107;10.8706
8.62903;11.0808
3.81494;8.86445
7.51221;3.51965
8.57742;1.75142
3.37085;0.500512
3.16261;17.012
7.03151;7.98366
5.88551;17.507
1.27882;4.36591
0.280117;10.2041
8.77251;10.4277
3.11167;9.43464
1.07309;7.4553
1.78284;11.1563
2.29097;14.0878
2.01342;3.84
3.58431;11.6567
6.35222;4.19305
7.58819;11.8593
2.97223;3.91809
6.1799;12.2697
1.46502;8.42283
1.12667;14.7011
3.96491;4.81098
0.533487;8.49005
7.50753;0.611989
0.458896;3.23841
5.02331;3.06397
5.34685;13.6123
7.11013;15.2756
4.85007;0.247105
0.557822;16.8688
5.95192;13.8201
1.5309;9.08022
3.83969;9.00627
6.49915;2.03918
1.63797;15.9283
5.231;5.52929
6.31471;0.391825
5.17013;13.6964
4.44094;7.35533
7.15419;9.79967
5.29687;6.355
6.43182;3.28744
0.983653;9.08391
0.281541;11.6674
4.66551;1.67872
5.2681;3.23484
7.74941;13.598
6.15753;5.1782
2.30213;7.31336
3.60869;7.88021
2.62085;17.6794
6.70475;17.8711
0.0356043;5.74976
6.78375;8.95309
6.55254;9.87588
0.376377;5.69882
8.11544;13.6164
4.49313;0.198186
2.35015;9.54934
5.93281;14.0313
5.61403;4.40182
8.63308;8.72688
8.99991;11.5812
6.95254;4.60408
0.447289;3.12245
6.24214;6.13629
1.40092;7.89378
3.0037;2.87304
6.82177;1.57492
5.91306;8.74863
5.7254;12.5789
7.22372;9.68167
4.09764;5.4337
4.93993;12.8956
7.49152;3.74549
4.46345;8.2111
4.07366;8.19305
8.46899;8.14713
0.887135;12.8431
6.37561;2.66885
7.98275;7.2355
4.40257;0.767339
7.56464;14.8125
1.82019;10.7728
8.19373;15.4665
0.760722;9.83826
5.0227;15.9689
0.759965;0.240673
1.70129;11.3998
6.56813;0.385627
7.57264;4.06315
4.29836;5.29259
6.1281;7.53471
6.71986;14.0305
1.18888;8.19093
8.34966;0.343263
7.71322;7.50446
0.555301;12.5557
2.1585;4.75098
2.66426;2.70447
1.10875;6.84997
6.27136;12.2629
2.40943;14.0627
6.25178;8.22145
3.73122;7.63981
4.30354;4.60772
5.85148;17.2038
4.95016;5.95917
3.36925;5.34004
0.994822;9.11627
6.76548;0.688965
4.72976;10.9574
4.09671;10.5701
2.75656;12.5104
7.66056;10.8416
7.60745;17.5386
8.84581;9.75761
5.90075;4.51047
2.91013;6.30505
6.36596;13.2827
6.97243;3.339
8.94522;7.64783
1.2714;9.79074
6.8035;9.28131
7.56539;15.5966
0.198786;10.6617
8.14281;9.8571
1.80958;6.47904
1.21362;9.13226
0.494731;17.7483
0.986951;16.2044
8.64348;1.66551
3.98098;11.0884
3.08799;13.7822
8.69675;0.907904
4.53247;13.3384
2.12345;8.95537
1.4931;6.7897
0.373058;16.5932
8.0355;15.8769
7.09492;16.4686
4.26932;12.4755
4.16284;12.1578
0.477246;10.7529
1.64503;1.94396
5.25063;5.26396
0.0741555;9.78821
3.46474;8.11028
1.43833;13.1055
1.94626;2.27016
7.00668;12.9575
7.80426;0.260258
1.95641;0.594717
3.52498;4.65894
8.59396;5.12096
1.26792;13.3778
1.79477;11.0745
3.92661;11.9152
2.61614;8.80771
2.33406;8.52234
5.37583;15.1694
6.89315;10.9
3.4788;2.71577
0.505128;9.83425
7.91061;4.90277
6.0522;11.8346
8.93011;9.71293
6.04742;3.77306
5.15382;1.1448
4.216;9.49556
3.13288;10.9678
2.43666;9.85529
2.02116;12.7265
1.88525;9.27461
1.76712;8.43863
8.89847;14.2859
2.80401;13.5832
3.59294;12.5656
8.14951;8.19615
2.19993;14.1202
6.54946;16.5043
3.97741;12.9591
4.1086;2.04967
8.3661;0.524839
1.59723;7.1642
5.0102;9.46023
0.0660189;14.8937
0.657761;4.17436
4.81013;5.08603
6.72449;13.1545
6.76233;13.2459
4.72021;1.13268
4.41458;16.6263
6.84914;7.12818
3.41123;0.098144
1.62421;1.92137
8.30121;11.2032
7.44025;6.81961
6.62646;13.6127
3.67222;16.4474
1.38845;17.3648
3.95381;2.90894
7.12928;9.22313
3.54165;5.87882
7.15458;2.53228
0.516659;9.83383
7.8891;10.4737
5.48325;6.60736
4.55002;6.66479
6.86777;15.9225
3.38147;16.984
8.92193;5.36534
5.0936;14.7244
6.09247;5.44013
5.16854;1.52939
1.94376;13.114
0.447116;11.7951
8.01146;15.1528
1.50913;5.10623
1.5158;17.3274
3.81925;4.06493
4.58062;5.4167
7.26933;2.12775
6.01203;5.6387
4.39627;7.7596
1.7806;15.5555
3.37178;3.40505
1.4604;16.9308
0.064709;15.1058
2.18545;10.4665
8.31757;8.25841
2.79024;17.5294
1.02677;3.60339
7.34108;5.07179
4.35481;17.7138
2.19961;16.3481
1.88935;13.5605
1.88241;0.317364
7.84411;15.7889
2.97803;6.48076
2.77424;9.51726
2.01811;12.292
6.46115;6.95704
5.61141;13.0517
2.0314;15.5937
2.75911;2.69794
2.92606;11.0987
1.11366;7.90565
7.35104;16.9095
6.48872;5.4117
8.31163;17.3767
1.87991;2.40197
6.46857;7.52466
1.35966;10.6254
2.65677;8.67539
8.55306;10.862
0.0963265;3.14234
2.57704;13.115
5.04969;16.3769
4.08334;14.1622
6.9853;13.6849
8.43005;1.82272
3.3918;1.08742
4.86419;3.48568
8.99845;4.70583
4.44869;16.6202
2.04125;12.6572
0.511067;17.0196
1.09094;3.74146
4.82249;7.49542
6.20843;8.7511
0.178723;12.6095
5.94672;5.51152
3.86224;3.99281
1.94421;15.8912
0.0774879;17.859
5.78804;17.0151
0.840872;0.35967
0.0512505;11.4101
1.92268;0.0994078
8.05797;12.7427
8.35979;2.19844
3.69998;17.7417
0.609036;9.58182
1.74159;10.8631
8.53862;15.9
0.807077;17.4347
5.25477;13.5076
2.4731;0.234021
8.7502;8.83462
8.06259;17.6554
4.34682;9.70126
8.33523;10.3754
5.03046;16.773
1.89275;13.9063
8.43618;1.90145
4.32451;15.5919
2.04995;16.049
7.66683;5.31797
3.8154;0.816829
8.09051;6.70803
8.35843;17.7952
3.07136;9.22641
6.65138;11.0889
4.73022;12.8032
0.961775;7.58562
6.22927;10.6172
8.64344;11.129
1.49629;9.3478
4.95098;6.77809
2.62704;8.77432
4.33977;13.9031
3.18313;12.7794
5.97603;3.69991
0.0487024;1.58285
2.25837;16.2784
4.14544;3.2336
8.0368;14.4336
6.23001;11.3764
3.76126;3.92045
3.08977;9.44608
5.75303;0.638083
1.03164;10.7929
5.88354;5.05585
1.07037;3.66903
5.91697;7.39481
6.22167;2.51348
1.64895;0.809607
7.64646;15.25
2.25476;15.3903
8.4164;9.02626
6.83437;7.12368
6.12993;11.7424
1.77864;6.71988
2.55936;11.0798
5.32016;11.2983
1.26295;4.14639
5.96818;4.58916
7.46966;5.70343
4.82251;17.0801
4.68623;3.47895
3.23743;3.81581
2.99621;9.77275
2.31271;3.28533
3.51135;9.13494
0.337825;5.85551
0.0805984;14.3444
6.4896;12.4211
4.04337;16.5365
0.570469;13.2055
4.80815;11.7813
3.25187;12.1422
7.96383;0.440104
8.36567;12.867
3.07177;8.37635
5.97351;15.516
5.92765;0.421889
0.665909;17.8477
5.09732;5.95724
1.56653;17.2173
7.54609;3.8087
2.53643;15.2534
0.0765496;0.0520479
4.83722;8.23985
8.29426;10.8154
1.72266;8.20482
2.29832;9.94908
1.1735;2.52429
5.19459;1.07834
7.69563;16.5327
4.72735;9.33829
7.02436;3.31
4.88009;15.3805
1.57886;1.95482
1.66889;6.29077
0.586086;0.429954
5.04974;6.24503
7.84166;10.2526
3.14854;7.35776
0.246213;4.8856
0.0865665;3.93775
6.54521;4.76977
6.94341;15.4374
3.64703;6.27601
8.25788;4.68532
2.40436;7.97046
7.01181;0.857452
5.64023;5.7838
8.119;14.4382
3.86931;1.57577
1.36447;8.91079
1.00286;12.8284
7.57791;17.6891
2.5405;3.4529
3.52341;5.57342
4.16925;7.21995
4.75559;3.42892
5.99486;5.39801
0.433167;1.28377
5.83701;17.3821
2.98455;16.4827
3.67627;1.99271
8.6701;0.633002
3.88825;15.5782
7.53559;15.5151
8.57698;17.8001
3.21296;1.15968
6.31427;3.58174
0.424365;17.7095
3.51732;7.89554
2.64148;15.3731
7.55774;14.7941
0.401024;9.1052
1.09607;1.66838
5.19449;13.8662
0.525237;16.3581
6.17446;8.40302
0.175384;11.6891
4.51801;8.12727
4.63365;6.1072
2.8212;8.42126
2.95366;12.0683
4.79047;0.535862
7.82502;10.4297
0.122702;4.68468
0.162606;5.52837
1.02891;15.4407
1.16126;2.85986
3.27295;4.51466
2.26412;16.9349
0.190412;5.57872
7.64647;12.7297
6.99087;15.6437
3.20942;5.01776
2.88549;15.6861
5.56248;11.4134
3.0537;17.0323
2.74084;15.6883
8.78407;3.13173
4.05901;17.8135
3.90821;8.44322
2.67096;9.87423
2.94196;7.66443
6.36704;12.4298
6.08954;17.2623
5.68235;12.5599
2.42052;8.65764
3.64482;0.822785
3.15067;13.7085
2.92027;12.0723
5.69732;16.9655
2.74284;17.5021
7.99889;10.9674
7.5952;15.5659
7.04955;5.30841
7.68974;3.91551
6.87582;2.72139
6.89487;1.63556
5.19291;8.52383
7.03269;4.5649
3.89308;7.43008
8.5624;12.6272
8.04386;6.41446
6.725;4.38906
1.06148;1.29054
8.23069;13.5176
0.128024;3.94706
6.50982;16.2538
7.45722;10.21
6.90988;11.0135
7.75923;11.1992
7.46452;11.2701
6.96032;10.7188
6.45282;6.30645
0.621307;8.97103
5.43567;9.02878
8.20056;9.99616
1.82799;14.4888
8.20531;17.106
0.438943;0.533565
0.198257;17.3393
7.02558;0.652561
1.64316;9.07081
8.4532;0.200754
0.640425;12.7262
5.60714;16.7993
2.9627;8.14333
5.03469;1.84604
0.431058;4.97503
4.07624;2.10473
6.97303;1.02384
5.56675;12.3472
5.51;14.7895
4.418;9.43061
6.94773;9.71389
4.98209;14.292
4.52657;6.01533
7.47227;12.3395
7.54307;13.8509
6.27011;16.367
4.28855;5.75451
7.58315;14.5025
6.94892;7.23568
8.17427;14.76
6.10536;6.50103
8.43235;8.15678
3.76243;9.9982
1.25198;0.54486
3.39384;11.34
4.98773;2.68315
1.52692;1.93964
8.48757;12.107
3.97749;13.9197
3.22323;5.04111
4.8853;0.986679
1.70405;0.347709
3.37059;0.57439
7.42511;2.63903
3.90504;13.1988
8.69949;2.02079
0.849897;16.2637
5.08878;9.22466
4.13094;12.6815
4.88476;15.0496
3.01073;1.74499
8.86636;9.0753
1.84231;16.7078
1.59114;11.6396
6.31376;9.62874
8.34035;4.39812
5.30771;2.08881
2.37292;17.3566
1.3316;1.59605
0.99782;10.4733
7.3974;1.39463
6.24703;16.4946
8.82915;4.67161
3.85963;7.92018
8.67656;17.4888
2.48487;5.37459
0.616889;4.70246
7.22495;4.91841
1.70515;17.6322
8.279;16.0378
4.63046;15.2387
1.21797;1.87634
8.66376;7.18178
0.616476;1.99071
4.38891;3.22859
6.23199;5.57264
2.31161;6.95803
2.03362;4.28153
5.81482;11.7865
6.10086;10.9828
5.63765;17.1715
8.17868;12.5091
1.93696;12.8072
8.71374;7.28422
6.21971;15.9855
2.66102;3.70035
6.6121;7.75799
2.78834;12.5517
7.46988;6.80964
7.27121;5.7176
5.01912;9.0064
5.64512;14.6615
7.98221;15.3575
0.471489;9.59407
4.57199;13.1447
1.28842;2.41927
6.15807;0.934189
7.46417;16.1901
6.87072;14.3558
2.73714;8.18086
6.17065;10.7963
5.9406;7.5655
0.277161;17.4579
1.0586;15.4941
3.13377;16.6596
1.60584;16.3058
3.83301;14.5019
6.48361;5.63045
5.92969;13.9102
7.61226;3.00337
4.52744;17.8013
2.71132;3.37103
0.367768;2.35098
0.780545;14.477
8.3534;7.03537
2.32892;11.0481
8.91585;16.539
0.306801;0.386028
7.99847;2.73081
7.94006;4.26448
0.695218;1.09181
1.28512;9.05646
7.79686;15.5375
7.34346;9.45312
5.72383;11.9114
6.22824;2.50254
5.85639;17.8791
2.93678;12.4483
1.11505;7.43465
4.46264;0.936899
7.23501;13.5831
5.9925;14.3017
6.06108;12.5986
7.34388;10.1191
7.66471;12.5679
7.19179;16.7199
6.82984;16.9538
3.88816;11.2534
7.24564;4.46322
1.35327;7.93893
8.18732;15.163
5.22073;10.0874
7.52107;16.315
2.26787;17.2722
2.87484;13.461
0.104567;2.21971
4.52207;12.1941
8.26072;3.1663
3.39637;13.2092
6.6427;4.12216
3.88854;9.66898
1.42101;3.43677
4.44971;9.21578
5.25869;8.48188
5.31087;10.1196
5.0404;9.59416
5.2413;8.5326
4.03915;9.34692
3.80794;9.14391
4.74988;9.07456
4.03871;9.27777
4.87052;9.7446
4.00365;9.17338
5.66677;9.40935
4.03461;9.53816
5.45897;9.57155
3.92736;7.93791
5.52979;9.57706
4.85368;9.58848
3.35894;8.96456
5.00804;9.59935
3.85872;9.04934
3.43195;9.09787
3.69626;8.43988
3.54178;9.64614
5.21444;8.78049
4.22391;8.88497
3.82509;9.42756
3.35835;8.29186
4.13691;8.59296
5.53002;8.39588
3.46451;8.25738
4.03379;10.1943
5.53445;10.0875
5.08278;10.0934
4.35203;8.89082
4.99273;9.41074
5.64016;9.62468
3.80861;8.13642
3.36456;8.55039
5.48256;9.779
5.03088;8.50647
3.96397;10.056
5.63402;8.52232
3.64783;8.57093
4.81527;7.97786
4.66681;9.47978
3.93524;9.9006
4.97408;8.26968
5.28807;8.85686
3.66307;8.44009
5.44768;9.85581
5.55084;9.88785
4.78049;8.15944
3.32427;9.34505
4.40983;10.0068
4.42405;8.24071
3.81329;9.58802
3.59668;8.24732
3.41034;8.44451
4.51825;9.42562
4.12237;7.98506
4.2054;9.25761
5.58565;7.97948
5.2273;9.67372
4.53634;10.0904
3.41381;8.78403
5.24617;10.1646
3.97187;8.82666
3.62409;8.49614
3.47171;9.23392
3.80296;9.09576
5.17463;8.81626
3.98378;9.97131
4.76357;8.59412
3.71582;8.08182
3.31974;9.03819
3.76687;8.72514
3.59581;8.15253
4.40462;10.0231
5.52624;10.141
5.41347;10.1401
4.22499;9.45964
5.6047;9.39686
3.5863;8.02879
5.59299;8.25801
4.96271;8.19596
5.05377;8.93734
4.71221;7.83755
4.20865;8.27579
4.13167;9.12447
4.0576;8.6514
3.46266;9.02448
5.07654;8.25847
4.877;8.28116
3.58157;9.20325
3.72212;10.195
4.6433;9.1471
4.95468;9.048
3.84396;9.74098
4.77679;8.23695
5.69899;8.5395
4.13291;9.55276
5.17684;10.0451
5.0903;8.18549
3.62091;8.02197
5.00996;8.87851
4.37338;9.67262
5.60299;8.24992
5.63109;9.27999
4.23107;8.01266
3.78324;9.15319
3.5077;9.62654
3.60029;9.66239
3.97454;8.64425
4.70337;9.95133
4.5812;9.20236
3.79083;9.91411
4.05512;10.1677
5.25923;7.94542
3.65315;10.0801
3.6674;9.86311
4.25865;9.24077
4.83573;8.66164
5.19069;9.26682
5.64163;8.22176
4.97948;8.22487
5.07495;9.68719
5.5514;9.87525
4.64957;8.32594
3.8195;8.15294
3.57727;9.6007
5.05531;8.5681
4.81481;7.91043
4.03577;8.87404
3.55585;8.88892
4.25418;8.42325
4.05203;9.71283
5.36402;10.0878
3.67446;9.35471
4.65459;8.11609
5.27647;8.43407
4.04095;9.15143
3.42126;8.39236
4.32668;9.27083
4.4183;9.34618
5.12378;9.19557
4.24688;8.97909
5.46368;7.86169
4.58951;8.29944
4.43573;9.34536
4.88837;9.88991
5.46861;10.1404
4.90274;9.63263
5.52817;9.7772
4.28734;8.98275
5.59329;8.36381
5.11683;8.43424
5.21524;9.73809
4.5266;8.34192
4.30892;10.1449
5.38809;8.2327
4.64048;8.43497
4.91179;8.90415
3.99666;8.3013
4.9036;9.6324
5.34666;8.59197
4.82231;9.61527
4.03237;8.52505
4.5479;8.36054
3.60225;10.0352
5.04329;7.99554
3.69905;8.96012
4.12978;10.1143
3.9982;9.85638
3.75621;9.50712
5.30128;7.94431
5.43983;8.74176
4.07928;9.15161
5.34592;9.27594
5.15291;9.04952
4.20834;9.29957
5.34148;7.83065
4.21483;8.17385
4.0557;9.96273
4.23439;8.85795
5.29797;8.07768
4.55349;10.197
4.73779;9.88327
5.61131;9.936
5.03965;8.16753
4.74312;9.14093
3.81183;8.98295
5.58269;9.09111
3.43456;9.72861
3.66706;9.78747
4.07812;9.0754
4.38703;8.21961
4.60605;9.80187
4.09346;9.86175
5.0646;9.52784
4.0197;9.16257
5.30552;9.77319
4.65959;8.84331
4.95646;9.0709
4.07931;8.7961
4.93843;10.0224
5.63703;9.95026
4.30538;10.0197
4.34138;8.93994
5.04833;9.20843
4.02741;7.92646
3.58383;9.61445
3.84606;9.38988
4.71631;9.13952
4.55164;8.58091
3.96736;9.77134
5.44348;8.07288
4.84453;8.90307
4.6162;8.60099
5.67398;9.89551
5.09709;9.41241
5.21794;9.53412
4.66267;8.32333
4.85385;7.80405
4.96327;8.70218
4.71248;10.1907
4.32863;9.49631
5.10513;9.3747
4.18619;8.62144
3.81421;9.93783
4.90235;8.98157
5.00917;9.14584
4.75446;8.6537
3.34891;8.17065
4.95469;7.82289
3.36616;8.85178
4.93529;9.7841
3.6859;8.39796
3.40743;9.73975
3.90201;9.5707
3.74193;9.81449
5.06139;9.27056
4.6108;8.96651
3.94526;9.99699
5.28796;8.95947
5.23481;8.99031
5.64104;9.04398
3.43615;9.1955
5.39768;7.98506
5.06615;9.15237
3.50794;9.63231
3.30414;9.64323
4.71642;8.19005
3.3412;9.32385
5.62979;8.44321
4.19455;8.17172
3.5577;8.05594
5.14228;9.36849
4.72245;7.88754
4.66548;8.81041
4.54701;8.7003
5.50072;8.98806
5.44428;10.1369
3.48356;9.64196
3.42192;9.74971
4.09432;8.12986
4.68202;8.59847
5.4731;8.19843
4.48851;10.0143
5.22228;8.91831
3.7575;8.21683
4.79003;8.5152
3.97277;8.73231
5.58369;9.89523
4.31986;9.04917
4.00564;10.0669
5.44947;8.30636
4.35492;9.69375
3.74322;9.03848
4.6357;8.36514
4.08819;9.93002
4.19501;9.9702
3.82849;8.4681
3.46864;9.51701
3.7824;9.89092
3.73531;8.7399
3.40775;9.72534
4.9551;8.58053
3.75766;9.33879
3.77576;9.27751
3.68796;8.98139
4.64438;7.93743
4.98775;10.1993
5.33117;9.93097
4.53779;8.76687
3.59612;9.82597
3.9969;8.99112
5.09618;9.02539
5.15922;9.76482
3.84239;10.1416
4.95574;8.77771
