3.32621;0.951909
0.987113;8.12603
11.7409;24.3634
4.74873;6.29017
11.3112;21.7386
10.1971;2.64465
8.4406;16.2148
3.97325;24.1712
2.27833;21.1756
2.44085;18.1119
10.3117;0.625159
11.2924;14.775
2.29859;23.2142
1.78988;20.3321
7.19533;5.30505
3.97042;22.7967
2.88783;10.7413
2.27202;5.69552
4.20219;15.2116
5.53185;7.61232
5.05395;8.07949
4.73399;3.23819
11.2127;18.8657
0.650495;3.23065
6.48058;6.69791
9.85039;10.3833
3.37988;19.8095
11.6115;12.3034
7.85709;3.03642
3.06253;6.61359
3.84991;15.2381
1.57397;14.5984
11.9905;8.33299
9.36644;9.08413
10.8667;6.27963
7.70605;8.49485
6.62729;0.95342
5.41525;12.6534
9.14728;13.1424
7.3311;7.86036
9.15708;11.2266
8.42016;1.16342
2.32431;17.402
6.21543;22.0597
9.43314;20.1022
1.23383;2.77993
4.31091;6.08356
8.02078;9.31968
6.65379;11.6723
8.49406;11.9612
8.28551;9.10025
9.44124;6.31105
4.64016;6.18906
8.75282;3.87277
8.92223;8.84849
5.41529;13.1718
9.26541;3.97682
6.61628;25.1111
9.86717;1.80204
9.77112;15.8173
10.1097;23.8441
8.58335;5.24458
1.81274;9.97561
6.72197;18.3442
9.99135;6.96806
1.98708;13.5998
7.41615;24.7614
9.18964;0.121994
2.2848;12.8753
1.84374;24.2819
10.0264;15.7279
5.28635;15.7989
9.09449;25.789
6.88151;15.0836
0.734335;10.0807
2.26196;23.4953
3.65757;23.4982
1.26458;11.8524
3.44944;17.3042
1.93685;3.12169
11.2026;8.50185
7.71763;14.3406
3.35225;10.6324
6.67503;12.2136
10.8497;18.4573
4.84409;19.2316
3.7778;21.9493
4.16791;1.88995
10.0331;23.9404
7.83394;23.3294
3.70204;21.8744
9.6114;15.9458
8.9412;23.5646
0.829929;0.846384
6.86253;5.9947
1.83142;13.1411
6.69072;20.6896
0.683833;21.7598
2.45633;15.9442
3.68002;2.8298
3.87763;18.4689
10.1822;16.5868
6.65455;5.09186
8.52772;10.1565
1.3995;9.45026
3.45501;11.0533
2.45756;2.31056
0.461151;24.6973
11.9424;2.79734
11.7894;14.744
4.05786;3.51177
0.870037;23.2886
11.1699;3.36672
8.79155;3.52342
8.91273;1.02173
2.93226;1.71246
8.99567;2.41462
8.4458;7.90881
3.46453;10.7759
8.33783;10.5387
9.33517;25.5511
9.96557;25.5509
0.85925;22.5912
11.1915;1.7369
11.7178;23.7919
7.60657;8.1806
0.601704;18.366
2.52424;25.5051
10.0305;24.5175
1.39777;15.0436
11.7874;9.38172
7.73358;19.0299
5.44447;9.05531
0.433248;19.3028
9.15289;19.004
1.77302;14.0575
8.56392;25.4336
6.28079;20.4169
10.1653;11.8566
10.2248;21.4134
4.45316;12.6347
1.65877;10.9522
2.308;9.06319
4.82644;0.733365
3.4988;13.4858
7.28169;7.12
10.5542;6.53308
0.0691834;8.66385
7.19464;1.0886
0.907692;9.41964
9.27351;5.80821
10.8356;12.6478
2.4193;11.0855
3.26059;1.26664
10.5886;3.21837
10.4677;6.59059
7.31678;0.274033
8.09668;20.8537
4.30949;2.00008
9.96326;16.918
7.14732;11.364
11.0944;12.3534
8.26021;24.1879
9.70026;7.48551
11.6661;22.9839
7.80238;19.3691
1.28866;14.3823
2.77699;8.03391
11.7543;13.0814
4.29256;22.4098
7.52298;5.98059
1.38479;6.15282
2.88675;20.5432
0.464544;15.5918
10.4046;22.5936
3.00453;12.0291
3.67274;4.54777
11.2535;25.8547
1.2626;19.3997
3.38781;2.01209
7.56166;24.2454
9.86822;19.1757
5.82815;1.39796
0.558282;12.0954
6.68279;10.5102
3.92547;4.77918
7.61112;11.5056
5.04554;22.7454
2.79173;11.9385
5.69411;2.592
3.93788;18.847
6.74821;16.4897
10.7976;13.0036
7.54358;0.13043
2.95539;23.6847
0.988854;22.787
10.1216;23.5237
7.36738;8.55773
11.5023;17.1723
9.5322;13.401
0.776507;3.15829
8.39086;18.1732
6.76793;3.11219
6.88549;20.7126
6.94647;1.2558
10.756;23.5828
9.27823;11.9257
6.49498;17.4976
11.5059;4.41688
8.13603;5.3327
0.96995;19.7706
0.978299;24.0316
7.98196;18.0823
3.04125;16.2159
4.27134;1.24248
1.66934;10.937
2.03112;21.7971
1.43547;19.0646
11.4966;18.0288
6.35871;13.96
8.90056;11.0818
5.32742;13.3874
10.6189;25.6152
2.25463;21.9369
1.86096;22.5131
0.585948;6.13363
7.51555;3.3892
1.92243;7.57794
9.90992;10.7546
10.9818;4.72607
5.53713;1.41071
7.22911;16.3979
10.7113;18.7733
4.3673;22.1171
4.98554;23.2397
4.65094;4.08656
3.84068;21.6198
8.0649;5.32898
9.80075;22.359
0.584235;25.267
8.71019;2.5354
2.49261;9.15577
2.73443;9.56592
7.72325;1.3961
9.37872;14.5275
2.82562;6.31766
7.35611;21.7852
10.4841;13.146
6.7193;6.17802
4.27527;25.3605
1.5774;19.3401
1.59095;11.7392
6.90456;20.921
7.87761;10.1948
7.97539;18.334
4.36701;10.1521
9.63203;14.8625
8.91132;0.793989
11.2747;10.0416
1.01081;18.749
11.3396;8.31226
11.5692;14.5073
1.89115;21.7822
0.76309;18.656
0.9047;10.9165
8.31531;5.37788
1.96457;21.4636
7.90018;19.2165
7.56212;8.18521
1.57444;7.66459
0.239633;12.8731
8.22309;21.3886
0.801069;11.1245
10.2381;0.164076
9.76898;24.3727
8.7291;19.7352
3.08536;17.9797
3.80426;10.7824
6.35162;9.89592
1.58697;15.722
9.60571;21.4549
9.73842;25.0689
7.80854;12.217
8.43941;7.30309
9.41639;21.6967
6.90816;20.9214
3.9553;6.78437
7.52768;10.3055
8.26565;12.4926
4.8321;13.075
5.01473;3.3826
3.1432;17.5502
9.85952;15.0528
1.07659;9.12414
11.5148;5.77105
11.4675;19.7611
0.56584;19.9461
8.69079;18.1445
2.84449;11.1154
11.745;0.565242
3.14405;14.4153
9.9169;15.3819
9.78444;11.7966
11.8557;13.1085
11.2104;10.157
0.0847237;9.15441
6.24902;6.99382
0.325197;8.90184
10.1754;3.03721
8.31968;20.9954
4.06535;16.8722
6.81067;10.0343
4.99304;7.58649
1.00557;16.9813
8.63166;1.62631
8.09841;25.514
7.4038;13.0332
6.87506;11.2412
11.4599;14.5834
11.2383;23.119
11.4186;24.5333
2.8954;12.2799
2.55097;6.97796
9.77618;1.57374
4.62239;13.2077
10.4165;18.8234
1.88301;11.3256
1.31894;14.8981
8.72864;5.03643
2.71357;11.614
3.07511;23.4259
5.136;22.7043
4.82729;0.0239683
3.66715;9.2889
6.74185;6.2952
2.95747;13.3477
2.22853;12.6812
11.8281;10.3556
9.07347;20.8092
5.50584;3.67437
3.70013;8.49842
10.3836;12.0968
9.14953;25.3555
0.459174;12.736
2.02705;6.87427
11.2385;11.0547
1.98472;9.47801
3.58107;14.7593
4.38553;15.7045
11.0992;24.1093
10.1537;4.45611
5.28783;0.828157
7.90954;11.0845
5.16173;10.7965
2.72019;23.1131
6.67887;13.9107
2.58992;10.9687
0.00345261;25.4355
4.76502;1.00236
5.61762;14.7161
3.63537;10.5215
11.8942;12.1769
9.23055;7.52982
0.43209;3.5015
10.7235;24.9844
0.743453;19.234
1.58794;13.0678
9.25944;20.5779
11.1472;5.24587
2.48049;4.04605
1.08874;19.8453
8.28773;7.97042
2.22184;17.9642
3.4181;15.1382
8.75381;19.5774
1.77892;0.843215
1.8918;3.62515
6.00926;24.0984
5.14845;13.9563
0.738425;8.38926
5.97263;3.21074
0.749186;16.3813
7.51317;21.6854
5.05806;14.4308
0.429802;16.3335
8.52779;3.29017
4.69792;10.4336
5.1972;14.9928
1.1067;18.6665
1.90661;21.3644
5.65102;7.98532
10.2497;16.3428
5.35868;9.22771
6.66517;22.7654
10.7003;16.0411
2.37909;10.1247
8.88547;6.77793
0.233505;9.53037
1.13691;11.4651
11.059;3.39454
0.830116;16.4381
3.08525;11.9774
0.402318;17.9453
0.447787;3.26954
4.89774;5.10119
11.3695;22.8557
6.03993;20.8416
6.09158;24.697
1.87815;1.63962
9.90573;1.2533
8.16034;0.617111
5.25137;10.9326
3.4131;11.8839
9.44444;9.85835
10.7764;18.4242
6.11672;25.1475
4.09026;19.9376
5.13459;9.73391
5.48441;12.0952
6.00159;22.4947
7.93677;11.6374
8.93092;4.28286
2.99032;6.54875
1.37531;10.5484
3.77925;24.4422
5.44692;25.8691
11.5659;23.1796
4.98539;6.4544
4.18317;5.26464
7.52896;6.41249
10.9333;3.56563
2.56617;6.55101
10.8476;16.685
7.51612;9.38612
1.28314;3.28837
2.71421;19.9765
6.88882;25.2311
11.1966;21.4048
2.66763;1.23916
2.74761;13.9682
11.853;17.7548
6.38647;24.7408
6.89281;24.639
2.39777;23.998
1.8017;21.5079
2.03559;1.59248
11.5724;9.97047
3.75853;22.5768
0.302516;24.4284
2.7521;3.43558
0.792359;11.8437
10.8056;16.6426
5.11145;21.6714
5.56032;16.8547
10.5741;18.0005
2.22597;22.5919
4.50245;18.6603
9.84586;24.6897
7.9843;0.527865
10.4712;21.203
10.1704;1.09814
10.521;21.1093
5.10859;4.93897
8.16281;11.7241
1.55418;23.649
6.99676;5.08416
4.38124;12.5717
10.0277;20.5675
3.80449;7.77407
5.27177;5.1536
11.896;16.2451
0.805634;9.52989
4.11018;23.0782
3.79368;0.204702
10.8951;4.90733
9.88048;19.6419
2.77175;18.2032
6.80825;17.0741
10.681;6.4373
1.29145;0.509536
1.88598;17.9578
2.58171;13.579
2.09053;1.32041
3.75991;12.7726
4.19746;19.5686
8.27361;8.86907
4.52942;19.6717
8.49183;18.7191
7.73074;0.618589
8.73407;14.356
2.55042;14.3315
3.69135;11.5314
3.01602;22.7491
1.20252;3.67687
1.47066;5.40362
1.93219;7.27273
10.7822;9.7801
9.62387;1.8909
5.12331;2.99817
6.76775;20.195
10.4155;6.58961
1.41419;6.38056
0.120604;21.463
11.5845;17.0112
10.1915;18.0235
2.47721;1.60753
2.93309;13.3652
6.06412;12.8897
4.66816;15.7444
7.64613;13.3008
9.76062;20.753
9.49547;18.5094
2.09221;15.4252
9.41553;15.6336
8.50311;9.06378
4.53629;14.9902
7.22464;12.8927
9.86343;15.9147
3.85649;20.4704
3.19659;4.43735
5.76644;12.2932
2.78995;18.849
11.8424;19.1838
2.64865;9.7728
4.1207;22.3054
10.6493;4.07619
7.87309;17.6471
10.4241;21.5915
3.26415;16.9859
5.18082;25.4957
0.0229453;21.0538
6.68581;15.7031
3.6676;9.85669
2.59284;16.3022
1.99714;12.5438
9.5721;16.8211
11.4632;0.784428
4.46311;24.4954
9.21611;15.4088
3.81611;2.89641
5.40654;5.34182
3.21812;2.77254
10.6103;3.55821
11.2449;4.06123
9.48191;9.58914
1.64167;20.5939
2.14288;18.0429
4.75245;12.5894
0.876721;15.9148
1.33456;6.2267
1.13471;23.6311
10.6374;1.29554
11.2687;6.71787
11.9035;18.3838
10.2123;8.05923
9.82161;7.84086
6.1851;2.25277
4.89849;10.39
2.68199;8.97742
6.66978;0.35513
8.56918;18.0081
9.66877;23.2095
4.63892;5.24596
4.52253;11.9506
9.7665;12.6904
8.3895;23.6193
4.76375;15.2251
11.4992;8.73698
10.1275;24.7058
0.517259;18.0696
3.12233;22.4009
11.9587;20.1661
11.3786;10.5239
2.10279;4.46464
9.00059;19.0072
2.22451;12.0678
5.08401;25.7688
4.28183;21.0664
2.31449;19.0761
3.23857;0.175481
2.66144;25.1942
10.9822;16.0879
6.65502;22.7096
11.4576;10.3621
9.88404;25.9456
1.12235;2.18047
10.3138;2.34223
10.3138;21.0002
5.9382;0.902611
11.753;6.36738
9.18916;4.2846
8.50857;4.9252
1.87078;1.71252
11.9961;9.0681
9.59475;7.00846
4.26627;0.555087
2.86275;7.03835
7.68139;20.6218
1.72983;15.4679
2.3003;25.1634
7.11393;7.41575
0.620241;11.76
4.50368;23.6904
3.1201;22.6241
11.3506;6.22504
1.38067;18.5029
4.8506;21.4267
10.813;14.563
10.6796;23.4196
10.9067;17.9278
2.04374;6.87467
8.53058;10.6307
6.4214;9.12592
2.42426;17.661
11.351;10.2366
7.76509;14.0073
8.14722;18.1682
11.8926;1.41029
7.31937;6.52759
11.0928;14.4517
5.88583;1.02582
3.20979;23.2623
10.3627;4.38262
5.45781;19.5917
0.831809;9.45635
5.31671;6.23035
7.5374;4.00245
7.78203;4.24405
6.05925;22.1136
10.11;11.7222
2.93087;12.7294
11.8752;24.0025
2.26044;25.4969
11.729;20.7563
2.78053;23.4472
4.24982;18.7771
11.2952;16.1625
7.40278;20.9255
9.48236;1.86462
6.70025;22.3474
5.22506;0.036753
1.18971;1.65199
1.86425;19.4388
2.72125;17.1676
7.17804;1.80107
1.33373;21.9026
6.70637;2.61928
9.18699;19.4281
0.976697;19.318
6.54663;8.14066
7.73775;23.3923
0.423586;15.2381
6.25605;16.9571
4.6909;8.09989
8.68696;24.6808
2.05258;4.14273
11.4081;7.02495
2.67449;2.75679
0.214028;11.6908
9.19586;16.0162
6.227;22.8141
5.50098;2.02231
11.7385;5.82393
9.90019;1.54958
11.6039;9.63478
4.47242;15.907
3.24327;10.608
2.37468;20.5819
0.722375;15.3088
1.23773;20.3869
6.45674;7.129
11.3214;12.7072
6.53259;4.32436
7.13722;14.6177
7.39159;9.38835
2.13869;3.50696
2.86268;16.5526
2.55197;5.63588
10.3276;0.979683
3.31637;21.5184
4.89898;16.8757
5.27328;17.6415
0.684792;16.5706
5.64157;3.04886
2.71354;14.9052
10.8165;19.8689
10.1696;21.9654
3.03513;10.1881
0.133733;22.0401
11.4488;16.3049
2.50544;3.43961
9.14392;11.6309
9.22718;25.3411
7.96929;16.3688
0.148056;24.4523
5.4864;10.9352
7.07445;23.3126
1.18928;16.8117
6.40765;14.8002
9.16641;19.7626
1.71015;17.2963
6.29146;25.7395
6.12079;20.2076
4.58197;13.5515
7.49895;8.73337
1.77985;21.6762
5.6183;23.6682
3.3725;6.1652
10.6197;24.5739
10.4003;23.3301
10.6275;8.42117
3.81476;12.3541
2.64638;10.8421
1.46114;19.617
11.8349;23.0264
6.17521;3.34762
6.61046;1.01112
1.42482;1.58438
9.79327;13.0147
6.98578;11.4665
10.0376;18.9922
3.2966;7.92105
7.6894;14.4497
6.50135;13.6696
6.0109;10.6202
5.07679;10.0498
8.78833;19.265
10.3402;24.7752
1.8956;25.5697
8.48873;3.74941
10.4289;5.77186
3.27555;10.9187
3.13061;10.1841
5.77065;2.00173
10.7072;1.63892
6.21609;18.9469
9.52205;20.6108
0.400593;11.2915
4.18179;14.9542
11.5205;22.0842
11.8036;9.96082
2.83104;18.6158
1.48885;2.53779
8.02661;7.33298
0.972675;9.78324
5.11495;24.7035
7.17928;18.1794
4.44101;22.3381
1.09087;22.1252
11.2338;25.5624
10.9681;11.808
8.54275;18.3953
2.96254;19.3773
1.70157;15.4794
3.84529;2.64785
5.33703;7.90587
5.81939;17.6975
0.240771;15.8345
9.33935;17.9127
10.6927;22.3427
0.782729;8.2499
9.71364;17.251
0.198148;4.66839
6.27189;2.79288
0.366295;11.9289
1.08705;24.5578
10.9555;20.8646
7.82449;4.15577
6.57315;20.6398
9.06239;22.5733
10.7481;5.19872
2.0673;9.89632
10.5675;5.00082
11.8758;17.1315
10.5755;22.8983
6.21885;24.6094
2.37611;8.52038
7.32019;5.57756
6.08713;3.44952
3.86328;13.9824
7.09774;10.7257
5.78779;13.1154
2.58014;3.49329
7.9713;19.8321
11.1384;10.9063
7.57173;21.4207
7.43309;20.8846
2.45403;13.0012
11.9471;5.04791
1.90739;22.7989
0.898271;17.6069
9.88075;7.09449
0.058727;11.2687
5.84864;13.316
6.79303;21.0425
0.599275;4.09667
2.66225;13.8386
7.94402;11.3585
7.99935;8.48319
2.39568;15.465
8.949;21.5961
5.02421;9.49453
7.60644;16.2029
10.3827;16.366
9.80804;0.628442
6.0761;23.197
8.41629;8.57318
1.9807;18.3625
9.15779;16.9636
2.62087;8.56012
5.54126;6.97699
5.8416;17.7743
9.60721;3.86883
1.4459;12.1476
5.70093;8.32344
0.744275;5.74151
1.809;12.4984
7.03202;20.4001
1.24672;11.7318
4.96899;23.952
5.70473;23.931
9.76108;4.59554
3.00194;25.4405
10.596;0.346096
7.57111;2.63664
4.11056;2.41013
4.43706;21.563
9.31588;4.42926
11.7378;23.3172
7.65084;11.7839
2.60337;18.1894
8.08863;9.56014
2.1636;6.76141
1.82782;7.38903
8.53533;14.7264
2.46508;4.85346
5.8419;0.490024
4.36108;19.1617
11.9679;6.40709
9.00358;16.3346
4.17403;2.41396
8.65142;18.6574
11.0663;12.9291
10.6554;23.4088
4.72908;13.6634
4.24277;15.887
2.70132;0.718028
11.7448;10.5407
3.45205;3.40739
8.27524;25.9727
8.36944;23.2707
2.22744;4.79124
10.9665;14.2751
11.0552;23.6913
9.54564;17.4606
6.47348;3.72594
9.17289;6.77063
10.3308;17.8516
9.0922;19.4699
7.04325;3.94612
3.29232;24.453
9.15374;12.9862
11.6174;19.2802
10.8586;6.6505
10.4712;15.4566
3.05684;14.8214
5.87412;11.4493
9.05198;10.488
11.8728;17.5655
3.77504;20.4066
4.16592;22.2051
11.1381;2.90077
1.37343;20.5159
9.578;22.6755
6.45497;10.0127
0.286915;21.1191
3.90727;20.4547
3.74093;7.63681
6.33921;5.63221
6.59414;10.4226
9.73328;20.9105
11.6511;7.81603
2.93527;18.8566
8.44801;6.08415
4.8102;0.483272
0.226508;19.4483
10.4716;24.6233
10.3149;25.6642
8.83347;17.1014
10.3106;7.12495
0.51419;22.9613
1.03573;9.57982
8.03819;10.3494
7.94614;5.15104
7.37613;5.50394
7.18781;11.0704
0.191269;14.8175
8.71681;6.77417
3.5419;11.1904
5.93461;18.0962
5.38787;13.3491
5.32823;8.36212
5.52573;7.89352
3.70444;5.11159
11.5361;4.36598
5.64763;0.108961
0.612612;14.4806
4.47175;18.7434
11.46;0.905417
11.0282;14.8116
2.95817;13.4681
11.9456;6.82378
1.05489;18.7685
6.27597;9.95972
1.82719;0.456261
0.948898;15.6326
6.3717;13.6004
11.0745;25.7778
9.92029;6.02103
2.25662;20.4888
4.794;17.1259
9.50667;11.7143
2.58761;4.28658
2.05742;4.4365
2.39631;2.35221
8.88376;11.6014
7.30166;19.1302
8.50391;18.1059
5.49168;6.02308
0.953346;15.8575
2.99046;4.12153
2.53392;20.2847
8.17937;3.4849
9.25959;13.2159
4.38735;24.9518
3.55604;19.8929
7.42046;2.30254
2.58797;21.6841
3.04113;10.065
0.0556797;11.7811
5.73102;19.3688
10.7919;2.23748
5.76875;15.8076
9.38923;24.3976
10.0757;22.4089
6.57929;2.31004
0.244823;19.7453
10.4283;18.2524
10.7216;16.6572
2.52384;6.73611
7.20413;13.1731
0.290324;5.6866
7.14259;6.2363
0.632648;22.0647
7.52368;1.49138
3.62117;2.71853
9.62776;5.22834
2.28739;7.35911
9.7089;25.2994
2.65694;16.8667
10.0192;20.0118
8.85078;22.2387
6.34944;15.7714
6.68822;10.9873
2.96703;19.9595
8.18003;22.0375
3.29194;18.3524
0.795744;22.6082
11.3487;3.09485
8.61826;14.8901
2.11672;0.51876
8.12704;25.4464
2.65251;22.5646
3.141;0.783063
10.0911;12.5622
8.14602;17.5722
3.03417;10.8264
6.37429;20.3312
0.275917;2.30211
2.45467;7.02639
10.2746;23.0419
1.41411;3.39412
7.10506;4.78802
0.00105005;13.9831
3.63825;18.6752
1.32605;12.4691
8.85874;20.4817
5.49945;24.941
7.86753;18.721
11.8727;12.9103
2.43838;17.3738
2.06885;11.8572
1.01549;18.2935
2.85616;2.79805
9.50565;11.5068
4.53436;16.8572
3.94554;12.8883
9.34674;23.943
8.15832;20.2535
5.50432;25.5592
5.9671;14.7991
5.55153;6.12266
4.28346;23.9438
2.33709;0.327141
7.69143;4.78779
6.10957;21.9479
10.2284;17.7199
3.60236;24.3618
4.62156;13.9935
0.535331;4.60897
11.7693;10.9843
9.90744;8.04892
11.0182;15.7174
2.76549;15.549
4.60197;17.9179
6.97304;22.8997
3.10017;1.13658
1.39492;15.9979
11.5756;8.08601
7.53462;15.7451
5.94176;3.56243
5.39679;9.03542
9.82262;19.4982
3.41412;5.29573
3.45767;8.55714
4.5714;6.99186
9.01914;5.37082
6.9419;17.4141
9.73302;21.0327
3.21377;5.05916
5.97719;22.0714
0.904073;19.6676
10.7114;4.98115
4.46101;22.2884
6.031;25.9905
5.55392;25.941
1.63983;23.7265
4.14295;24.8353
7.94986;16.3736
1.90663;24.7163
11.5065;14.0357
2.63454;18.4722
8.95687;20.7489
4.56294;14.4948
7.28383;16.8495
9.02489;2.73221
5.96351;21.5127
10.3384;10.1289
0.227952;6.06536
2.96184;13.5611
2.79503;18.4508
6.2317;9.60885
7.46647;22.4784
3.8973;7.40204
5.93171;12.5752
2.82385;11.7828
0.28196;11.8265
1.96387;20.0175
3.03483;14.1414
3.92872;22.3571
2.3035;2.06615
11.5797;17.9119
10.8826;21.4891
0.941912;24.0728
0.717459;8.45813
5.36947;7.61038
0.419512;25.1359
7.94734;17.0863
9.97582;25.6634
11.3023;8.46631
5.64857;4.60668
9.34575;12.8495
7.58455;24.5042
3.16936;23.0086
5.83641;15.3792
8.93803;17.6365
8.05168;18.455
4.40693;15.0242
6.43577;11.5892
6.04477;15.4987
9.25259;24.7309
10.6657;20.9562
11.0154;14.3283
5.55809;19.481
6.45769;10.5309
0.898753;0.230231
6.98656;22.1964
6.03679;5.57074
9.55411;19.9467
1.19049;7.34613
4.30423;21.9451
11.5304;0.771139
6.64622;8.53097
7.29016;2.3443
9.28621;2.89236
8.23521;14.1674
0.749173;14.952
4.21091;25.4899
1.51397;21.1662
8.75581;17.2719
2.6294;20.9182
8.07792;20.8346
7.89906;4.58188
0.187071;11.8152
11.3209;2.98471
8.8437;7.85436
11.5061;18.144
3.981;13.33
0.311503;24.4208
7.23429;20.795
0.606094;7.51724
4.13652;2.93641
10.3704;18.0861
1.11985;25.7495
6.11643;21.3973
7.85605;18.9493
7.53022;8.52361
6.36179;7.43012
6.04869;14.1892
8.88246;11.634
7.92642;12.4067
8.99464;16.1037
2.10029;2.11388
1.58479;5.22554
0.246796;19.108
0.00950389;1.84793
0.288576;8.98305
2.20816;23.0945
0.493454;7.21068
10.5434;14.3214
1.20367;13.8655
3.35571;18.9234
10.3334;21.0546
0.163173;9.49456
4.26635;19.5989
9.75166;0.41767
2.77178;14.617
7.62527;10.5562
7.72193;19.9551
7.28386;17.2656
6.02914;15.8023
8.82162;13.6884
11.4394;23.8978
4.97671;25.8545
2.35778;7.62688
6.54272;7.71646
9.91954;21.4466
0.295331;17.8814
7.61593;0.993426
0.635064;25.7449
9.50414;22.5046
0.075054;0.597824
5.13301;16.684
5.14799;1.85238
4.91038;0.935676
8.82367;23.7023
7.72522;12.2315
5.25723;15.5233
4.67506;22.1735
7.09744;15.2378
1.75404;3.5537
10.5943;25.2928
11.5386;23.5942
7.92654;15.5015
11.3481;18.5501
7.03682;19.1799
6.94832;15.4091
9.12817;0.176231
2.81219;4.93167
0.936282;16.7322
2.70801;21.1466
6.66209;22.6053
3.40524;25.8252
5.59783;17.5073
10.1533;1.50642
3.11313;25.7992
2.33544;3.69939
11.5809;4.06043
0.597019;16.2661
9.02858;25.8811
4.06903;8.80835
8.79738;23.8709
11.1773;12.8387
11.0987;4.31048
8.20171;0.07577
9.71202;23.6377
9.79492;9.47724
9.34294;2.60035
4.29343;6.37165
9.28046;5.30118
3.63603;0.85278
2.354;12.9382
2.101;4.19227
7.84552;5.84571
9.44232;10.5605
2.64315;3.27459
8.93949;24.7878
0.5287;17.5863
5.36608;25.1927
10.1062;3.39687
11.6624;16.9395
0.477502;20.4908
0.192331;21.2776
10.6574;9.71916
0.761203;17.1988
6.93246;9.52735
8.33149;20.1207
10.3687;22.6037
11.2214;13.4642
1.13051;18.7713
11.0883;8.17628
10.175;17.3936
3.2142;23.1914
4.14456;18.5906
10.3311;4.87664
10.1481;21.6525
10.069;23.0221
7.45076;22.2328
8.44601;13.2344
2.74707;19.949
2.04611;20.9723
1.60445;22.4848
6.966;25.9419
8.8101;13.406
6.18739;21.538
2.85104;11.4307
1.71428;2.22315
1.30353;10.6784
11.7298;11.8042
1.50876;21.7986
7.69885;25.2565
8.05438;12.497
10.2824;7.59448
4.02913;14.5782
9.61335;14.6818
3.93562;25.2622
4.45574;12.0035
10.0371;24.7471
5.51323;14.8355
5.60911;25.3514
4.78777;18.3303
4.97634;14.0878
9.48621;13.6064
11.4305;19.968
11.728;2.03511
7.27692;16.0914
0.596106;7.21782
1.19464;23.5701
6.83645;11.3182
5.60691;9.64122
12;20.6755
4.10925;9.65405
3.08259;4.65032
3.87746;18.6243
8.99346;20.5542
8.29645;3.85932
5.94671;2.75771
8.28327;7.43801
7.55267;16.7132
0.648935;15.7747
8.65307;17.1727
2.70744;20.0399
11.2572;8.4545
8.12768;13.2028
9.12585;3.75827
10.5434;19.7726
11.2771;5.74738
1.58154;5.11269
4.79894;11.8278
10.9555;3.88353
2.94557;15.7126
3.57362;19.2666
8.52476;25.6899
0.325207;8.83443
7.57069;2.11064
11.3581;9.15148
8.89999;4.47526
1.47294;17.6738
5.96758;20.8013
2.25075;6.70243
11.3352;1.72064
0.219249;22.9934
3.44678;3.90171
0.972026;17.8657
7.25979;25.843
10.0381;22.1116
7.17952;3.49211
7.09763;8.02595
1.46864;16.0828
7.78172;19.5852
8.39698;15.4695
1.26309;11.4768
9.20528;5.92806
1.45412;6.87454
0.336651;8.02723
6.26629;25.289
4.49901;14.052
10.2842;17.2159
8.28633;24.3885
4.19151;7.68325
11.1838;4.83087
1.75147;13.7871
3.84138;19.1731
10.0676;11.505
4.27194;12.6735
2.34934;1.44934
0.989064;7.82694
5.9659;22.0877
6.34846;16.0767
1.36721;14.4844
11.1249;16.5393
6.35697;7.85182
2.11904;10.0558
11.5697;22.545
3.89736;8.14931
1.95148;6.67577
5.99085;8.02307
9.44441;21.3032
0.552056;16.276
3.14224;10.452
1.36126;11.8984
5.49293;5.09238
9.10402;24.8275
0.544673;7.48038
6.87886;4.14241
10.1376;13.0081
9.54538;9.73823
9.62768;25.2729
9.13572;19.9277
10.0698;2.23836
0.9586;0.0461014
4.11421;15.0571
3.72423;3.37702
4.78168;9.26529
9.0706;17.1685
9.10029;22.6024
1.41551;5.61863
0.782192;22.7923
2.05205;2.87487
1.97201;19.3503
3.23875;0.237487
2.93467;1.69895
4.60418;1.21841
0.448556;3.76979
9.75972;22.7898
2.77299;23.223
10.5396;14.9223
5.66777;4.90502
8.44583;22.6405
6.54014;11.9523
6.37337;7.8876
3.9483;16.8759
6.23365;10.2494
6.30841;17.9523
6.05735;17.9409
5.2166;20.1415
8.39004;17.6611
10.0802;2.15413
8.71361;22.8124
2.73412;14.0255
9.04714;11.9321
5.19165;16.438
0.394316;23.5288
9.85062;19.1537
9.30888;9.51332
2.35658;7.9782
8.0312;13.6606
11.4711;4.90716
11.0354;12.5223
10.5505;11.0342
2.05997;8.16213
2.38881;22.6417
11.9184;1.01626
11.4442;18.7027
10.9978;4.71972
3.10534;17.4308
7.68544;17.9768
3.63172;17.5061
7.15641;3.21174
4.9199;9.67479
5.87311;15.7657
8.14754;4.12599
1.58135;16.5071
4.16915;1.33621
1.3982;5.89265
5.70942;7.4927
6.48682;17.5462
1.90817;13.878
8.56727;2.93017
3.03723;16.3911
3.53072;13.3089
3.61006;24.3017
2.43956;15.6905
7.29591;20.7913
8.72413;0.467588
2.06126;5.62735
7.49229;22.1191
4.50154;19.6596
5.82746;18.7865
9.69035;15.6556
11.3904;7.36617
10.6838;12.7339
11.498;1.28268
0.282418;17.4748
1.94439;7.19258
3.63038;11.8627
9.46222;15.6876
4.69126;25.7872
2.48223;25.9722
9.49776;24.2804
0.20298;25.0445
1.8036;16.6731
9.76781;13.6611
4.76891;7.78976
2.97582;5.32839
10.8209;5.12675
5.85903;20.5937
8.24339;11.6069
10.0968;18.4726
1.42231;0.0891912
11.8455;10.9475
5.51627;20.1666
0.293127;22.1163
9.20946;6.01327
10.1947;14.5323
1.98172;22.5283
6.26623;8.20151
6.09295;8.74043
10.0904;23.534
7.62932;2.31025
1.32111;13.9756
3.43246;15.557
3.95503;25.2977
0.537168;4.44557
8.20165;4.24553
2.09297;17.4354
7.01216;16.4867
5.35479;15.8281
5.81677;5.55587
10.0806;8.69152
9.27147;0.135113
2.40915;7.66501
3.84767;18.4212
7.57175;4.19926
7.36395;6.93564
3.00439;18.8176
9.65132;13.9465
3.8652;3.48042
6.1127;9.53847
3.65815;5.01444
6.36184;12.4608
10.3615;2.97701
1.36035;8.05188
8.67929;15.5504
6.2805;14.6465
11.1886;7.69593
6.8223;3.46178
7.08967;23.1183
10.0998;5.76639
0.608088;11.8382
5.86248;7.82704
2.14886;7.61323
10.0493;13.0305
5.12015;9.01774
10.4164;19.0196
6.47639;10.3529
2.52941;10.482
6.15228;8.42782
8.55411;6.13508
11.0669;6.14165
9.59151;22.2202
6.38657;9.56326
11.8532;3.19852
3.08378;21.565
4.13765;7.99905
3.41686;21.6669
7.30435;12.0591
1.51392;11.5996
11.5798;14.3738
9.51571;21.6585
3.41236;8.64955
2.7745;12.8738
8.82995;19.3414
9.83154;11.6655
11.7584;19.2799
8.21867;20.2581
7.1539;5.64468
1.76369;15.1821
4.08148;10.5028
4.96019;17.8081
8.53934;18.1503
6.21926;8.32798
1.94278;16.7552
9.19736;3.29889
2.36725;14.545
11.5188;12.5225
10.7052;4.96879
11.7214;16.3261
11.2201;20.698
0.919182;23.7866
6.45135;19.7987
8.32831;3.47806
11.7431;21.866
8.61238;8.28656
2.93947;3.40724
0.043694;24.8707
9.94963;13.5697
3.32249;25.7669
1.99613;1.12634
1.41497;9.454
7.23292;2.02313
10.143;12.8659
3.22704;21.3728
1.47321;5.30208
7.41732;5.18352
1.42555;4.0488
11.5302;21.1334
3.47393;24.4255
7.84587;0.187014
3.09789;23.3682
1.65889;6.80677
10.2641;25.1518
9.40454;3.4377
11.5009;24.7015
2.10648;1.98441
3.76405;20.2354
1.84964;4.13195
3.27749;10.9995
11.7714;10.2932
7.52379;15.5757
7.1431;19.3902
9.05744;14.4589
6.70321;1.15131
5.94667;5.52299
0.617689;19.5965
1.33441;4.93258
0.186146;25.1302
1.88509;20.7798
1.18518;3.00301
8.99135;7.13193
2.30189;1.63671
0.63106;8.99497
2.66246;8.46852
9.2282;5.27347
8.65925;10.296
9.62268;8.23842
1.70133;14.4736
10.4757;18.2098
7.21149;9.58177
10.9536;16.9632
1.46691;0.624037
10.1058;3.58163
11.8866;25.9802
11.2437;2.32212
1.37685;17.8427
4.36341;7.9706
8.9905;10.8213
7.83026;25.2481
8.90302;10.96
2.08687;12.0516
9.81046;25.3707
9.36462;24.9422
6.38966;16.9873
7.91633;3.46917
0.262659;14.8849
9.43034;3.74741
7.15796;16.3282
3.38263;15.2631
7.52694;5.69047
8.11627;19.2916
10.8615;1.0393
0.582533;17.0126
5.47415;18.2277
7.50493;5.15052
1.47126;20.7822
7.93943;24.4437
9.30134;11.4921
10.7935;7.99718
1.14435;14.538
5.29216;3.04853
1.57979;5.89875
3.13658;18.9318
10.2586;14.125
3.78227;12.5353
9.14559;25.7802
2.68933;17.3486
0.37822;7.08903
3.85902;12.6801
11.6847;24.6219
8.22953;2.5045
8.95575;9.03275
0.437644;13.557
9.47301;24.3342
9.9481;23.0043
5.941;7.02057
0.0243754;16.295
5.96276;6.84875
4.25853;9.14627
9.68017;17.4217
10.0069;14.7892
7.93935;1.50848
2.83282;18.0214
3.96808;14.499
2.16993;7.91427
6.05579;22.5322
4.80866;6.52501
2.56842;11.367
9.26864;0.0897596
4.47746;15.6363
10.6588;22.5733
10.457;23.1469
5.93926;9.57616
1.84413;22.0952
8.64112;24.9693
6.23859;14.404
6.35006;4.71887
7.34423;19.8962
10.4955;24.51
3.87472;1.44178
2.96505;21.5161
11.0649;16.8431
0.942051;3.53885
1.02002;22.1232
1.67474;11.9112
5.42743;0.722651
3.91595;8.41627
11.0167;21.353
8.3042;1.86512
8.053;10.7149
0.385122;4.96512
11.5933;14.5929
4.46953;15.0314
3.91806;6.42425
6.24988;16.8844
3.63048;19.9657
5.72329;5.83997
4.98866;14.4416
4.32868;13.0188
4.87603;13.0074
11.5062;22.3242
6.33696;7.4146
2.18789;11.5996
1.27733;22.7329
6.21448;20.2157
3.43741;14.2991
11.6219;6.56661
1.33478;8.86484
9.96831;11.3812
7.0565;9.13942
1.04563;23.1551
1.43313;14.666
1.38235;13.9139
1.43426;12.3739
0.430466;13.6723
11.7145;25.8627
4.61374;13.1114
3.35876;14.7369
11.4051;10.0449
5.29372;12.1757
1.96642;18.9174
0.219143;3.44143
11.7619;3.36684
5.67981;21.0821
6.80677;1.59535
1.94837;17.0135
11.4233;7.32659
2.62132;1.74556
9.80329;8.78707
6.51668;22.1731
10.3659;13.5008
10.1704;6.45579
0.28255;3.31315
9.78122;25.3232
6.16524;6.66237
5.30716;17.6186
11.8061;11.9737
9.72001;25.0638
7.08023;7.36629
9.29811;4.08851
4.13614;24.3674
9.73941;7.71212
2.62798;0.781562
4.36508;0.934423
4.41629;23.5771
10.665;6.02798
5.11289;19.1434
5.76174;11.6901
10.3646;7.67642
5.08306;9.81456
6.6179;22.5122
0.661457;13.9186
3.91653;22.4932
5.9919;23.8263
1.78129;7.12834
0.88377;12.8211
2.53649;23.0169
9.47688;11.1897
10.9839;3.99091
5.59574;7.36707
0.723715;9.23166
6.18233;12.646
1.09618;25.8788
11.2321;24.8316
3.48704;9.34941
3.99054;21.894
2.70534;10.0793
4.5289;14.3474
3.03346;22.7951
5.61863;10.432
1.8108;14.0885
10.7322;9.41912
5.12558;17.7863
9.51176;8.90385
10.051;6.73291
7.50966;23.3453
7.36826;3.66598
4.61135;18.3396
1.63606;8.32737
7.92519;11.1
8.15851;25.8174
3.22804;23.5383
4.56772;16.8067
5.48572;16.4692
6.27774;24.0594
0.415948;17.5252
5.60675;24.1543
0.435825;23.2534
7.35722;21.5531
2.84179;11.7179
1.05508;22.4281
4.18299;18.2506
0.0434404;19.0544
4.88779;3.63892
0.63775;1.76145
6.8026;19.0586
0.728704;21.733
7.66011;11.4756
5.78757;2.48263
0.897616;0.141505
0.250176;2.84606
8.15385;12.69
0.46171;18.611
4.58924;16.941
6.53725;16.1006
1.22718;16.4501
5.78249;11.722
4.01567;12.6228
2.20452;19.2908
7.50543;6.15825
9.71644;5.00073
11.6385;22.6311
0.338668;15.8137
3.74157;13.2735
8.44448;10.0516
6.19155;18.8384
5.95275;5.0817
2.55157;13.898
10.9351;15.4718
2.23339;11.8567
2.57185;7.4979
1.06466;18.1011
8.87074;11.0074
2.18027;23.9964
1.9838;20.9857
1.91753;25.3505
11.9937;3.37147
10.1454;0.720184
8.85471;4.08838
6.45863;11.4816
6.52613;1.40874
1.99384;1.03757
2.99559;9.8484
6.89334;4.18309
11.6862;19.7746
7.40299;4.89252
0.587296;18.3466
10.6124;20.4924
1.54798;1.7175
8.5333;7.65218
10.4784;22.6435
3.23201;22.6896
0.0068898;2.98433
10.8045;19.2001
3.26433;11.4035
2.16079;21.2127
5.91332;9.00169
10.2693;19.3026
8.70004;11.1858
10.8396;18.1703
2.2894;13.5255
10.6444;6.23284
2.7102;20.0564
0.334732;9.22605
10.0495;19.2141
7.78995;18.477
7.31886;23.8809
6.99997;15.8724
0.399343;12.5764
4.18735;7.93795
11.0676;13.7543
1.45413;10.792
10.5028;25.4008
1.88984;15.6061
4.88613;1.58039
3.58907;15.547
6.97196;4.83911
10.0522;20.978
11.4902;22.5051
1.94034;20.6693
7.25499;21.0823
6.06755;5.57666
8.75225;2.31296
9.89959;19.8285
6.87199;4.52169
0.815267;12.8691
8.43507;4.91702
10.9205;15.032
1.99285;1.7558
2.14063;14.9045
1.53978;12.4144
2.05451;18.4421
7.96314;0.231268
6.19391;16.1489
10.4937;17.6242
4.99305;12.4555
5.86454;23.9646
8.32253;5.66972
0.128121;13.4813
11.7684;15.1669
8.30905;1.26459
0.939712;10.2789
2.85305;25.6972
11.6819;10.4994
0.670613;3.94891
11.7249;4.78919
7.55228;3.85535
10.7221;7.61673
1.88613;10.6514
10.9688;0.822968
1.05029;8.58394
6.12852;14.9821
3.02242;5.3106
9.53163;6.82617
8.67317;20.15
10.1507;10.7948
9.88368;24.0291
9.72634;1.59624
10.9506;20.3846
5.58263;25.1793
11.2309;11.4996
1.83161;14.6968
7.0869;1.19979
10.2986;19.4416
5.46979;20.0792
9.35287;14.1269
1.22914;7.543
1.43492;9.2117
5.93243;23.7609
7.40209;5.64546
8.26657;12.0309
7.58782;13.3255
4.64311;11.514
6.88698;7.78638
2.72244;1.01747
3.21493;4.23216
5.77711;10.9342
8.73644;1.87203
5.60029;15.2425
9.83705;23.9852
4.30231;15.5781
5.59017;11.9848
10.6713;15.221
9.78301;9.97475
5.99165;11.2344
7.20933;4.89281
10.7378;6.06049
8.40847;7.3254
8.11131;7.14013
6.97467;23.4731
3.76505;22.0775
0.787052;20.6747
3.23614;20.6342
10.4062;19.1456
4.55849;17.8603
7.90651;19.1984
3.43314;3.24281
2.39225;4.55961
8.52178;0.379723
6.70817;5.44575
5.36036;4.15458
4.77164;8.87943
4.71464;2.55691
7.47915;1.78956
4.47556;5.31661
11.6597;17.8547
0.643413;0.96796
5.78277;8.40569
9.97024;9.07605
0.715975;5.47892
0.43217;18.6821
11.3895;8.37483
10.1192;3.86053
5.96975;14.3887
1.95704;1.46881
9.15437;15.8544
2.59541;4.17303
11.4156;15.8385
3.10613;14.9386
8.136;16.427
9.34857;16.8907
3.8223;21.6493
8.24245;20.811
1.87153;13.4608
1.79401;5.60626
8.74143;4.82339
11.21;17.6171
6.09149;20.2132
9.91274;0.132673
3.9701;25.7179
0.739146;2.43636
7.18717;7.22487
3.05049;14.306
10.6446;13.3393
1.49752;14.6913
1.7383;23.4998
2.57632;12.048
8.83806;23.4407
3.16566;23.2041
5.03147;10.746
1.2971;3.84128
7.18585;1.09868
9.90386;2.76758
9.83624;16.936
1.33858;3.91374
7.68638;4.50173
2.93081;6.22603
5.41228;12.9595
9.47632;8.78993
0.137916;23.7767
10.8375;4.06514
9.81992;3.06328
7.43682;14.4256
0.23259;22.972
5.36758;11.4055
3.56215;14.4401
7.03695;23.2873
7.17176;10.7051
0.0253499;10.8507
0.757409;2.95517
6.81434;18.2949
3.44165;21.1145
11.3173;19.1835
3.72646;19.0529
0.910818;8.37281
7.7675;25.4547
5.74059;12.1061
1.16214;2.55105
0.245412;3.02192
11.7799;12.1615
6.65879;7.24109
0.277668;3.67411
2.09005;16.1404
6.63655;4.58336
0.457431;16.0203
3.47932;15.7555
3.83775;14.9954
5.01693;6.83603
3.7749;18.944
11.9487;10.1524
0.607768;16.7185
4.43404;13.7548
1.30368;12.1251
7.52577;3.35636
6.99091;15.8289
7.16208;3.57435
10.6477;16.1195
3.34544;1.59844
2.88918;21.6277
2.85314;7.25098
5.37596;13.7203
10.6184;19.963
1.25343;7.87651
0.368794;10.8947
0.378707;0.688012
9.71405;2.13736
8.03379;4.6542
7.33484;20.2312
7.74427;6.19798
10.8866;5.92623
10.1663;13.1054
4.38488;19.0969
1.48838;16.749
9.5517;9.48471
5.71232;0.877144
7.72417;24.0246
6.7373;13.7422
8.30198;17.3132
9.97786;18.7867
1.01906;22.4392
8.98832;23.2551
11.343;10.8812
0.881207;14.4687
2.35958;18.6885
9.53848;2.69996
11.3607;16.6936
7.29477;8.11534
4.5187;19.0302
11.4759;4.48587
1.16072;11.2411
2.47524;19.2506
4.27645;19.9605
3.22743;1.25326
5.20326;2.61148
9.2492;13.4817
11.5619;13.5146
4.95544;23.6273
11.2596;12.6461
5.58279;3.50828
2.46212;6.76277
2.86534;3.94937
10.826;22.0136
5.56833;7.2469
6.94327;10.9291
5.41512;17.5586
10.2324;17.0958
4.98888;5.43578
5.10289;17.802
3.08725;22.33
9.42161;0.728983
4.52847;19.4642
6.57397;20.5485
7.88839;12.6395
3.32056;3.18756
7.4528;12.5291
4.59246;22.356
7.60547;7.40671
8.47826;2.54322
6.7632;7.41332
6.21799;0.386373
11.5255;9.64244
8.06868;9.7812
6.95918;2.53841
0.730709;21.7673
11.4777;21.9967
10.3829;8.6801
7.13579;10.7399
1.49011;6.55239
10.7905;10.4231
4.49536;13.5271
10.5933;19.6903
4.5614;13.4308
0.506301;2.25259
7.37261;15.7506
4.46119;3.44629
7.44783;8.63788
6.04095;7.61912
8.50111;2.16696
4.68809;20.0023
11.0466;9.02593
7.38414;20.4305
8.17201;5.45985
2.38631;20.9346
5.54411;2.54966
2.47279;21.7522
7.42002;2.30996
7.1273;25.9597
7.26495;16.5395
1.02108;5.71471
2.9031;11.8783
4.22815;22.427
9.46899;22.2497
1.86745;12.9352
11.2692;14.2037
3.20192;22.3509
10.7214;22.9365
7.74526;14.9356
1.10599;21.9518
4.55549;14.4086
11.3083;15.2279
4.68958;14.5781
8.09441;25.6032
6.70979;7.27862
7.45048;16.7502
5.99692;22.4328
1.21315;22.1543
8.70451;23.1446
8.49418;22.9059
4.65224;16.8208
5.12749;17.0173
6.07923;8.33916
6.44022;3.95307
10.7422;16.3501
11.9561;7.145
2.19632;24.4062
10.326;14.9195
5.99279;13.9108
6.70278;1.52225
9.77974;4.66538
8.43345;8.18277
0.506832;20.901
2.00174;19.9579
8.32873;22.7412
7.7833;2.12543
6.25935;1.97338
8.83513;0.733596
4.75963;7.09658
2.16308;7.58732
10.8216;4.5915
6.79953;2.20541
1.38357;11.1052
7.90378;15.9821
11.5459;5.64755
8.07893;20.2055
4.75981;9.77683
1.10228;11.4111
2.15898;6.72538
2.47799;22.7234
1.59995;22.2328
11.4687;17.0285
11.1721;17.9916
8.19788;8.51872
11.5792;22.4487
7.43356;22.5349
0.48011;4.83835
11.4186;4.03797
7.35858;15.8651
9.24003;14.9597
9.92893;11.5244
4.23007;5.82562
9.83135;11.5534
7.95539;25.979
8.43637;22.6057
10.478;21.7453
8.69467;21.5512
5.89561;17.0446
6.25052;4.5359
11.7985;12.631
0.454449;15.6694
4.23039;2.02488
9.46511;7.90612
2.79824;10.4513
10.9713;0.0829254
11.7281;19.2839
5.35724;8.57613
11.589;6.90861
9.29056;16.3462
3.17892;12.4083
5.9778;3.59008
3.76325;5.79036
11.6037;20.9275
10.5392;12.6841
11.7523;22.3983
11.6839;0.44806
5.56971;8.48089
1.14136;6.57543
7.56324;8.53579
7.8585;14.1583
3.97787;16.4377
3.43487;20.2261
11.5449;6.55178
0.523698;19.1434
10.5683;8.02234
2.56236;9.84993
5.35958;13.7055
7.2186;10.7537
3.98446;12.4753
10.8175;8.09641
4.09551;22.7529
3.9436;20.9413
2.41559;11.0174
0.700034;21.6208
9.02455;18.5435
4.51341;2.17191
4.14519;17.2213
10.3375;7.99511
10.9722;23.5327
0.525474;20.6711
2.56384;6.6903
2.08661;17.1674
9.41343;20.1613
6.29556;6.46596
7.02101;9.90138
7.71156;8.38618
9.40182;9.0261
7.60792;6.20701
6.72108;7.84126
9.53329;9.72927
6.69411;7.03776
6.06341;8.07584
9.68718;9.50925
9.30586;9.34457
9.12966;9.48101
8.52474;9.98427
6.51029;9.22027
8.62541;9.6481
8.32201;8.92097
6.11406;9.34302
8.82235;7.82563
7.7292;8.22416
6.85173;9.33712
8.43118;7.57281
7.17838;7.96446
7.30208;7.87249
9.00222;7.36548
9.94833;8.6894
6.87473;9.25419
8.03397;6.00439
8.7352;6.55871
9.98867;9.24549
9.77898;8.61408
8.89359;8.10099
7.53505;9.00766
7.44401;6.3574
6.83329;9.17321
8.58156;7.68501
8.51033;7.01274
9.25782;9.68872
8.9772;6.5599
7.56121;7.97942
7.92538;7.50955
6.66882;8.80012
6.76374;8.7028
8.80451;9.49894
9.2615;8.79318
8.74443;9.04049
7.40726;7.63803
7.14148;8.94231
6.64569;8.58549
9.29971;7.47897
7.7587;7.88127
9.16398;6.26904
8.89401;8.42181
9.95775;7.87121
8.9817;7.51897
9.85063;6.90709
9.02851;6.51946
9.7072;9.79225
9.22225;8.51171
9.29119;8.48376
7.30489;8.03562
7.52424;8.71215
9.67365;8.66572
7.65446;6.31934
7.25121;6.95417
7.79831;9.00991
8.83544;6.9623
9.27895;7.72945
9.3841;9.2367
9.60066;8.36581
6.75567;9.4513
9.27289;9.78418
9.97075;8.98009
9.57643;9.193
7.49181;8.86762
7.67676;8.7967
6.90325;9.201
7.50885;6.5769
7.86672;9.16332
6.89624;9.11793
6.11749;8.69455
8.12784;8.95293
9.65685;7.40679
6.68238;9.04096
6.64349;6.28304
7.40676;7.39916
9.73434;6.67965
7.18335;9.70509
9.65975;6.75978
8.89809;7.15156
9.6274;6.57485
9.94826;6.53065
9.77585;7.45711
7.10755;7.64257
6.62043;8.00379
6.76051;6.73791
6.69834;8.88835
9.69084;6.35519
6.29514;6.37323
9.39615;6.93863
6.65627;6.80291
8.3378;6.39061
7.48256;9.52114
6.0957;7.14231
6.28092;8.99379
8.29387;9.90832
9.56864;8.24212
6.43897;9.3445
9.69924;7.54651
6.98707;6.31966
9.5503;7.74758
7.05758;6.24864
6.63593;6.74842
6.60383;6.93107
7.12165;9.99997
7.8697;7.77792
6.80288;6.2075
8.16852;8.28544
9.72864;8.26422
9.42775;6.00956
7.25801;7.72162
9.91788;6.82665
9.96374;6.35685
6.17115;9.66298
7.90336;7.15822
9.98264;7.45366
8.9058;7.04022
7.70229;9.54172
7.78864;8.30612
6.47279;8.91029
8.30609;8.34249
6.6882;9.10897
8.54999;8.85673
7.39442;8.27863
7.12094;6.82217
8.28819;8.37895
8.54378;8.20607
9.20561;8.50753
8.56292;9.37675
8.1705;6.46628
6.53498;8.15314
7.91994;9.44077
9.19336;9.62223
8.9825;6.982
7.92835;9.45528
9.89229;6.23445
7.79777;6.58049
9.34342;6.34776
9.43722;6.73784
8.62638;6.55816
7.56;6.91457
8.93712;6.10379
9.12064;8.14272
8.61131;7.68356
7.51948;6.78182
8.14983;8.05445
8.93496;6.06977
7.49523;8.12832
9.692;6.47772
9.11033;7.62035
9.933;9.00261
7.8548;7.73078
9.58311;7.19822
8.07853;9.02033
7.93606;6.70492
9.57849;9.49606
7.61949;8.51561
9.59984;6.74013
6.65833;8.21116
8.42368;8.17781
8.99297;6.57352
6.23226;7.92793
6.64329;7.72748
6.05625;6.33529
8.2052;9.16658
7.95564;8.13821
8.16919;9.81044
9.86898;7.7523
7.00866;7.94752
6.77263;8.94472
8.65243;6.35112
8.44077;6.27192
8.86672;8.04062
7.01205;9.52505
6.25177;9.43573
7.70286;9.24474
6.00925;7.93512
7.17268;6.65254
9.6626;7.22893
6.98783;7.86781
6.39551;8.94347
6.00602;8.5647
8.75391;9.875
6.31701;9.76257
7.82252;7.08964
8.70729;6.47495
7.44075;7.14806
6.74687;6.30748
9.18868;7.75891
9.83253;9.44045
7.19464;7.53538
8.68519;7.20389
9.4705;9.85787
7.85642;9.1331
7.0868;8.84425
7.00091;7.48231
7.78772;7.00693
6.04701;6.54163
6.88193;6.36402
6.3042;8.70444
7.45365;9.01148
9.17939;8.89441
6.15954;9.92625
9.20188;9.34822
7.68517;9.03441
8.78867;8.87981
6.56979;7.47386
6.0837;6.0403
7.33172;7.94012
9.1734;8.41852
6.78437;6.17431
9.90083;8.57209
7.18124;9.94784
9.11372;8.06316
6.31186;9.41791
6.7676;7.76551
8.4294;9.94699
6.65992;8.58894
9.87324;9.8618
7.93716;7.55841
8.89621;6.72582
6.43822;9.466
8.19968;6.52191
9.5063;9.53141
8.46204;8.6797
7.94993;9.24641
8.85401;7.85076
7.8185;6.03524
7.79859;6.93221
8.0984;8.11045
6.35013;8.86601
9.87596;8.77952
8.813;6.53588
7.36846;8.68624
6.39768;9.30562
6.24465;9.29389
6.03144;6.68287
8.75989;8.23112
7.20478;8.26619
7.76253;9.66682
6.94588;9.71246
8.91323;9.79989
7.56321;6.73172
9.83513;9.36181
7.66394;7.93353
7.47226;8.01407
6.79954;7.34822
6.79359;9.61254
7.8841;8.16205
8.29878;8.28178
7.46767;8.54342
7.57567;7.49911
9.22629;6.33556
9.73024;6.43107
8.60175;7.49277
6.09789;9.54763
7.20522;9.01111
9.34752;8.76844
9.74284;9.18265
8.13024;7.40677
7.11618;9.6025
9.42084;7.91572
6.95073;6.21443
7.52826;8.83483
8.37648;9.82704
7.11661;9.84416
8.37046;8.69228
7.34327;7.59675
9.02785;7.07351
8.02782;7.62959
8.56627;8.12571
7.17722;9.7715
7.13682;6.52474
8.53994;6.87965
9.70739;6.67018
8.28643;6.82357
6.27268;7.70727
8.7393;7.22341
7.9217;6.26756
6.05824;6.29818
6.09459;7.17485
6.14234;8.46505
9.86714;7.48561
6.0618;8.89498
8.55911;8.08962
6.52458;7.12539
6.21533;7.7018
6.89688;7.35215
8.22655;9.43682
8.2318;7.93394
6.107;6.51823
8.75751;6.37968
8.2255;7.49681
7.60309;6.14719
7.76437;7.66133
6.44538;7.85896
8.83618;6.58771
6.32402;8.70332
8.07332;6.38582
7.5983;6.63243
8.47544;8.12288
7.75781;8.69077
9.82469;8.6547
6.04292;8.05123
8.09152;8.27472
9.98517;8.19851
8.79295;8.74268
8.5782;7.01844
6.23949;6.18129
7.16564;8.00386
7.84262;7.61101
9.86283;6.6788
8.19873;6.18684
9.38212;6.27204
6.57266;6.98043
6.90447;9.0481
9.10331;8.66229
7.73887;8.928
7.31698;7.78179
6.97923;9.4085
6.0565;6.9644
7.60701;8.84945
9.70708;6.18521
9.86789;9.94657
6.3665;7.03353
7.95043;8.20912
8.64454;7.81326
8.88792;6.84327
8.0001;8.27005
7.11531;8.57276
9.25047;8.01978
7.62086;8.35378
6.68207;9.35974
7.28178;7.99905
7.14152;8.26101
7.40755;7.19803
9.22541;9.01457
6.04748;8.93248
9.19978;9.91537
8.87906;9.56628
6.9489;6.82949
7.77539;9.59344
8.64275;6.66332
6.43671;6.64285
8.93336;7.55202
9.21561;8.18384
9.5718;6.83648
6.53762;6.25387
6.19621;7.8194
8.25292;7.33773
6.08041;9.66048
8.53576;9.30581
8.67504;8.58324
8.2383;7.87482
8.49861;7.11735
7.4411;9.4475
7.94684;9.21649
9.04094;6.58959
9.87981;9.47765
7.23244;8.81317
7.02967;6.44805
6.99701;6.60147
7.28453;7.53463
6.85533;7.48074
9.35403;9.10826
8.81847;9.43444
8.76873;7.35423
8.74025;7.44378
9.93747;6.97855
9.3186;8.43607
8.0959;6.75969
7.88358;6.04274
9.97619;6.92452
6.63233;9.856
6.40217;7.86477
8.66917;7.43184
8.31282;9.66617
8.03331;9.59735
7.2008;8.88864
7.07809;6.55483
7.9969;9.89656
9.98926;6.76563
7.25079;8.72951
8.20941;7.18826
9.70806;7.528
9.62434;7.80396
8.2877;7.50791
7.8467;8.26389
8.43244;8.47904
8.11988;8.83461
6.34381;6.78905
