0;973
0;1016
0;2011
0;153
0;1190
1;760
1;1953
1;1306
1;379
1;1981
2;1588
2;320
2;631
2;1523
2;1142
3;52
3;1605
3;427
3;1188
3;46
4;2043
4;437
4;739
4;1502
4;1626
5;1931
5;586
5;1451
5;308
5;1329
6;1908
6;693
6;1038
6;1121
6;839
7;1679
7;424
7;1002
7;1391
7;1007
8;1784
8;2061
8;1220
8;1763
8;389
9;830
9;372
9;546
9;476
9;1601
10;1766
10;678
10;823
10;273
10;460
11;318
11;909
11;1630
11;619
11;261
12;1127
12;75
12;1695
12;354
12;1345
13;545
13;1057
13;1808
13;2100
13;872
14;1514
14;894
14;465
14;777
14;1486
15;2167
15;447
15;1691
15;472
15;1059
16;976
16;712
16;2140
16;356
16;298
17;1395
17;677
17;1913
17;1580
17;1414
18;1331
18;738
18;1077
18;1631
18;30
19;1065
19;1385
19;1698
19;902
19;755
20;755
20;653
20;901
20;1413
20;312
21;290
21;2053
21;1732
21;498
21;1579
22;1373
22;1951
22;1164
22;232
22;1782
23;200
23;403
23;1948
23;363
23;1671
24;1673
24;306
24;670
24;334
24;1596
25;228
25;1872
25;1194
25;1844
25;1047
26;935
26;1634
26;2158
26;964
26;1525
27;1958
27;1495
27;361
27;2136
27;1675
28;1563
28;1972
28;226
28;824
28;932
29;422
29;245
29;1935
29;596
29;431
30;1965
30;1331
30;1804
30;738
31;1923
31;1650
31;1546
31;1309
31;1850
32;1018
32;1900
32;881
32;567
32;260
33;1712
33;1937
33;1590
33;1364
33;1992
34;1790
34;1469
34;478
34;1875
34;1684
35;2155
35;1116
35;798
35;2054
35;704
36;716
36;1532
36;204
36;1769
36;1851
37;1936
37;1824
37;1658
37;520
37;55
38;933
38;861
38;1071
38;2013
38;1223
39;2005
39;1287
39;268
39;125
39;1862
40;220
40;1576
40;1696
40;1761
40;1558
41;1829
41;314
41;114
41;1600
41;2104
42;990
42;1435
42;613
42;2178
42;1585
43;1005
43;628
43;1030
43;1307
43;1668
44;2179
44;1088
44;1328
44;699
44;367
45;1538
45;1956
45;742
45;1948
45;434
46;2128
46;1188
46;52
46;1632
47;831
47;50
47;2040
47;433
47;485
48;1078
48;1768
48;1349
48;719
48;1248
49;1859
49;463
49;1417
49;1119
49;925
50;514
50;485
50;831
50;806
51;1423
51;1292
51;1842
51;150
51;856
52;1605
52;1188
52;427
53;1767
53;729
53;113
53;1264
53;421
54;1590
54;514
54;33
54;1937
54;806
55;900
55;1936
55;221
55;781
55;793
56;1678
56;1264
56;1565
56;590
56;812
57;436
57;1295
57;441
57;415
57;442
58;323
58;1846
58;663
58;497
58;1984
59;517
59;1399
59;91
59;70
59;1406
60;88
60;1845
60;1868
60;1428
60;196
61;328
61;265
61;591
61;1815
61;1914
62;771
62;1312
62;346
62;395
62;1509
63;1949
63;746
63;1353
63;1734
63;1754
64;791
64;1713
64;889
64;594
64;1842
65;1912
65;1387
65;1301
65;1789
65;95
66;1072
66;180
66;442
66;1230
66;1575
67;1167
67;1440
67;1607
67;1394
67;1135
68;1191
68;336
68;787
68;2071
68;534
69;2093
69;1039
69;1762
69;1036
69;443
70;517
70;1399
70;301
70;91
71;1437
71;1157
71;942
71;1380
71;508
72;1584
72;1179
72;120
72;342
72;692
73;1159
73;1166
73;673
73;698
73;531
74;1830
74;744
74;471
74;891
74;624
75;1127
75;1762
75;443
75;634
76;1720
76;621
76;1212
76;1927
76;1519
77;1320
77;818
77;1971
77;251
77;813
78;1377
78;1375
78;528
78;291
78;1351
79;1338
79;675
79;1160
79;376
79;981
80;1262
80;1069
80;1900
80;260
80;1210
81;722
81;2156
81;1941
81;615
81;1095
82;666
82;118
82;1319
82;731
82;360
83;1349
83;1450
83;48
83;1476
83;1700
84;414
84;1788
84;232
84;1547
84;947
85;1685
85;2006
85;2029
85;1990
85;837
86;90
86;1879
86;1704
86;1910
86;236
87;2138
87;158
87;2172
87;825
87;840
88;1845
88;1868
88;1428
88;196
89;650
89;1714
89;850
89;565
89;1994
90;1879
90;1910
90;1704
90;236
91;517
91;1406
91;1399
91;513
92;1926
92;1155
92;1999
92;1181
92;2085
93;1895
93;1983
93;479
93;1085
93;1550
94;248
94;334
94;952
94;1486
94;1888
95;2071
95;366
95;1912
95;68
96;768
96;2030
96;203
96;252
96;285
97;2042
97;1735
97;2170
97;953
97;2076
98;1392
98;533
98;1961
98;799
98;1013
99;955
99;539
99;754
99;541
99;1111
100;1442
100;1253
100;1213
100;984
100;1730
101;391
101;803
101;159
101;1932
101;2024
102;465
102;1888
102;1805
102;1615
102;1962
103;1753
103;1544
103;119
103;611
103;892
104;1509
104;1856
104;891
104;293
104;149
105;898
105;1527
105;731
105;118
105;1783
106;924
106;1060
106;1122
106;1524
106;657
107;448
107;1108
107;694
107;1410
107;1066
108;1472
108;1765
108;1661
108;1104
108;968
109;1630
109;261
109;318
109;1828
109;1478
110;1447
110;1332
110;2053
110;1111
110;848
111;1649
111;1247
111;550
111;1726
111;890
112;399
112;430
112;968
112;1104
112;871
113;385
113;729
113;1264
113;1493
114;257
114;2104
114;1394
114;2028
115;1341
115;1666
115;1976
115;505
115;438
116;1811
116;240
116;1045
116;1187
116;2036
117;371
117;1778
117;2098
117;1105
117;1503
118;731
118;666
118;1527
119;611
119;1628
119;892
119;1544
120;692
120;342
120;1584
120;1327
121;1068
121;1560
121;1672
121;958
121;887
122;967
122;1337
122;1998
122;195
122;1729
123;1280
123;734
123;1402
123;1553
123;1244
124;631
124;1162
124;1142
124;828
124;2
125;268
125;2005
125;35
125;1116
125;2155
126;1775
126;1741
126;569
126;263
126;1899
127;632
127;580
127;1831
127;599
127;1408
128;568
128;1237
128;457
128;274
128;727
129;327
129;1923
129;1650
129;1487
129;31
130;664
130;2039
130;593
130;1275
130;740
131;1115
131;1884
131;267
131;988
131;165
132;1021
132;392
132;1463
132;1785
132;2143
133;2160
133;885
133;1124
133;365
133;1534
134;574
134;647
134;726
134;1482
134;858
135;1709
135;1387
135;1301
135;1651
135;1546
136;1272
136;971
136;1613
136;315
136;2080
137;977
137;1643
137;702
137;1916
137;2030
138;629
138;341
138;1303
138;1483
138;302
139;1215
139;527
139;1146
139;459
139;1132
140;466
140;1304
140;547
140;1637
140;1746
141;215
141;1800
141;2109
141;1837
141;326
142;241
142;558
142;346
142;776
142;809
143;1154
143;884
143;358
143;351
143;1682
144;1390
144;1752
144;1107
144;910
144;1049
145;1920
145;1444
145;1677
145;600
145;2035
146;155
146;500
146;478
146;1790
146;863
147;1273
147;307
147;1126
147;305
147;1792
148;1930
148;1851
148;204
148;1148
148;1532
149;624
149;471
149;891
149;1699
149;293
150;1292
150;1423
150;1026
150;1189
151;1401
151;1368
151;2150
151;192
151;842
152;2169
152;356
152;1606
152;712
152;298
153;2011
153;1016
153;1976
153;973
154;1451
154;542
154;308
154;430
154;399
155;500
155;478
155;1670
155;863
156;193
156;1518
156;488
156;1821
156;559
157;1101
157;1911
157;309
157;597
157;271
158;2138
158;2172
158;840
158;825
159;1932
159;2024
159;535
159;761
160;719
160;895
160;317
160;1248
160;2022
161;1368
161;2016
161;151
161;671
161;1495
162;1298
162;1575
162;1994
162;565
162;1181
163;1680
163;555
163;791
163;362
163;2139
164;714
164;426
164;405
164;828
164;1750
165;267
165;1884
165;1289
165;1569
166;1309
166;1578
166;1650
166;31
166;1923
167;1365
167;1542
167;1441
167;721
167;809
168;303
168;989
168;2136
168;2014
168;671
169;2069
169;747
169;524
169;1033
169;870
170;1748
170;1568
170;1987
170;1193
170;1858
171;549
171;501
171;1384
171;1580
171;2046
172;1881
172;931
172;1100
172;667
172;1791
173;2137
173;1751
173;1259
173;757
173;651
174;1207
174;1779
174;1609
174;774
174;944
175;401
175;2068
175;188
175;321
175;1055
176;185
176;1449
176;519
176;1864
176;903
177;917
177;749
177;1654
177;1552
177;222
178;713
178;648
178;250
178;217
178;1031
179;1976
179;115
179;1341
179;955
179;1618
180;1072
180;1994
180;1575
180;1795
181;1363
181;1793
181;720
181;1022
181;1997
182;230
182;620
182;588
182;1993
182;733
183;764
183;1459
183;601
183;450
183;1056
184;879
184;1084
184;1465
184;780
184;963
185;1449
185;903
185;428
185;1023
186;1736
186;829
186;420
186;797
186;160
187;331
187;234
187;2034
187;1158
187;747
188;2068
188;1055
188;1728
188;1925
189;1737
189;2062
189;1256
189;683
189;2012
190;1967
190;1253
190;1952
190;635
190;1213
191;1436
191;1566
191;1743
191;231
191;2066
192;842
192;1401
192;247
192;1922
193;1518
193;1821
193;488
193;458
194;330
194;634
194;1720
194;1519
194;621
195;1337
195;967
195;1642
195;1998
196;1428
196;709
196;1185
197;2054
197;1116
197;2155
197;704
197;35
198;2118
198;503
198;1200
198;773
198;2004
199;1242
199;2013
199;933
199;1412
199;1506
200;1948
200;403
200;1621
200;1538
201;927
201;1490
201;560
201;616
201;751
202;1456
202;1378
202;646
202;1286
202;763
203;252
203;285
203;768
203;794
204;1851
204;1532
204;1930
204;2096
205;608
205;843
205;2175
205;853
205;709
206;1360
206;921
206;691
206;1576
206;994
207;1386
207;1027
207;1353
207;1562
207;477
208;904
208;2007
208;1177
208;2124
208;1183
209;237
209;2060
209;265
209;893
209;1826
210;1031
210;370
210;1534
210;296
210;648
211;1063
211;1499
211;550
211;1247
211;765
212;616
212;254
212;1376
212;1076
212;201
213;1389
213;676
213;533
213;1270
213;1964
214;1383
214;1682
214;1342
214;1618
214;358
215;1800
215;2109
215;1837
215;326
216;262
216;223
216;705
216;266
216;1612
217;250
217;1209
217;912
217;388
218;1106
218;1061
218;1894
218;2119
218;440
219;723
219;355
219;916
219;2095
219;1118
220;1761
220;1558
220;1787
220;1556
221;900
221;2163
221;1979
221;1936
222;1801
222;887
222;1161
222;917
222;1521
223;2063
223;262
223;937
223;1612
224;1425
224;1221
224;789
224;455
224;2117
225;1048
225;815
225;951
225;2067
225;1898
226;1972
226;1715
226;1286
226;1974
226;1378
227;833
227;1461
227;2106
227;495
227;269
228;1844
228;1194
228;1696
228;1647
229;1374
229;474
229;2107
229;1300
229;1496
230;620
230;1993
230;1153
230;661
231;1566
231;2066
231;1436
231;1245
231;2082
232;325
232;414
232;1464
232;1782
233;1090
233;1033
233;870
233;747
233;169
234;2015
234;331
234;602
234;1683
235;1732
235;2053
235;1889
235;290
235;110
236;1910
236;1704
236;1475
237;2060
237;893
237;265
237;1826
238;1470
238;944
238;1150
238;1285
238;2070
239;1066
239;1536
239;1410
239;1149
239;107
240;1811
240;2036
240;1045
240;1388
241;558
241;242
241;346
241;809
242;523
242;2162
242;1771
242;1705
243;954
243;1600
243;1148
243;1892
243;1829
244;1234
244;1531
244;1854
244;256
244;2126
245;1935
245;422
245;431
245;2177
246;382
246;1727
246;1396
246;785
246;1217
247;1922
247;1989
247;1325
247;1669
248;334
248;952
248;24
248;878
249;1097
249;1432
249;1235
249;934
249;1918
250;713
250;642
250;1339
251;1477
251;1623
251;1320
251;818
252;285
252;794
252;1109
253;892
253;287
253;1137
253;2040
253;1628
254;1076
254;1794
254;616
254;988
255;386
255;1488
255;2113
255;1251
255;557
256;1234
256;292
256;1599
256;2126
257;2104
257;1394
257;2028
257;1887
258;1657
258;304
258;614
258;446
258;583
259;912
259;1209
259;388
259;263
259;605
260;1900
260;1069
260;1262
260;1210
261;1630
261;318
261;1478
262;705
262;444
262;1612
262;266
263;1741
263;912
263;1899
264;272
264;2008
264;1227
264;2109
264;2114
265;2060
265;1826
266;389
266;444
266;705
266;1784
267;1884
267;1569
267;1115
268;2005
268;1116
268;35
268;2155
269;1855
269;833
269;1981
269;1452
270;343
270;1797
270;1814
270;1827
270;1694
271;309
271;2133
271;1101
271;1911
272;2008
272;2114
272;737
272;398
273;1917
273;823
273;1135
273;1766
274;1409
274;1592
274;457
274;1845
275;374
275;1482
275;1843
275;699
275;858
276;1601
276;476
276;966
276;291
276;830
277;360
277;118
277;1488
277;105
277;82
278;913
278;874
278;1051
278;1471
278;1352
279;753
279;598
279;1802
279;1017
279;1288
280;1317
280;1479
280;284
280;1146
280;1028
281;1676
281;1327
281;958
281;1672
281;1560
282;1156
282;1120
282;1231
282;2031
282;829
283;1876
283;1257
283;1778
283;1877
283;743
284;1479
284;1317
284;800
284;1470
285;794
285;1109
286;1632
286;1188
286;1053
286;1025
286;46
287;1137
287;892
287;1946
287;2164
288;1231
288;1740
288;1120
288;2031
288;1859
289;1638
289;1655
289;324
289;2050
289;547
290;1732
290;498
290;1579
290;2053
291;1375
291;1377
291;1585
292;1599
292;301
292;1234
292;2094
293;1646
293;1856
293;1699
293;624
294;2111
294;662
294;1266
294;604
294;1469
295;1243
295;1773
295;862
295;2142
295;1484
296;1534
296;946
296;1031
296;370
297;1490
297;560
297;927
297;751
297;201
298;356
298;1225
298;712
298;976
298;1606
299;2152
299;1091
299;536
299;908
299;1372
300;1921
300;1058
300;1644
300;1656
300;865
301;1399
301;59
301;517
302;1483
302;2129
302;921
302;2127
302;629
303;989
303;2136
303;2014
303;671
304;614
304;1657
304;583
304;572
305;1792
305;1126
305;307
305;1133
305;1273
306;670
306;1594
306;1596
306;1673
307;1273
307;1126
307;1541
307;1792
308;1451
308;1940
308;1199
308;1931
309;1911
309;1101
309;2133
310;1351
310;2173
310;2157
310;995
310;1721
311;874
311;879
311;1465
311;278
311;184
312;1413
312;1065
312;755
312;19
313;697
313;1169
313;1204
313;1571
313;1969
314;1866
314;1627
314;1829
314;2056
315;971
315;2080
315;1719
315;1954
315;1557
316;516
316;950
316;1860
316;509
316;2033
317;1248
317;719
317;963
317;2022
318;1630
318;1478
319;405
319;426
319;164
319;2175
319;828
320;1523
320;1588
320;1702
320;349
321;2146
321;188
321;401
321;1925
322;979
322;2018
322;949
322;2177
322;596
323;1846
323;663
323;409
323;497
324;1655
324;2050
324;1638
324;2048
325;1464
325;1882
325;720
325;1997
326;1641
326;1477
326;251
327;1650
327;1923
327;31
327;1578
328;1914
328;591
328;1815
328;1026
329;1728
329;1055
329;1225
329;1606
329;2068
330;1519
330;1720
330;621
330;1927
330;1212
331;2034
331;1158
331;747
332;640
332;884
332;143
332;595
332;905
333;1703
333;532
333;1251
333;1597
333;1180
334;952
334;618
335;506
335;910
335;1049
335;481
335;1481
336;534
336;1191
336;787
336;2071
337;1528
337;847
337;1832
337;1968
337;583
338;1042
338;1254
338;367
338;986
338;736
339;2017
339;1020
339;2147
339;1889
339;290
340;1625
340;1024
340;1480
340;1314
340;1180
341;629
341;974
341;2150
341;750
342;692
342;1584
342;1561
343;1797
343;1814
343;1694
343;183
344;610
344;832
344;2115
344;1315
344;1279
345;784
345;2000
345;1849
345;1010
345;572
346;771
346;1509
346;104
347;1656
347;1944
347;1965
347;373
347;1602
348;1608
348;1869
348;665
348;845
348;508
349;1142
349;853
349;2175
349;205
350;622
350;821
350;2097
350;1214
350;1901
351;1624
351;1154
351;1993
351;358
352;1718
352;797
352;1628
352;1736
352;186
353;1928
353;411
353;695
353;557
353;1708
354;1345
354;1695
354;634
354;1707
355;1995
355;723
355;916
355;1614
356;712
356;2169
357;1536
357;1410
357;1066
357;1505
357;239
358;1154
358;1342
358;1682
358;884
359;1238
359;1000
359;1902
359;387
359;1867
360;118
360;666
360;1488
361;1958
361;1675
361;1228
361;2136
362;2139
362;1539
362;1105
362;1680
363;1660
363;1960
363;403
363;1671
363;1343
364;1161
364;708
364;727
364;886
364;1801
365;2160
365;648
365;1534
365;1031
366;2071
366;1912
366;816
366;985
367;736
367;1254
367;1042
367;986
368;1415
368;770
368;1300
368;474
368;1367
369;1905
369;922
369;1176
369;2019
369;1192
370;1031
370;713
370;178
371;2098
371;1778
371;1503
371;1257
372;546
372;480
372;613
372;830
373;1567
373;1907
373;1656
373;1431
374;1482
374;726
374;858
374;699
375;1770
375;1508
375;1550
375;914
375;970
376;1160
376;675
376;1176
376;1526
377;1825
377;1723
377;1692
377;1857
377;820
378;1241
378;1979
378;2163
378;383
378;1636
379;1064
379;760
379;1953
379;1839
380;715
380;778
380;1020
380;683
380;2147
381;400
381;1178
381;682
381;1318
381;384
382;1727
382;785
382;1396
382;1217
383;1636
383;1241
383;2079
383;1043
384;1318
384;1178
384;1963
384;682
385;1501
385;1388
385;932
385;729
386;557
386;1928
386;725
386;353
387;1238
387;1867
387;566
387;1157
388;1209
388;912
388;605
388;263
389;444
389;1784
389;705
389;1763
390;902
390;1460
390;755
390;814
390;1316
391;803
391;1975
391;2091
391;394
392;1021
392;1463
392;801
392;1249
393;582
393;1171
393;1689
393;1015
393;639
394;1975
394;581
394;2091
394;1012
394;803
395;1312
395;1705
395;2162
395;771
395;1466
396;897
396;856
396;1539
396;1842
396;283
397;1133
397;1792
397;305
397;1126
397;471
398;2114
398;1291
398;2008
398;818
398;1477
399;430
399;968
399;542
399;1104
400;682
400;1178
400;1169
400;1318
401;2068
401;188
401;1055
401;412
402;1147
402;569
402;1197
402;1724
402;1775
403;1671
403;1660
403;1957
404;462
404;562
404;2025
404;469
404;1893
405;1750
405;1313
405;1807
406;1278
406;1416
406;1662
406;137
406;1114
407;775
407;441
407;415
407;377
407;1295
408;592
408;1817
408;445
408;1903
408;1777
409;663
409;460
409;1174
409;1846
410;458
410;488
410;1887
410;1821
410;1518
411;695
411;1928
411;1943
411;1865
412;1405
412;175
412;491
412;1783
413;1326
413;544
413;1872
413;1364
413;1992
414;1788
414;1547
414;947
415;1295
415;441
415;1848
416;2010
416;1134
416;484
416;1525
416;1634
417;1688
417;1379
417;801
417;725
417;2113
418;1870
418;1658
418;1955
418;520
418;1745
419;2083
419;1604
419;628
419;660
419;1307
420;463
420;797
420;1417
420;1736
420;829
421;1276
421;1767
421;590
421;827
421;1678
422;1935
422;431
422;2177
423;1227
423;1800
423;215
423;141
423;1830
424;1007
424;1391
424;1517
424;1679
425;1035
425;999
425;576
425;529
425;1143
426;828
426;714
426;405
427;1605
427;1966
427;625
428;1893
428;562
428;903
428;2128
429;618
429;1748
429;1987
429;952
429;170
430;1269
430;542
430;1697
431;2177
431;949
431;2018
431;1279
432;451
432;948
432;1620
432;1549
432;1310
433;674
433;1548
433;1648
433;831
434;981
434;1538
434;493
434;1621
435;1219
435;1261
435;1791
435;964
435;931
436;442
436;1295
436;441
436;66
437;1626
437;1062
437;1516
437;766
438;1863
438;1305
438;505
438;1016
438;1681
439;1359
439;796
439;1756
439;1058
439;490
440;868
440;1894
440;1061
440;1106
441;775
441;442
442;775
443;1762
443;2093
443;194
444;705
444;216
445;1903
445;1817
445;592
445;1540
446;1657
446;740
446;2039
446;664
447;1691
447;1059
447;2167
447;524
448;1108
448;694
448;1505
448;1410
449;782
449;1504
449;1195
449;690
449;1176
450;1459
450;601
450;764
450;818
451;948
451;2091
451;1620
451;1310
452;606
452;1158
452;826
452;1662
452;1090
453;2134
453;1722
453;1152
453;2088
453;1361
454;1112
454;1547
454;857
454;947
454;1788
455;1371
455;1425
455;2116
455;789
456;907
456;635
456;1716
456;1213
456;2006
457;1237
457;568
457;281
458;488
458;1821
458;1518
458;1184
459;461
459;1132
459;587
459;1081
460;678
460;1766
460;1174
461;1132
461;1081
461;587
461;139
462;469
462;1321
462;540
462;2025
463;1417
463;1859
463;797
464;1036
464;1924
464;1247
464;550
464;1499
465;1805
465;1874
465;982
466;1304
466;1746
466;547
466;2165
467;510
467;1806
467;880
467;736
467;587
468;877
468;1053
468;1314
468;1299
468;1474
469;1321
469;540
469;2025
470;1497
470;689
470;636
470;1906
470;2004
471;624
471;891
471;744
471;1699
472;2167
472;1683
472;447
472;1691
473;579
473;1340
473;595
473;1190
473;973
474;1032
474;1496
474;1374
474;1415
475;1022
475;1812
475;960
475;1088
475;1793
476;830
476;1601
476;1050
476;1041
477;1027
477;1562
477;1139
477;1044
478;1790
478;863
479;1550
479;1419
479;1085
479;914
479;1738
480;546
480;807
480;1277
480;1820
481;796
481;1789
481;1756
481;1049
481;910
482;1903
482;1508
482;445
482;1305
482;1770
483;1587
483;996
483;1583
483;1746
483;2165
484;1134
484;1397
484;2029
484;486
485;514
485;806
485;2120
485;798
486;1397
486;2029
486;1134
486;2057
487;841
487;751
487;1076
487;201
487;2171
488;1148
488;1518
488;1821
489;1531
489;834
489;1095
489;969
489;1854
490;1494
490;1359
490;1136
490;1756
491;1405
491;898
491;1783
491;105
492;1707
492;603
492;1780
492;1073
492;570
493;1929
493;1933
493;1621
493;981
494;1513
494;1123
494;1336
494;1267
494;1913
495;1404
495;833
495;1693
495;957
496;1203
496;1710
496;258
496;1047
496;304
497;638
497;1984
497;1846
498;1579
498;2012
498;683
499;817
499;2030
499;977
499;768
499;96
500;1670
500;478
500;1713
501;549
501;2046
501;2154
501;1384
502;1202
502;875
502;530
502;688
502;2170
503;1200
503;2118
503;773
503;2004
504;1112
504;857
504;1006
504;947
504;1547
505;1540
505;1666
505;1305
505;445
506;910
506;1049
506;481
506;1481
507;1700
507;1054
507;781
507;793
507;1450
508;1608
508;665
508;1869
508;845
509;1860
509;950
509;1263
509;1366
510;880
510;736
510;1028
510;1806
511;2171
511;1997
511;134
511;1418
511;758
512;1802
512;799
512;598
512;753
512;1487
513;1406
513;1399
513;538
513;1904
514;1590
514;806
515;1631
515;1077
515;566
515;738
515;18
516;950
516;2033
516;1860
516;509
517;1399
517;1406
518;876
518;869
518;1525
518;2168
518;2158
519;1864
519;1252
519;930
519;2019
520;1955
520;1054
520;1870
520;1658
521;882
521;1445
521;741
521;1581
521;1050
522;1484
522;2142
522;862
522;1951
522;1773
523;2162
523;1705
523;1771
523;395
524;870
524;2069
524;1059
524;1691
525;1939
525;1697
525;1269
525;622
525;1183
526;975
526;1376
526;212
526;1356
526;1996
527;2132
527;1215
527;459
527;686
528;1375
528;643
528;291
528;676
529;576
529;999
529;1198
529;1143
529;1239
530;875
530;1202
530;2099
530;2176
531;1973
531;962
531;1796
531;1166
531;1743
532;1251
532;1703
532;732
532;938
533;676
533;1389
533;1961
534;816
534;2071
534;1819
535;1909
535;1932
535;808
535;761
536;1091
536;908
536;2152
536;1838
537;1679
537;934
537;1037
537;1002
537;7
538;1406
538;1904
538;2126
538;1399
539;754
539;955
539;1111
539;1332
540;1321
540;2025
540;1438
541;993
541;955
541;2032
541;1885
542;1269
542;1551
543;2124
543;1697
543;1183
543;1177
543;1269
544;1992
544;1326
544;1364
544;1186
545;1574
545;872
545;1537
545;1808
546;807
546;1820
547;1824
547;1638
547;1304
548;929
548;1259
548;915
548;1963
548;1178
549;1384
549;2046
549;2154
550;1247
550;1499
551;1570
551;734
551;678
551;460
551;1174
552;2159
552;656
552;2144
552;1645
552;863
553;1106
553;218
553;1373
553;1061
553;1164
554;2174
554;1011
554;2161
554;1687
554;555
555;1680
555;1011
555;2139
555;1545
556;2103
556;945
556;1737
556;733
556;763
557;1928
557;725
558;809
558;1542
558;776
559;2038
559;36
559;716
559;1532
560;927
560;1490
560;751
561;1593
561;1344
561;1185
561;1216
561;1428
562;1893
562;2025
562;462
563;1236
563;1268
563;1861
563;466
563;547
564;718
564;974
564;1511
564;1462
564;1071
565;850
565;1155
565;1181
565;1926
565;92
566;1631
566;1077
566;1608
567;1069
567;1262
567;1900
567;80
567;1275
568;1237
568;727
568;886
569;1775
569;1147
569;1197
570;2027
570;2073
570;603
570;1780
571;1773
571;1250
571;1243
571;633
571;295
572;583
572;614
572;1832
572;2000
572;847
573;923
573;1192
573;1886
573;655
573;851
574;726
574;1482
574;647
574;2171
575;1559
575;1758
575;991
575;1925
575;1641
576;1143
576;1407
576;999
577;2168
577;826
577;606
577;236
577;876
578;2009
578;1747
578;1659
578;2002
578;1339
579;1340
579;973
579;846
579;0
580;599
580;822
580;632
580;1831
581;636
581;1975
581;2091
581;1012
582;1171
582;1689
582;639
582;1015
583;614
583;1832
583;1528
584;1068
584;121
584;887
584;1560
584;1672
585;1956
585;1919
585;742
585;641
585;1226
586;1329
586;1357
586;941
586;1931
587;1132
587;1806
587;1081
588;620
588;1993
588;836
588;1624
589;838
589;1645
589;2159
589;604
589;911
590;827
590;1678
590;1276
591;1815
591;1914
591;265
592;1817
592;1903
592;1777
593;567
593;1275
593;664
593;32
594;1842
594;791
594;856
594;163
595;1682
595;884
595;143
595;358
596;1978
596;979
596;949
596;2177
597;2059
597;786
597;637
597;1393
597;1101
598;753
598;1802
598;1487
599;632
599;1764
599;728
600;1677
600;1920
600;2037
600;2081
601;1459
601;764
601;1056
602;1683
602;1002
602;2015
602;819
603;1780
603;1707
603;2073
604;1469
604;2159
604;1645
605;1209
605;912
605;992
606;826
606;1090
606;1158
607;619
607;1082
607;852
607;909
607;1129
608;843
608;709
608;2175
608;1610
609;1788
609;2119
609;454
609;1915
609;1823
610;832
610;2115
610;1315
610;1279
611;1544
611;1628
611;1558
612;1471
612;1427
612;1448
612;1051
612;1785
613;990
613;1435
613;1585
614;1657
615;2156
615;1366
615;722
615;1095
616;1076
616;927
617;1372
617;1402
617;1280
617;1244
617;908
618;952
618;1444
618;1748
618;1987
619;1082
619;852
619;2072
619;909
620;1993
620;836
621;1212
621;1927
621;1519
621;1073
622;1214
622;2107
622;1939
623;1083
623;940
623;1853
623;1685
623;1421
624;891
624;1699
624;744
625;1001
625;928
625;1635
625;3
626;1835
626;1443
626;767
626;627
626;1715
627;767
627;1443
627;1934
627;1102
628;1030
628;1307
628;1005
628;2083
629;1303
629;2127
629;1483
629;2129
630;1481
630;2146
630;321
630;787
630;1191
631;1142
631;1162
631;1588
632;728
632;1764
633;2149
633;1250
633;1516
633;1498
634;1345
634;330
634;1519
635;1213
635;907
635;1990
636;689
636;1906
636;1310
636;1497
637;786
637;1393
637;1109
637;1809
638;1984
638;1846
638;58
638;323
639;1689
639;1668
639;1171
639;1086
640;905
640;884
640;1624
640;836
641;717
641;1777
641;1733
641;592
642;1339
642;1747
642;713
642;1659
643;1585
643;959
643;990
643;42
643;1375
644;1510
644;1892
644;1663
644;954
644;1274
645;1229
645;2076
645;2084
645;748
645;1622
646;2041
646;945
646;2108
646;763
647;858
647;699
647;1482
647;726
648;1031
648;1534
649;1426
649;1350
649;1311
649;1491
649;1092
650;1714
650;1994
650;850
650;1795
651;668
651;1564
651;2137
651;1096
652;1633
652;1562
652;2134
652;477
652;207
653;1413
653;1555
653;1798
653;1474
654;1196
654;1613
654;1322
654;1298
654;1080
655;1192
655;1526
655;923
655;369
656;2144
656;1665
656;1400
656;2159
657;993
657;924
657;1195
657;541
658;1103
658;1056
658;939
658;764
658;601
659;1904
659;1121
659;2145
659;839
659;91
660;1604
660;805
660;582
660;393
661;733
661;1153
661;2062
661;1737
661;189
662;2111
662;1266
662;589
662;604
663;1846
663;1174
664;2039
664;740
664;1657
665;845
665;1608
665;1869
666;1319
666;976
666;731
667;919
667;931
667;2061
667;1100
667;1808
668;1096
668;173
668;915
668;2137
669;872
669;545
669;1574
669;1880
669;13
670;1959
670;2081
670;1640
670;1117
671;2016
671;1182
671;1495
671;842
671;1368
672;1962
672;2135
672;2090
672;1772
672;1324
673;1941
673;722
673;1159
673;81
674;1548
674;1648
674;1205
674;47
675;1176
675;690
675;1160
676;1389
676;959
677;1395
677;1414
677;1841
677;1935
678;1766
678;409
679;1512
679;1475
679;1473
679;1619
679;1950
680;2087
680;2088
680;920
680;1152
680;1742
681;1674
681;2023
681;1711
681;2026
681;1173
682;1969
682;1169
682;1178
683;1579
683;1256
683;2017
684;1136
684;865
684;1907
684;1494
684;1818
685;1980
685;2049
685;1265
685;1847
685;1243
686;1285
686;1215
686;2132
686;944
687;732
687;938
687;1319
687;1771
687;1705
688;1422
688;953
688;97
688;2042
689;1497
689;2004
689;1310
690;782
690;1195
690;1176
691;1576
691;1119
691;925
691;1360
692;1327
692;1561
692;1584
693;1038
693;1908
693;2110
693;802
694;1108
694;1505
694;1410
695;1865
695;1943
695;1928
696;1945
696;1878
696;1457
696;1015
696;1714
697;1169
697;1991
697;1744
697;1382
698;1454
698;1840
698;1614
698;1000
699;1328
699;858
699;1088
700;1664
700;2178
700;1435
700;1277
700;1492
701;1034
701;1295
701;415
701;1222
701;57
702;1916
702;1643
702;977
702;1416
703;2048
703;2050
703;844
703;1970
703;324
704;2054
704;2155
704;1116
705;1229
706;820
706;1857
706;1825
706;1692
706;1725
707;1935
707;422
707;2148
707;29
707;245
708;1617
708;886
708;727
708;568
709;1610
709;843
709;980
710;2044
710;2166
710;2161
710;1577
710;2174
711;1583
711;2165
711;1587
711;1746
711;483
712;2169
713;210
714;828
714;1750
714;405
715;778
715;2147
715;1020
715;855
716;1532
716;1769
716;204
716;1851
717;1777
717;408
717;592
717;1903
718;1462
718;1325
718;1511
718;1989
719;1248
719;895
720;1997
720;1793
720;1363
720;1464
721;877
721;468
721;1314
721;1024
722;1941
722;2156
722;2075
723;916
723;1995
723;2095
724;1865
724;1352
724;1708
724;1084
724;1465
725;1688
725;1379
725;2113
726;1482
726;858
727;886
727;1237
727;1617
728;1764
728;127
728;1408
729;1255
729;1501
729;932
730;1458
730;1684
730;1875
730;1988
730;1790
731;1527
731;976
732;938
732;1319
732;1771
732;2140
733;1737
733;2103
733;2062
734;1174
734;941
734;1570
735;1754
735;1398
735;1734
735;940
735;63
736;880
736;2179
736;1028
737;792
737;1982
737;658
737;601
738;1331
738;1077
738;1631
738;1965
739;2043
739;1639
739;1502
739;2121
739;2151
740;1968
740;1528
740;337
741;1050
741;1041
741;882
741;1445
742;1956
742;1226
742;1538
743;1877
743;1257
743;1876
743;2035
744;891
744;149
745;987
745;1198
745;1848
745;537
745;1725
746;1949
746;1376
746;1794
746;1027
747;1033
747;2034
747;2069
748;1622
748;2084
748;2076
748;1729
748;1998
749;917
749;1654
749;222
749;1161
750;1849
750;161
750;1368
750;1228
751;1490
751;841
751;927
752;1581
752;2009
752;882
752;521
752;1445
753;1802
753;1487
754;955
754;825
754;840
755;902
755;1065
756;811
756;1173
756;1354
756;899
756;2023
757;1751
757;2137
757;1963
757;1259
758;1075
758;854
758;1598
758;297
759;1609
759;2020
759;1779
759;174
759;1207
760;1953
760;1064
760;1839
761;1598
761;854
761;1932
762;2123
762;1009
762;1629
762;1433
762;795
763;1256
763;380
763;715
764;1056
764;1103
764;1459
765;1063
765;107
765;1108
765;1499
766;1081
766;1498
766;1847
766;1626
766;461
767;1443
767;1381
767;1934
768;2030
768;977
768;137
769;1335
769;961
769;1358
769;1150
769;2070
770;1415
770;1032
770;1496
770;772
770;474
771;1312
771;2162
772;1496
772;1032
772;1214
772;1415
773;1200
773;2118
773;868
774;2074
774;1779
774;1610
774;980
774;1609
775;415
775;377
775;1723
776;809
776;1542
776;1370
776;1365
777;894
777;1858
777;1486
777;1568
778;2147
778;1020
778;855
779;1602
779;1644
779;1944
779;1970
779;144
780;2045
780;1946
780;2164
780;2022
780;895
781;793
781;1936
781;900
782;1195
782;1176
782;1504
783;1138
783;1289
783;2112
783;998
783;1206
784;2000
784;572
784;2047
784;1849
785;1727
785;1809
785;637
786;1393
786;1109
786;1809
787;1191
787;1481
788;1834
788;1367
788;2111
788;2007
788;208
789;1425
789;1127
789;1221
790;1283
790;1197
790;1204
790;1724
790;1760
791;1713
791;889
792;1947
792;658
792;1982
792;939
793;900
793;221
794;96
794;768
795;1833
795;1433
795;1343
795;1009
795;1960
796;1756
796;1359
796;1049
797;1718
797;1736
798;2120
798;806
798;2155
798;1116
799;1392
799;1013
799;1802
800;2133
800;1479
800;1317
800;961
801;1379
801;1688
801;1333
801;2113
802;1245
802;2110
802;1038
802;2125
803;2091
803;1975
803;948
804;1135
804;1766
804;2028
804;10
804;1917
805;1857
805;1692
805;706
805;1604
806;2120
806;1503
806;2098
807;1820
807;372
807;2002
808;1909
808;1334
808;888
808;1099
809;1542
810;2021
810;1698
810;1594
810;1596
810;1385
811;1354
811;899
811;1173
811;2023
812;1565
812;1678
812;1522
812;1264
813;1971
813;1652
813;1320
813;1819
813;1623
814;1896
814;2153
814;901
814;2089
815;1898
815;2067
815;951
815;1048
816;1819
816;1652
816;2071
816;336
817;203
817;1986
817;2059
817;1109
818;1320
818;1291
818;1477
819;2015
819;1683
819;1725
819;1002
820;1825
820;1725
820;1857
820;1692
821;2097
821;1749
821;827
821;1214
822;1831
822;1175
822;1507
822;127
823;2141
823;1766
823;1838
824;1429
824;2064
824;936
824;1093
825;840
825;2138
825;2172
826;1090
826;1704
826;233
827;1678
827;1276
827;56
828;1162
829;1736
829;1476
829;1156
830;1601
830;1041
830;1050
831;2040
831;1753
832;2115
832;1279
832;1315
833;1404
833;1693
834;969
834;1531
834;1095
834;2126
835;851
835;1886
835;1168
835;573
835;922
836;2038
836;1993
836;905
836;1624
837;1990
837;2006
837;2029
837;635
837;907
838;1645
838;911
838;2159
838;662
839;1121
839;2145
839;1904
840;2138
840;2172
841;2171
841;574
841;297
842;1182
842;2016
843;1610
843;2175
844;2048
844;2050
844;1970
844;1008
845;1869
845;1608
846;1681
846;1863
846;973
846;438
846;1003
847;1832
847;1528
847;583
848;1885
848;2032
848;1332
848;1447
848;1282
849;1719
849;2130
849;1272
849;2080
849;315
850;2085
850;2086
850;1926
850;2101
851;1886
851;923
851;1168
852;1082
852;2072
852;1129
853;2175
853;1142
853;608
854;1598
854;1334
854;1932
855;2090
855;1456
855;2147
856;1842
856;1539
856;897
857;1006
857;1112
857;1823
858;1482
859;1324
859;1772
859;1974
859;1715
859;1286
860;1517
860;1007
860;1391
860;424
860;7
861;1071
861;933
861;2013
861;1223
862;2142
862;1484
862;1951
862;1773
863;34
864;1871
864;1757
864;70
864;1346
864;2094
865;1907
865;1656
865;1136
866;1873
866;1686
866;1745
866;1943
866;1865
867;1556
867;1194
867;1544
867;1558
867;611
868;1894
868;1061
868;198
869;876
869;1525
869;2158
869;1634
870;2069
870;1059
871;1104
871;968
871;399
871;1553
872;1574
872;1537
873;1150
873;1344
873;238
873;2070
873;1470
874;913
874;1352
874;1465
875;1202
875;2099
875;2176
876;1525
876;2168
876;2158
877;1053
877;1299
877;1314
878;1810
878;1087
878;1533
878;1888
878;1438
879;1465
879;1084
879;1352
879;874
880;1028
880;1806
881;1018
881;1455
881;1400
881;1665
881;260
882;1445
882;1581
882;1131
883;1468
883;1826
883;1193
883;2060
883;1987
884;1154
885;946
885;1124
885;1534
885;2160
886;1617
887;1801
887;1068
887;1161
888;1099
888;1260
888;1334
888;1075
889;1713
889;1232
889;500
890;1942
890;1281
890;1726
890;1337
890;967
892;1628
892;1137
892;1753
893;2060
893;265
893;1573
894;1858
894;1568
894;1486
895;2022
895;2164
895;2045
896;1564
896;651
896;906
896;1096
896;668
897;1539
897;283
897;1876
898;1527
898;1783
898;731
899;1354
899;1353
899;1572
900;2163
900;1979
900;1936
901;2143
901;2153
901;755
902;1065
902;1460
903;1449
903;1023
903;1029
904;2007
904;1177
904;2124
904;543
905;2038
905;1624
905;1993
906;2001
906;1096
906;1564
906;1578
907;2006
907;1213
907;1990
908;1091
908;1402
908;1372
909;1816
909;1082
910;1049
910;796
911;2092
911;2144
911;1645
911;2159
912;1209
913;1352
913;1051
913;1471
914;970
914;1550
914;1003
915;929
915;1259
915;173
916;1995
916;2095
917;1654
917;1161
918;1458
918;1670
918;51
918;730
918;150
919;931
919;1808
919;2061
919;1537
920;1742
920;2087
920;2088
920;995
921;994
921;1576
921;1483
922;1905
922;1886
922;930
922;2019
923;1192
923;1886
923;1526
924;1060
924;1122
924;1524
925;1119
925;1360
925;1576
925;1787
926;1165
926;1530
926;131
926;1734
926;165
927;1490
928;1001
928;1635
928;1438
928;427
929;1259
929;1017
929;1963
930;2019
930;1864
930;1905
931;1791
931;1261
932;1501
932;1563
932;1255
933;2013
933;1071
934;1037
934;1235
934;1432
935;1634
935;2158
935;1525
935;416
936;2064
936;1093
936;1429
936;1274
936;1510
937;2063
937;1977
937;1619
937;1473
938;1771
938;1705
938;1319
939;1103
939;1056
939;764
940;1083
940;1398
940;1685
941;1553
941;123
941;1357
942;1380
942;1140
942;1079
942;1437
942;1074
943;1592
943;1409
943;1080
943;274
943;997
944;1285
944;1207
945;2108
945;2041
945;2103
946;1534
946;133
946;1124
947;1547
947;1112
948;2091
948;1549
948;1620
949;2177
949;2018
949;1279
950;1860
950;2033
951;1048
951;1898
951;1629
952;1748
953;2042
953;1422
953;1735
953;1622
954;1892
954;1600
954;1148
955;1885
956;1749
956;1189
956;1543
956;2097
956;1026
957;2106
957;1144
957;1461
957;1759
957;1441
958;1672
958;1327
958;1560
958;1676
959;1585
959;990
959;533
960;1812
960;1088
960;1022
960;467
961;1335
961;2131
961;1348
961;1358
962;1308
962;1140
962;1743
962;1822
963;2022
963;1248
963;780
964;1219
964;1261
964;1791
965;2131
965;271
965;1348
965;1396
965;961
966;984
966;1050
966;741
966;476
967;1337
967;1998
967;1729
968;1104
968;1661
969;1531
969;1290
969;2126
970;1003
970;1770
970;1681
971;2080
971;1557
971;1954
971;1719
972;2116
972;1371
972;492
972;455
972;1707
973;1016
973;2011
973;1863
974;1511
974;1325
974;2150
974;1462
975;1356
975;1996
975;1067
975;212
976;1527
977;1643
977;2030
977;1916
978;2051
978;1919
978;1125
978;1739
978;1733
979;2018
979;949
979;2177
979;957
980;1216
980;1610
980;1593
981;1160
981;1538
981;1929
982;1805
982;1874
982;1774
982;1813
983;1827
983;1653
983;1591
983;1690
983;906
984;1253
984;1967
984;1442
984;190
985;1652
985;1819
985;813
985;1971
985;816
986;1254
986;1042
986;1843
987;1848
987;1198
987;1239
987;999
988;1115
988;1794
988;1076
989;2136
989;1495
989;671
990;1585
990;1435
991;1758
991;1559
991;1641
991;1623
992;1760
992;388
992;126
992;1283
993;1195
993;2032
993;1504
994;1576
994;1696
994;2129
994;1483
995;1721
995;1742
995;2087
995;680
996;1587
996;1746
996;1583
996;1304
997;1409
997;1592
997;1185
997;1868
998;1485
998;2112
998;1206
998;1843
999;1239
999;1035
999;1848
1000;1840
1000;1454
1000;1902
1001;1635
1001;1438
1001;427
1002;1683
1002;1679
1003;1681
1003;375
1004;1934
1004;1102
1004;1774
1004;1985
1004;1573
1005;1030
1005;1307
1005;1224
1006;1823
1006;1211
1006;1112
1007;1391
1007;1517
1008;1296
1008;1970
1008;1706
1008;1241
1009;1433
1009;2123
1009;1629
1010;1420
1010;2000
1010;847
1010;1832
1011;1545
1011;1680
1011;2174
1012;1757
1012;1906
1012;636
1013;1270
1013;1392
1013;684
1014;1883
1014;1489
1014;1716
1014;1240
1014;2026
1015;1457
1015;1945
1016;2011
1016;1863
1017;1288
1017;1744
1017;548
1018;260
1018;1900
1018;1069
1019;2052
1019;1529
1019;2125
1019;1245
1019;2110
1020;2147
1020;2017
1021;1463
1021;2143
1021;1785
1022;1812
1022;1363
1022;1793
1023;1029
1023;1449
1023;1841
1023;1414
1024;1480
1024;1625
1024;1314
1025;2105
1025;1966
1025;1605
1025;427
1026;1543
1026;1189
1026;61
1027;1139
1027;1386
1027;1044
1028;1806
1028;1317
1029;1841
1029;1414
1029;1168
1029;1252
1030;1307
1030;2083
1031;1534
1032;1496
1032;1415
1033;2034
1033;1158
1034;1035
1034;425
1034;999
1034;1295
1035;576
1035;529
1036;1924
1036;1247
1036;550
1037;1679
1037;1235
1037;1432
1038;1908
1038;2110
1039;2093
1039;599
1039;1764
1039;1762
1040;2072
1040;1478
1040;261
1040;1799
1040;2014
1041;1050
1041;2002
1042;1254
1042;736
1043;2077
1043;1706
1043;2079
1043;1636
1043;1296
1044;2082
1044;1258
1044;2066
1044;1139
1044;1436
1045;1094
1045;1187
1045;1388
1046;1114
1046;1224
1046;1005
1046;1662
1046;1030
1047;1203
1047;2047
1047;1872
1048;1898
1048;2067
1051;1448
1051;1471
1051;1611
1052;2122
1052;1217
1052;1396
1052;1086
1052;1015
1053;1299
1053;1798
1054;1700
1054;1450
1054;1955
1055;1728
1055;2068
1056;1103
1056;1459
1057;2100
1057;919
1057;642
1057;931
1058;1921
1058;1359
1058;1644
1059;1691
1059;2069
1060;1122
1060;1524
1060;1540
1061;1894
1061;1106
1061;2119
1062;1626
1062;527
1062;2132
1062;4
1063;1499
1063;550
1063;1247
1064;1953
1064;1839
1064;1
1065;1698
1065;1385
1066;1536
1066;1410
1066;1505
1067;1996
1067;1258
1067;526
1067;2082
1068;1560
1068;1672
1069;1262
1069;1900
1070;1347
1070;1321
1070;1889
1070;1755
1070;2135
1071;718
1072;1575
1072;1994
1072;1795
1073;1212
1073;1927
1073;1707
1074;1079
1074;1867
1074;1380
1074;1140
1075;1099
1075;1334
1075;560
1075;1260
1076;1794
1077;1631
1077;1331
1078;1768
1078;1349
1078;1248
1078;317
1079;1140
1079;1380
1079;962
1080;1322
1080;1561
1080;1196
1080;1592
1081;1132
1082;2072
1082;1129
1083;1685
1083;1853
1083;1421
1084;1465
1084;1352
1085;1738
1085;1330
1085;1419
1086;1217
1086;1668
1086;1689
1086;1396
1087;1810
1087;1533
1087;1438
1087;1635
1088;2179
1088;1812
1088;1328
1089;1855
1089;269
1089;1306
1089;1981
1089;1293
1090;870
1090;1704
1090;1033
1090;524
1091;2152
1091;1372
1092;1491
1092;1426
1092;1467
1092;1427
1093;2064
1093;1510
1093;1429
1093;1274
1094;1187
1094;2003
1094;1493
1094;1522
1095;2156
1095;1366
1096;1564
1096;2001
1097;1432
1097;1918
1097;1235
1097;1407
1098;1574
1098;389
1098;444
1098;1763
1098;1537
1099;1260
1099;1334
1099;1996
1100;1170
1100;2061
1100;8
1101;1911
1102;1985
1102;1934
1102;767
1103;1459
1104;1472
1105;1778
1105;1503
1105;2098
1106;1894
1106;2119
1106;1164
1107;1752
1107;996
1107;1390
1107;1637
1108;1505
1108;1410
1109;1393
1109;1809
1110;1323
1110;1246
1110;1128
1110;1586
1110;1306
1111;754
1111;840
1111;825
1112;1547
1113;1701
1113;1149
1113;239
1113;728
1113;1764
1114;1224
1114;1662
1114;1005
1115;1884
1115;165
1116;2155
1116;2054
1117;1640
1117;1145
1117;1959
1117;2055
1118;1902
1118;2095
1118;1614
1118;1454
1119;1360
1119;1576
1119;1787
1120;1231
1120;2031
1120;1156
1121;1904
1121;2145
1122;1524
1122;1817
1122;1226
1123;1267
1123;1513
1123;1535
1123;1336
1124;1731
1124;2160
1124;1899
1125;1733
1125;2051
1125;1919
1125;1739
1126;1273
1126;1792
1126;1541
1127;1695
1127;2116
1128;1246
1128;1586
1128;1323
1128;1089
1129;1582
1129;1424
1130;1430
1130;1651
1130;166
1130;1690
1130;1301
1131;1581
1131;1445
1131;984
1131;1952
1131;1271
1132;1806
1133;1792
1133;1126
1133;307
1134;1397
1134;2029
1134;2010
1135;1917
1135;2028
1135;1766
1136;1494
1136;1921
1137;2164
1137;1628
1138;1289
1138;1616
1138;2112
1138;1986
1139;2082
1139;1258
1140;1380
1140;1822
1141;1223
1141;2013
1141;1218
1141;38
1141;933
1142;1162
1143;1407
1143;1035
1144;1441
1144;2106
1144;1461
1144;1759
1145;1311
1145;1350
1145;1862
1145;1640
1146;1215
1146;1028
1146;1479
1147;1724
1147;1197
1147;1403
1148;1930
1149;1701
1149;1066
1149;357
1150;2070
1150;1470
1150;1344
1151;1983
1151;1895
1151;93
1151;1085
1151;1738
1152;1361
1152;2088
1152;1722
1153;1803
1153;733
1153;2172
1154;1342
1155;1181
1155;1926
1155;1999
1156;2033
1156;1231
1156;2031
1157;1437
1157;1867
1157;566
1158;2034
1158;747
1158;233
1158;1090
1159;1166
1159;1529
1159;2052
1159;1973
1160;1929
1161;1801
1161;1521
1162;426
1162;853
1163;1529
1163;1019
1163;1290
1163;2110
1163;2075
1164;1373
1164;84
1164;218
1165;1530
1165;1734
1165;131
1165;1616
1166;1973
1166;1796
1167;1440
1167;1607
1167;1394
1167;2028
1168;1252
1168;1414
1168;1841
1169;1969
1170;2061
1170;8
1170;1619
1170;1977
1171;1689
1171;1015
1172;1507
1172;1175
1172;822
1172;1831
1172;1918
1173;2023
1173;1674
1174;323
1174;58
1175;1507
1175;1831
1175;1408
1177;2124
1177;2007
1178;1318
1178;1963
1179;1584
1179;120
1179;1272
1179;342
1180;1597
1180;1625
1180;1024
1181;1926
1181;997
1182;2016
1182;1368
1182;151
1183;1697
1183;1939
1183;2107
1183;2007
1184;1821
1184;1518
1184;1887
1184;410
1185;1868
1185;1428
1185;1845
1186;1992
1186;1326
1186;1897
1186;1364
1187;2003
1187;1931
1188;1632
1189;1543
1189;1749
1190;973
1190;153
1190;2011
1190;1016
1191;1481
1191;2071
1192;1526
1193;1568
1193;1987
1193;1748
1193;1858
1194;1556
1194;1696
1195;1504
1196;1322
1196;1613
1196;1561
1197;1724
1197;1403
1198;1848
1198;1239
1198;999
1199;1551
1199;1940
1199;1901
1199;1451
1200;2118
1200;2004
1201;2176
1201;1880
1201;2099
1201;296
1201;875
1202;2099
1202;2170
1203;1710
1203;258
1203;304
1204;1571
1204;1197
1204;1724
1205;1548
1205;1648
1205;311
1205;1471
1206;1485
1206;2112
1206;1843
1207;1779
1207;1609
1207;774
1208;1799
1208;2014
1208;842
1208;1922
1208;192
1209;263
1210;2166
1210;1262
1210;1577
1211;1297
1211;2024
1211;1823
1211;761
1212;1927
1212;1519
1213;1253
1213;1442
1214;1496
1214;1032
1215;2132
1216;1593
1216;1344
1216;1610
1217;1396
1217;2122
1218;1263
1218;1223
1218;1366
1218;1740
1219;1261
1219;1791
1219;931
1220;1763
1220;1537
1220;1784
1220;1808
1221;2117
1221;1425
1221;1642
1222;2065
1222;1284
1222;436
1222;57
1223;2013
1223;933
1224;43
1224;1030
1225;1728
1225;1606
1225;1055
1226;1524
1226;1777
1226;592
1227;1800
1227;2109
1227;215
1227;141
1228;1675
1228;1958
1228;27
1228;1849
1229;262
1229;444
1229;2076
1230;1557
1230;1954
1230;971
1230;315
1230;2080
1231;1740
1231;2031
1232;1687
1232;2174
1232;1836
1232;554
1233;1602
1233;738
1233;1965
1233;347
1233;1331
1234;1599
1234;2126
1235;1432
1235;1918
1236;1268
1236;1861
1236;466
1236;140
1237;281
1238;1867
1238;1000
1238;383
1239;1848
1240;1716
1240;456
1240;907
1240;1883
1241;1636
1241;1296
1242;2013
1242;1412
1242;1446
1242;933
1243;1773
1243;1847
1244;1280
1244;1553
1244;1402
1245;2125
1245;1566
1245;1796
1246;1586
1246;1323
1246;1089
1247;1499
1247;1649
1249;1611
1249;417
1249;1448
1249;1688
1250;2149
1250;1516
1250;1498
1251;1597
1251;2113
1252;1864
1252;930
1253;1442
1254;1843
1255;1381
1255;1501
1255;1434
1256;1737
1256;2062
1257;1876
1257;1778
1257;1877
1258;2082
1258;2066
1258;231
1258;802
1259;2137
1259;1963
1259;1751
1260;1996
1260;1334
1261;1791
1262;1900
1263;1366
1263;1740
1263;1860
1264;1565
1264;1678
1265;2049
1265;1980
1265;1852
1265;1786
1266;2111
1266;1988
1266;1469
1267;1513
1267;1535
1267;1336
1268;1861
1268;1658
1268;1824
1269;1697
1269;1939
1270;1392
1270;1431
1270;1964
1271;1952
1271;1302
1271;1967
1271;1581
1272;1719
1272;2080
1272;315
1273;1541
1273;1792
1274;1429
1274;2102
1274;2064
1274;1892
1275;2058
1275;2039
1275;664
1276;1914
1276;1767
1277;1554
1277;1283
1277;790
1278;1416
1278;1662
1278;137
1278;1916
1279;2115
1279;2018
1280;1402
1280;1553
1280;734
1281;1942
1281;1726
1281;1362
1281;1337
1282;1864
1282;930
1282;2019
1282;519
1283;1760
1283;1554
1283;569
1284;2065
1284;1954
1284;2130
1284;436
1285;1470
1285;1215
1286;1974
1286;1715
1286;1378
1286;1456
1287;2005
1287;1862
1287;268
1287;125
1288;1382
1288;1744
1288;929
1289;267
1289;1884
1290;1453
1290;2110
1290;6
1291;2114
1291;2008
1291;1477
1292;1423
1292;1026
1292;1189
1293;1520
1293;2046
1293;1693
1293;2154
1293;501
1294;760
1294;379
1294;1064
1294;1110
1294;1323
1295;441
1296;1706
1296;1970
1296;2077
1297;2024
1297;159
1297;1823
1297;1006
1298;1575
1298;1994
1298;1613
1299;1798
1299;1474
1299;1555
1300;1374
1300;1367
1300;474
1301;1387
1301;1709
1301;1912
1302;1952
1302;1967
1302;190
1302;837
1303;2127
1303;1647
1303;2129
1303;1483
1304;1746
1304;2165
1304;1637
1305;1540
1305;445
1306;1981
1306;1855
1306;1452
1306;760
1307;2083
1308;1822
1308;1743
1308;1140
1308;531
1309;1650
1309;1578
1309;1923
1310;2004
1310;1620
1311;1350
1311;1426
1311;2055
1312;2162
1312;1705
1313;1807
1313;2121
1313;1750
1313;1639
1313;2151
1314;1625
1314;1474
1314;1798
1315;2115
1315;1279
1316;1460
1316;1426
1316;2089
1316;1491
1317;1479
1317;880
1318;1963
1319;2140
1320;1971
1321;1347
1321;1755
1322;1561
1322;1613
1323;1586
1323;1306
1324;1772
1324;1813
1324;2090
1325;1462
1325;1989
1325;1511
1326;1992
1326;1364
1326;1872
1327;1672
1327;1560
1327;1676
1328;2179
1328;275
1329;1357
1329;1984
1329;58
1330;1738
1330;1419
1330;479
1330;1550
1331;1965
1332;1447
1332;1885
1332;2032
1333;1890
1333;1463
1333;1379
1333;2113
1334;1909
1335;1150
1335;1358
1335;873
1336;1384
1336;1513
1336;1580
1336;1913
1337;1998
1338;924
1338;657
1338;675
1338;742
1339;1747
1339;1659
1340;973
1340;0
1340;846
1341;1666
1341;1976
1341;505
1341;438
1342;1682
1342;1383
1343;1960
1343;1833
1343;1660
1344;1593
1345;1695
1345;1519
1345;330
1346;2094
1346;1871
1346;1816
1346;607
1346;909
1347;1755
1347;469
1347;540
1348;2131
1348;2101
1348;2086
1348;1358
1348;2085
1349;1768
1349;1450
1350;1426
1350;1316
1351;2173
1351;2157
1351;995
1351;1721
1352;1465
1353;1354
1353;1386
1353;811
1354;1386
1355;1853
1355;1421
1355;2057
1355;623
1355;1083
1356;1996
1356;560
1356;927
1356;1490
1357;1984
1357;58
1357;5
1358;2086
1358;2085
1358;2131
1358;2101
1359;1756
1360;1576
1361;1722
1361;680
1361;2088
1362;1726
1362;1938
1362;111
1362;1942
1363;1793
1363;1997
1364;1992
1365;1603
1365;1441
1365;1370
1365;1144
1365;1461
1366;2156
1367;1834
1367;2007
1367;208
1368;2016
1369;1844
1369;784
1369;2047
1369;1303
1369;1647
1370;1603
1370;1717
1370;1461
1371;2116
1371;1695
1371;1425
1372;1402
1373;1951
1373;1106
1374;2107
1374;1496
1375;1585
1376;254
1376;616
1376;1794
1377;1375
1377;2173
1377;528
1378;1974
1378;1972
1379;2113
1379;1688
1380;962
1381;1434
1381;627
1381;729
1382;1991
1382;1411
1382;1744
1382;1492
1383;1618
1383;1682
1383;87
1384;1580
1384;2067
1385;1698
1385;2021
1385;2055
1386;1562
1386;477
1387;1709
1387;1912
1388;2036
1388;1589
1389;959
1389;528
1390;1752
1390;335
1390;483
1391;1517
1392;512
1393;1809
1393;2059
1394;1887
1394;2104
1395;1913
1395;1580
1395;1123
1396;2122
1397;2029
1397;2010
1398;1754
1398;1572
1398;899
1399;1406
1400;1665
1400;1455
1400;2144
1401;2150
1401;1368
1401;842
1402;536
1403;1724
1403;402
1403;1571
1404;1693
1404;344
1404;610
1405;711
1405;401
1405;1783
1406;1904
1407;529
1407;249
1408;1831
1408;632
1409;1592
1409;1868
1410;1536
1410;1505
1411;1492
1411;1991
1411;1664
1411;2178
1412;1506
1412;1446
1412;2013
1413;1555
1413;755
1414;1841
1415;1496
1416;1916
1416;137
1417;797
1417;1859
1418;1997
1418;947
1418;504
1418;1547
1418;1112
1419;1738
1419;1550
1420;847
1420;1832
1420;2000
1420;337
1421;1853
1421;1416
1421;1916
1422;97
1422;2042
1422;1735
1423;1468
1423;1026
1424;1599
1424;2094
1424;1582
1424;1346
1426;1491
1426;2089
1426;1467
1427;1785
1427;1467
1427;2089
1427;1491
1427;1896
1428;709
1429;2064
1429;2102
1430;1651
1430;166
1430;135
1430;1301
1431;1804
1431;1964
1431;1567
1432;1918
1433;2123
1433;1833
1434;767
1434;627
1434;1985
1435;2178
1436;1566
1436;2066
1437;1380
1437;1361
1438;1533
1438;1810
1438;1635
1439;1667
1439;2044
1439;1897
1439;1712
1439;710
1440;1607
1440;1135
1440;2028
1441;1759
1441;2106
1441;1461
1442;1730
1443;1934
1443;1835
1444;1920
1444;1677
1444;2035
1445;1581
1446;1854
1446;1506
1446;199
1447;1885
1447;539
1448;1611
1448;1471
1448;278
1448;913
1449;1029
1450;1700
1451;1931
1452;1981
1452;1
1452;1717
1453;538
1453;1904
1453;1121
1453;969
1454;1614
1454;1840
1454;1902
1455;1665
1455;1836
1455;1210
1456;1974
1456;1378
1457;1945
1457;1878
1457;1714
1458;1684
1458;1670
1458;1875
1460;2055
1460;1385
1461;2106
1462;1989
1462;1511
1463;1890
1464;1882
1464;1786
1466;2140
1466;712
1466;1705
1466;16
1467;2089
1467;1491
1467;1896
1468;1826
1468;897
1468;1292
1469;1988
1469;1875
1469;1684
1470;2070
1472;1661
1472;1765
1472;968
1473;1619
1473;1977
1473;1512
1473;1475
1474;1798
1474;1555
1475;1512
1475;90
1475;1910
1476;1156
1476;2033
1476;282
1476;186
1477;1320
1477;1623
1478;1630
1478;2072
1479;1470
1480;1625
1480;1180
1480;333
1481;68
1483;2129
1483;2127
1484;2142
1484;1951
1484;1773
1485;2112
1485;1843
1485;783
1486;1858
1486;1568
1487;1802
1488;386
1488;118
1489;2026
1489;1711
1489;681
1489;1674
1491;2089
1492;1664
1492;2178
1492;1991
1493;1522
1493;1264
1493;1565
1494;1818
1494;1850
1495;2016
1495;2136
1495;1958
1497;2004
1497;1906
1498;1847
1498;2149
1498;1516
1499;111
1500;1643
1500;499
1500;702
1500;977
1500;1916
1501;1563
1502;2043
1502;1639
1502;2151
1503;2098
1503;2120
1504;690
1504;2032
1505;1536
1505;107
1506;1669
1506;1242
1507;1831
1507;1918
1508;1770
1508;1903
1508;445
1509;1856
1509;891
1509;293
1509;149
1510;1892
1510;2064
1511;1989
1512;1619
1512;1950
1513;1535
1514;1573
1514;1774
1514;894
1514;1874
1515;1933
1515;1929
1515;1526
1515;493
1515;1160
1516;2149
1516;1626
1517;7
1518;1821
1519;1927
1519;1720
1520;2046
1520;1315
1520;1693
1520;344
1521;1801
1521;727
1521;1237
1521;568
1522;1565
1522;1264
1522;56
1523;1588
1523;1702
1523;349
1524;1817
1524;592
1524;445
1525;1634
1525;2158
1526;573
1528;1832
1528;1968
1529;2052
1529;2125
1530;1734
1530;1616
1530;165
1531;1854
1531;2126
1532;1769
1532;2096
1533;1810
1533;1635
1535;494
1535;1336
1537;1808
1537;1763
1537;1574
1538;1948
1538;1956
1539;283
1540;1817
1540;1666
1541;1699
1541;1792
1542;1365
1543;150
1543;328
1544;1753
1545;2139
1545;1680
1545;1937
1546;1850
1546;1923
1546;1650
1546;1309
1547;1788
1548;1648
1548;311
1549;1620
1549;451
1549;1310
1550;970
1551;1901
1551;308
1551;812
1552;1654
1552;749
1552;917
1552;222
1554;1760
1554;480
1554;790
1555;1798
1556;1558
1556;1761
1556;40
1557;1954
1557;2080
1558;1761
1558;1787
1559;1758
1559;1623
1559;1641
1560;1672
1561;1676
1561;281
1562;1633
1562;2134
1563;1972
1563;226
1564;668
1565;1678
1566;2066
1567;1804
1567;1907
1567;30
1568;1858
1569;1884
1569;1115
1569;1289
1570;1838
1570;678
1570;908
1571;1969
1571;1169
1571;682
1572;1711
1572;2026
1572;811
1572;681
1573;1774
1573;14
1573;894
1573;1874
1575;1994
1576;1696
1577;2166
1577;2161
1577;1836
1578;2001
1578;1650
1578;1923
1579;2012
1579;2017
1580;1913
1580;549
1581;741
1582;1446
1582;1669
1582;1506
1583;1587
1583;2165
1583;1746
1586;1089
1587;1746
1587;2165
1588;1702
1589;2036
1589;2056
1589;240
1589;1811
1590;1712
1590;1937
1591;1653
1591;1827
1591;1690
1591;270
1593;873
1594;1596
1594;1673
1594;2021
1595;384
1595;757
1595;1963
1595;1318
1595;1178
1596;1673
1597;1333
1597;1890
1598;1211
1598;1932
1598;159
1599;2094
1600;1829
1600;1627
1600;1892
1601;1050
1602;1944
1602;738
1602;1965
1603;1461
1603;2106
1603;1144
1604;2083
1604;628
1604;1307
1605;1966
1606;2169
1607;1135
1607;1917
1608;1869
1609;1779
1610;2074
1611;1471
1611;913
1612;2117
1612;224
1612;705
1613;342
1614;1902
1614;219
1615;2135
1615;1962
1615;672
1615;1755
1616;1986
1616;2059
1616;1289
1617;568
1617;128
1618;87
1618;1976
1618;1190
1619;1977
1620;2004
1621;23
1621;1929
1622;2076
1622;2084
1622;1729
1622;1998
1623;1320
1624;1993
1624;620
1625;1474
1626;1081
1627;2056
1627;1866
1627;2102
1628;1718
1629;2123
1629;1433
1629;1898
1632;707
1632;2148
1633;2134
1633;477
1633;191
1634;2158
1636;2079
1636;2077
1637;1655
1637;324
1637;996
1638;1655
1638;2050
1639;2121
1639;1807
1639;2151
1640;2055
1640;1959
1641;1758
1641;1606
1642;1729
1642;1998
1642;122
1643;1916
1644;1944
1644;1921
1644;1656
1645;2159
1645;2144
1646;1856
1646;1839
1646;104
1646;1509
1647;2127
1647;2129
1647;1483
1647;629
1648;704
1649;195
1649;1337
1649;1642
1650;1923
1651;1301
1651;1709
1652;1819
1652;1971
1653;1690
1653;1827
1653;1130
1654;222
1655;2050
1656;1907
1656;1944
1657;583
1658;1870
1658;1824
1658;1955
1659;1747
1659;2002
1659;1820
1660;1671
1660;1960
1661;1765
1661;1104
1661;112
1662;1416
1663;2096
1663;1769
1663;204
1663;1532
1664;2178
1664;1435
1665;2144
1666;1305
1667;1712
1667;1937
1667;1897
1667;33
1668;1689
1668;1171
1668;628
1669;1922
1669;1989
1669;1325
1670;1713
1670;146
1671;1957
1671;1960
1672;1676
1673;670
1674;2023
1674;1711
1674;2026
1675;1958
1675;1495
1676;1560
1677;1920
1677;2037
1677;2081
1680;2139
1681;1863
1681;973
1683;2015
1684;1875
1684;1790
1684;1988
1685;2006
1686;1745
1686;1870
1686;1955
1686;1943
1687;2174
1687;1836
1687;2161
1688;2113
1690;906
1690;2001
1691;2167
1692;1857
1692;1825
1692;1723
1693;344
1694;1814
1694;1797
1694;985
1695;2116
1696;2129
1696;921
1697;1939
1698;2021
1700;520
1700;781
1701;239
1701;728
1701;1764
1702;364
1702;708
1703;1251
1703;1771
1703;1480
1704;1879
1704;1910
1705;2162
1706;2077
1706;2079
1707;1780
1707;570
1708;695
1708;1865
1708;411
1709;1546
1710;2058
1710;1275
1710;1047
1711;2026
1711;2023
1712;1937
1712;1897
1713;155
1714;1945
1715;1974
1715;1835
1715;1972
1716;907
1716;1730
1717;1981
1717;1646
1717;1839
1718;1736
1718;186
1719;2080
1719;2130
1720;621
1720;1927
1721;2087
1721;1742
1721;680
1721;920
1722;1437
1722;2088
1723;1825
1723;1857
1725;1825
1725;377
1725;1692
1726;1942
1727;1809
1727;1396
1728;2068
1729;1998
1730;1213
1730;1253
1731;885
1731;133
1731;2160
1731;1899
1732;2053
1732;339
1733;2051
1733;585
1734;1754
1735;2042
1735;2170
1735;2076
1737;2062
1738;93
1739;1957
1739;1781
1739;403
1739;1671
1739;1948
1740;2031
1740;1120
1741;1899
1741;1775
1741;2160
1742;2087
1743;1822
1744;1991
1744;400
1744;1169
1745;1870
1745;1955
1746;2165
1747;2009
1748;1987
1749;2097
1749;1543
1750;2121
1750;1807
1750;2151
1750;1639
1751;2137
1751;1963
1752;996
1752;483
1753;2040
1753;119
1754;940
1755;1533
1755;1438
1755;1087
1757;1871
1757;1816
1757;2078
1758;1925
1759;1978
1759;2106
1760;605
1761;1787
1762;2093
1762;1036
1763;1784
1763;1808
1764;127
1765;968
1765;1104
1767;590
1767;56
1768;1248
1768;317
1769;2096
1769;204
1770;1903
1771;1705
1772;1813
1772;1962
1773;2142
1774;1874
1775;263
1775;1899
1776;1847
1776;1081
1776;766
1776;1980
1776;587
1777;1817
1778;1876
1780;1073
1781;1957
1781;1671
1781;1660
1781;403
1782;1882
1782;1464
1782;1951
1783;1527
1783;1225
1785;1448
1786;1852
1786;1882
1786;1793
1786;720
1787;40
1789;1912
1789;1756
1789;796
1790;1875
1793;1852
1794;212
1794;616
1795;1994
1795;1878
1795;1714
1795;696
1796;1973
1796;2125
1796;2052
1797;183
1797;1814
1798;468
1799;2072
1799;852
1799;2014
1800;2109
1803;1342
1803;358
1803;1154
1803;230
1804;1964
1804;373
1805;1874
1805;1813
1807;2121
1807;2151
1809;285
1810;1635
1811;2056
1811;2036
1811;1866
1812;44
1813;1962
1814;985
1815;1914
1815;265
1816;1871
1816;2078
1817;1903
1818;1850
1818;1487
1818;512
1819;1971
1820;2002
1820;372
1822;1380
1823;454
1824;1638
1824;140
1825;1857
1826;2060
1827;1690
1828;2078
1828;1630
1828;11
1828;318
1829;1627
1830;744
1830;1227
1830;264
1833;1960
1833;1621
1833;363
1834;2007
1834;208
1834;904
1835;767
1835;627
1836;2161
1837;1800
1837;423
1837;1227
1838;908
1838;1091
1838;551
1839;1953
1840;1074
1840;1079
1842;791
1843;1328
1844;1647
1844;1047
1845;1868
1847;1980
1848;529
1849;2000
1850;1923
1850;1650
1851;1930
1851;1532
1851;1663
1852;1882
1852;2049
1853;1916
1854;1242
1854;1234
1855;1981
1855;1452
1856;891
1859;282
1860;1366
1861;1943
1861;411
1862;2037
1862;600
1864;2019
1865;1873
1866;2056
1866;116
1867;1079
1868;274
1869;18
1870;1955
1871;2094
1872;544
1872;1186
1873;1686
1873;1768
1873;1745
1875;1988
1876;1877
1877;2035
1878;1945
1878;1714
1879;1059
1879;870
1880;2176
1880;2099
1880;872
1881;2158
1881;1950
1881;869
1881;518
1882;1793
1883;1489
1883;1716
1883;1730
1885;2032
1885;99
1887;2104
1887;458
1888;465
1888;1486
1888;14
1889;2017
1889;1732
1890;1021
1890;2143
1891;2172
1891;2012
1891;840
1891;498
1891;825
1892;2102
1893;2025
1893;2128
1895;1983
1895;1085
1895;1733
1896;2153
1896;2089
1896;1316
1897;1937
1898;2067
1901;812
1901;525
1901;622
1902;2095
1905;2019
1905;1886
1906;689
1906;581
1908;2110
1908;802
1909;1932
1909;761
1911;1485
1911;998
1913;1123
1915;2119
1915;1061
1915;218
1915;1894
1917;1766
1917;10
1919;2051
1919;1956
1919;1948
1920;2035
1921;1359
1922;1989
1922;842
1924;75
1924;1247
1924;550
1925;1055
1925;2068
1926;1999
1926;2085
1929;1933
1930;1532
1931;1940
1931;2003
1932;2024
1933;981
1933;1621
1935;431
1938;1726
1938;1108
1938;448
1938;694
1939;543
1940;2003
1940;1451
1941;2156
1941;615
1942;1337
1943;1745
1944;300
1946;2045
1946;2164
1946;2022
1946;895
1947;1982
1947;737
1947;272
1947;658
1948;403
1949;1353
1949;1734
1949;1386
1950;2168
1950;1475
1951;2142
1952;1967
1952;984
1954;2080
1957;1660
1959;2081
1959;2037
1960;403
1961;1392
1961;1802
1961;1411
1962;2135
1962;1805
1964;1567
1964;373
1965;18
1966;2105
1966;810
1967;1253
1968;446
1968;1832
1969;400
1969;381
1970;2048
1972;1286
1973;2125
1973;1245
1973;2052
1975;2091
1976;2011
1977;1512
1977;2063
1978;322
1978;979
1978;957
1979;2163
1979;1241
1980;2049
1982;272
1982;264
1983;1085
1983;1738
1985;1934
1985;1815
1986;2059
1986;597
1988;34
1988;1790
1990;2006
1990;2029
1995;219
1995;950
1997;1793
1999;2085
1999;1358
2001;166
2001;1309
2002;521
2003;1045
2004;2118
2005;197
2006;635
2008;2114
2008;2109
2009;521
2009;1339
2010;486
2010;484
2012;2062
2015;706
2017;2147
2017;380
2018;2177
2020;2132
2020;1062
2020;4
2020;527
2021;19
2021;1065
2022;2045
2023;2026
2027;2073
2027;603
2027;1780
2027;492
2028;2104
2030;203
2033;2031
2033;282
2033;1120
2034;169
2034;233
2035;600
2035;1677
2036;2056
2037;2081
2037;1145
2038;588
2038;36
2039;1657
2039;740
2040;892
2041;2108
2041;1093
2041;2064
2042;2170
2042;2076
2043;1639
2043;2121
2044;1897
2044;1667
2044;554
2045;2164
2046;2154
2047;304
2047;614
2047;572
2048;2050
2049;1786
2051;585
2052;2125
2052;1245
2053;1447
2054;2155
2056;240
2057;1397
2057;2010
2057;2029
2058;567
2058;80
2058;1262
2059;1109
2061;1220
2061;1784
2062;683
2063;216
2063;1619
2065;436
2065;1954
2065;2130
2066;2082
2067;1336
2067;494
2069;1033
2070;1335
2073;1780
2073;492
2074;1609
2074;1779
2074;980
2075;81
2075;1941
2075;1529
2076;2084
2077;2079
2077;1008
2078;11
2078;909
2080;2130
2081;1117
2082;1436
2084;1729
2085;2086
2086;2101
2086;2131
2088;2087
2090;1772
2090;2147
2091;432
2092;2144
2092;656
2092;1665
2092;1400
2093;599
2095;1614
2096;1851
2097;827
2098;2120
2099;2176
2100;642
2100;919
2100;1339
2101;2131
2102;936
2102;2064
2103;2108
2103;1769
2105;312
2105;1605
2105;427
2107;474
2107;1496
2108;1510
2108;1093
2109;1291
2111;368
2111;604
2114;818
2114;2109
2116;354
2117;2084
2117;645
2119;1788
2121;2151
2122;1086
2122;1015
2123;1898
2124;1183
2127;2129
2128;2148
2128;52
2128;1188
2130;315
2130;1954
2132;139
2133;961
2133;965
2134;1173
2135;2090
2137;1963
2138;2172
2139;1011
2140;687
2140;1705
2141;273
2141;1838
2141;2152
2141;10
2143;2153
2143;814
2143;1896
2144;2159
2145;1904
2145;91
2146;175
2146;401
2146;412
2148;1023
2148;46
2149;437
2150;192
2150;1511
2152;908
2152;1372
2153;390
2154;171
2157;845
2157;1721
2157;995
2160;1534
2161;2174
2161;2166
2162;1771
2163;55
2164;2022
2166;1836
2167;2069
2168;869
2169;298
2170;953
2170;2076
2171;134
2171;751
2173;1742
2173;995
2177;1279
2178;990
2179;367
2180;1673
2180;24
2180;334
2180;1596
2180;248
2181;311
2181;1548
2181;1205
2181;874
2181;674
2182;35
2182;2155
2182;1116
2182;125
2182;268
2183;33
2183;1712
2183;1937
2183;1590
2183;1667
2184;1748
2184;1987
2184;429
2184;170
2184;618
2185;1862
2185;1145
2185;649
2185;1350
2185;1311
2186;1326
2186;544
2186;413
2186;1992
2186;1364
2187;1959
2187;2081
2187;670
2187;2037
2187;24
2188;1316
2188;1426
2188;2089
2188;1491
2188;1460
2189;1186
2189;1992
2189;544
2189;2186
2189;1326
2190;1364
2190;33
2190;1992
2190;544
2190;2183
2191;1364
2191;2190
2191;544
2191;1992
2191;33
2192;1753
2192;103
2192;1544
2192;2040
2192;119
2193;612
2193;1471
2193;1051
2193;1448
2193;1205
2194;2192
2194;1753
2194;103
2194;2191
2194;831
2195;485
2195;50
2195;514
2195;806
2195;2120
2196;1448
2196;1051
2196;1611
2196;1471
2196;612
2197;1105
2197;1778
2197;117
2197;362
2197;1503
2198;125
2198;2182
2198;268
2198;35
2198;2155
2199;1205
2199;1648
2199;2193
2199;1548
2199;612
2200;1778
2200;1257
2200;1876
2200;283
2200;117
2201;1287
2201;39
2201;2005
2201;1862
2201;268
2202;39
2202;2201
2202;2005
2202;1287
2202;268
2203;1539
2203;362
2203;2197
2203;1105
2203;1778
2204;1439
2204;1667
2204;1897
2204;2044
2204;1937
2205;2199
2205;1648
2205;1205
2205;2193
2205;1548
2206;1193
2206;1987
2206;883
2206;1826
2206;2184
2207;897
2207;396
2207;1468
2207;856
2207;883
2208;1897
2208;1186
2208;2189
2208;1667
2208;1992
2209;1667
2209;2204
2209;1439
2209;1937
2209;1712
2210;1105
2210;2197
2210;1503
2210;2098
2210;117
2211;704
2211;433
2211;2054
2211;674
2211;2155
2212;429
2212;1748
2212;618
2212;2184
2212;952
2213;2205
2213;2199
2213;1648
2213;2193
2213;1205
2214;1778
2214;2200
2214;117
2214;2197
2214;1105
2215;283
2215;897
2215;1876
2215;1877
2215;396
2216;1364
2216;2191
2216;544
2216;413
2216;2186
2217;396
2217;2207
2217;856
2217;897
2217;51
2218;268
2218;125
2218;39
2218;2202
2218;2198
2219;743
2219;2035
2219;1257
2219;1877
2219;2200
2220;1092
2220;2213
2220;612
2220;2193
2220;2205
2221;2220
2221;1092
2221;2213
2221;1648
2221;612
2222;2194
2222;2191
2222;1590
2222;2216
2222;1364
2223;1937
2223;2183
2223;1712
2223;33
2223;54
2224;1590
2224;514
2224;54
2224;2195
2224;2222
2225;39
2225;2202
2225;2035
2225;600
2225;2218
2226;1648
2226;2213
2226;2211
2226;2205
2226;704
2227;1092
2227;2221
2227;2220
2227;649
2227;1491
2228;362
2228;2203
2228;163
2228;2139
2228;1539
2229;2218
2229;125
2229;2198
2229;268
2229;2219
2230;1423
2230;51
2230;1292
2230;2217
2230;150
2231;1503
2231;2210
2231;54
2231;806
2231;2098
2232;555
2232;1011
2232;1680
2232;554
2232;2174
2233;2203
2233;362
2233;2228
2233;2197
2233;1105
2234;64
2234;791
2234;1713
2234;594
2234;1842
2235;2217
2235;2230
2235;856
2235;396
2235;2207
2236;1326
2236;2186
2236;1872
2236;413
2236;2189
2237;2223
2237;2231
2237;1937
2237;54
2237;1545
2238;2237
2238;2223
2238;1937
2238;2231
2238;1545
2239;2005
2239;2201
2239;2202
2239;39
2239;1287
2240;704
2240;2054
2240;2155
2240;1116
2240;197
2241;2209
2241;1667
2241;1937
2241;2204
2241;1712
2242;2184
2242;1987
2242;429
2242;2212
2242;1748
2243;1444
2243;145
2243;1920
2243;618
2243;1677
2244;2211
2244;47
2244;2240
2244;704
2244;433
2245;396
2245;897
2245;1539
2245;2215
2245;856
2246;362
2246;2228
2246;2139
2246;2233
2246;1105
2247;2190
2247;33
2247;2183
2247;1364
2247;1992
2248;1545
2248;2209
2248;2241
2248;2238
2248;2237
2249;2199
2249;1205
2249;2205
2249;2213
2249;2193
2250;2216
2250;413
2250;2186
2250;1364
2250;1326
2251;1897
2251;1667
2251;2208
2251;2204
2251;1439
2252;2247
2252;33
2252;2183
2252;1992
2252;1712
2253;704
2253;2211
2253;2240
2253;2054
2253;197
2254;2240
2254;704
2254;2253
2254;2244
2254;2211
2255;2205
2255;2213
2255;2199
2255;1648
2255;2249
2256;429
2256;618
2256;2212
2256;2242
2256;2184
2257;2244
2257;47
2257;2211
2257;2254
2257;433
2258;2255
2258;2213
2258;2205
2258;1648
2258;2199
2259;1427
2259;1467
2259;2089
2259;1785
2259;1491
2260;485
2260;2195
2260;50
2260;2244
2260;2257
2261;163
2261;1680
2261;2228
2261;791
2261;594
2262;2213
2262;2258
2262;2220
2262;2193
2262;2255
2263;334
2263;248
2263;94
2263;2180
2263;24
2264;2035
2264;2225
2264;1920
2264;600
2264;145
2265;1842
2265;2234
2265;1713
2265;594
2265;64
2266;1548
2266;2181
2266;1205
2266;674
2266;433
2267;2265
2267;1842
2267;2234
2267;594
2267;64
2268;1539
2268;2245
2268;2203
2268;396
2268;2233
2269;2265
2269;2267
2269;1842
2269;51
2269;2234
2270;1713
2270;1670
2270;2265
2270;2269
2270;2267
2271;163
2271;2261
2271;1680
2271;791
2271;555
2272;600
2272;1862
2272;1677
2272;2225
2272;2202
2273;649
2273;2185
2273;1350
2273;1145
2273;1311
2274;24
2274;2187
2274;334
2274;2263
2274;670
2275;2220
2275;2262
2275;2221
2275;2258
2275;2227
2276;2269
2276;51
2276;2270
2276;2265
2276;918
2277;2180
2277;1673
2277;2263
2277;24
2277;334
2278;1842
2278;594
2278;856
2278;2267
2278;2265
2279;2274
2279;24
2279;2187
2279;670
2279;1959
2280;883
2280;1468
2280;2207
2280;2206
2280;897
2281;433
2281;674
2281;1548
2281;2266
2281;2211
2282;1594
2282;306
2282;1596
2282;670
2282;1640
2283;612
2283;1427
2283;2193
2283;2259
2283;1785
2284;1753
2284;2192
2284;2040
2284;103
2284;831
2285;1545
2285;2248
2285;2139
2285;2238
2285;1011
2286;2193
2286;612
2286;1471
2286;2196
2286;2249
2287;163
2287;2271
2287;2261
2287;1680
2287;555
2288;952
2288;334
2288;248
2288;2263
2288;94
2289;2139
2289;1680
2289;2287
2289;2246
2289;555
2290;952
2290;2288
2290;334
2290;94
2290;248
2291;2279
2291;2274
2291;24
2291;2187
2291;670
2292;2279
2292;2187
2292;2291
2292;670
2292;2274
2293;2181
2293;2266
2293;311
2293;1548
2293;287
2294;2229
2294;2219
2294;2218
2294;2035
2294;371
2295;248
2295;334
2295;2263
2295;2288
2295;94
2296;2120
2296;798
2296;2098
2296;371
2296;806
2297;1545
2297;2285
2297;2248
2297;1011
2297;2209
2298;1423
2298;1292
2298;150
2298;51
2298;2230
2299;39
2299;2202
2299;2272
2299;2225
2299;2201
2300;2234
2300;64
2300;1713
2300;2265
2300;2267
2301;2270
2301;1670
2301;2276
2301;918
2301;1713
2302;1051
2302;1448
2302;1471
2302;1611
2302;278
2303;1877
2303;743
2303;2219
2303;2035
2303;1257
2304;2271
2304;163
2304;2287
2304;2261
2304;1232
2305;2245
2305;2268
2305;1539
2305;396
2305;897
2306;2281
2306;433
2306;674
2306;831
2306;47
2307;2198
2307;2182
2307;35
2307;125
2307;268
2308;2283
2308;612
2308;2220
2308;2275
2308;2262
2309;2296
2309;2098
2309;2120
2309;806
2309;1503
2310;2262
2310;2213
2310;2258
2310;2193
2310;2275
2311;514
2311;2195
2311;2224
2311;485
2311;806
2312;2005
2312;268
2312;125
2312;2239
2312;1116
2313;2243
2313;1444
2313;145
2313;618
2313;2274
2314;2309
2314;2296
2314;2120
2314;806
2314;2098
2315;1503
2315;2098
2315;2309
2315;2314
2315;117
2316;2237
2316;2238
2316;2223
2316;2231
2316;1937
2317;2222
2317;2194
2317;514
2317;2224
2317;50
2318;2280
2318;883
2318;2206
2318;1987
2318;1468
2319;649
2319;2273
2319;1426
2319;1350
2319;1311
2320;47
2320;831
2320;2306
2320;2257
2320;2040
2321;2216
2321;2191
2321;1364
2321;2250
2321;544
2322;2305
2322;2245
2322;1539
2322;2268
2322;396
2323;2320
2323;47
2323;831
2323;2306
2323;2257
2324;2301
2324;918
2324;2276
2324;2270
2324;1670
2325;2256
2325;2242
2325;429
2325;1987
2325;2318
2326;51
2326;2230
2326;2276
2326;2298
2326;2235
2327;1842
2327;2278
2327;2267
2327;2269
2327;856
2328;2207
2328;897
2328;2280
2328;396
2328;2217
2329;1444
2329;2243
2329;2256
2329;145
2329;2325
2330;2230
2330;1423
2330;1292
2330;1468
2330;2235
2331;2210
2331;2231
2331;2316
2331;2238
2331;2237
2332;2214
2332;1778
2332;2200
2332;2197
2332;117
2333;2329
2333;2256
2333;1444
2333;2243
2333;618
2334;371
2334;2296
2334;2098
2334;2309
2334;117
2335;2330
2335;1423
2335;2230
2335;1292
2335;1468
2336;268
2336;125
2336;2218
2336;2312
2336;2005
2337;2269
2337;2276
2337;2265
2337;2270
2337;2267
2338;362
2338;2233
2338;2246
2338;2228
2338;2203
2339;2251
2339;1897
2339;2208
2339;1667
2339;2204
2340;2294
2340;2229
2340;2219
2340;2218
2340;2035
2341;594
2341;2261
2341;163
2341;791
2341;2278
2342;2260
2342;50
2342;485
2342;2257
2342;2195
2343;2325
2343;2318
2343;2333
2343;2329
2343;2256
2344;1992
2344;2189
2344;544
2344;1186
2344;2186
2345;2155
2345;35
2345;1116
2345;2182
2345;2054
2346;2267
2346;1842
2346;2265
2346;2327
2346;2269
2347;649
2347;2319
2347;2273
2347;1092
2347;2227
2348;2098
2348;2315
2348;2309
2348;1503
2348;2314
2349;2217
2349;2235
2349;396
2349;2207
2349;856
2350;1311
2350;1350
2350;2188
2350;1316
2350;1426
2351;1145
2351;2185
2351;1862
2351;2273
2351;1311
2352;2277
2352;2180
2352;1673
2352;1596
2352;1001
2353;50
2353;2342
2353;2260
2353;47
2353;2195
2354;2334
2354;2307
2354;2198
2354;2296
2354;2229
2355;2040
2355;2284
2355;831
2355;1753
2355;2192
2356;555
2356;1680
2356;2232
2356;2287
2356;1011
2357;1287
2357;2201
2357;1862
2357;2202
2357;2185
2358;2275
2358;2262
2358;2220
2358;2310
2358;2258
2359;2328
2359;2207
2359;1468
2359;2280
2359;883
2360;2280
2360;1468
2360;883
2360;2359
2360;2318
2361;2210
2361;1105
2361;2197
2361;2331
2361;1503
2362;1205
2362;1548
2362;2199
2362;2266
2362;2249
2363;2196
2363;1448
2363;1051
2363;1471
2363;2286
2364;2257
2364;433
2364;2244
2364;2211
2364;2320
2365;1316
2365;2188
2365;1460
2365;2350
2365;2055
2366;2313
2366;618
2366;2243
2366;1444
2366;2256
2367;2341
2367;2261
2367;594
2367;2271
2367;791
2368;2357
2368;1862
2368;1287
2368;2201
2368;2272
2369;2308
2369;2283
2369;612
2369;2193
2369;2262
2370;2259
2370;1427
2370;1467
2370;2089
2370;1896
2371;2192
2371;2194
2371;1753
2371;103
2371;2222
2372;278
2372;1051
2372;2302
2372;913
2372;1471
2373;2303
2373;1877
2373;2329
2373;743
2373;2035
2374;2207
2374;2328
2374;2359
2374;2217
2374;897
2375;145
2375;1444
2375;2264
2375;2329
2375;1920
2376;334
2376;2263
2376;2295
2376;248
2376;2288
2377;2246
2377;2338
2377;362
2377;2228
2377;2139
2378;1186
2378;2189
2378;2208
2378;2344
2378;1992
2379;2272
2379;600
2379;2299
2379;1677
2379;2225
2380;2268
2380;2215
2380;283
2380;2305
2380;2245
2381;413
2381;1326
2381;2186
2381;2250
2381;2236
2382;2257
2382;2244
2382;2364
2382;47
2382;2342
2383;2226
2383;1648
2383;2358
2383;2258
2383;2221
2384;600
2384;1677
2384;2272
2384;2379
2384;2037
2385;2373
2385;2303
2385;2329
2385;2343
2385;1877
2386;1673
2386;2352
2386;2180
2386;2277
2386;1596
2387;2288
2387;2376
2387;334
2387;2295
2387;2290
2388;2259
2388;1427
2388;2369
2388;2308
2388;2283
2389;2211
2389;2253
2389;704
2389;2240
2389;2254
2390;2223
2390;2183
2390;54
2390;1590
2390;33
2391;913
2391;278
2391;2372
2391;2302
2391;874
2392;2190
2392;2191
2392;1364
2392;2247
2392;2321
2393;2244
2393;2211
2393;2382
2393;2364
2393;2257
2394;54
2394;2224
2394;1590
2394;2311
2394;514
2395;2037
2395;1117
2395;2081
2395;1640
2395;1145
2396;2352
2396;2277
2396;1635
2396;1810
2396;1087
2397;2202
2397;39
2397;2239
2397;2201
2397;2005
2398;2316
2398;2237
2398;2238
2398;2231
2398;2331
2399;2295
2399;248
2399;334
2399;2376
2399;2263
2400;2204
2400;2209
2400;1439
2400;1667
2400;2241
2401;2293
2401;2181
2401;2266
2401;1548
2401;311
2402;2331
2402;2210
2402;2361
2402;2377
2402;1105
2403;2363
2403;2286
2403;1471
2403;1051
2403;2196
2404;2185
2404;1862
2404;2351
2404;1145
2404;2368
2405;2192
2405;1753
2405;2284
2405;103
2405;2355
2406;2227
2406;1092
2406;2221
2406;2220
2406;2275
2407;1872
2407;2236
2407;1326
2407;2186
2407;1186
2408;2219
2408;2340
2408;2294
2408;743
2408;2035
2409;396
2409;2349
2409;2217
2409;897
2409;2207
2410;1471
2410;2286
2410;2403
2410;2363
2410;1051
2411;2318
2411;2280
2411;2343
2411;2360
2411;2325
2412;544
2412;1992
2412;2344
2412;2189
2412;1364
2413;806
2413;2311
2413;485
2413;2195
2413;2120
2414;47
2414;2257
2414;2382
2414;2320
2414;2323
2415;1105
2415;2197
2415;2361
2415;2210
2415;2332
2416;1987
2416;1193
2416;2206
2416;2184
2416;170
2417;2385
2417;2373
2417;2329
2417;2303
2417;2343
2418;2334
2418;2354
2418;2296
2418;371
2418;2309
2419;2369
2419;2308
2419;2283
2419;2388
2419;612
2420;1667
2420;2204
2420;2209
2420;2400
2420;2251
2421;2207
2421;2374
2421;2217
2421;2349
2421;2328
2422;2054
2422;197
2422;704
2422;2240
2422;2253
2423;2286
2423;2193
2423;2403
2423;2410
2423;612
2424;2196
2424;2403
2424;2363
2424;2423
2424;2286
2425;1673
2425;2386
2425;1596
2425;2180
2425;2352
2426;1503
2426;2210
2426;2315
2426;2361
2426;2231
2427;2005
2427;2312
2427;2239
2427;1287
2427;2201
2428;2306
2428;2323
2428;2320
2428;2281
2428;2040
2429;1205
2429;2362
2429;2181
2429;2266
2429;1548
2430;2371
2430;2222
2430;2194
2430;2321
2430;2250
2431;2333
2431;2256
2431;2329
2431;2325
2431;1444
2432;2378
2432;1186
2432;2208
2432;2189
2432;2344
2433;2229
2433;2218
2433;125
2433;2336
2433;2294
2434;2218
2434;2336
2434;2397
2434;2239
2434;268
2435;2037
2435;2081
2435;1959
2435;2384
2435;2395
2436;1205
2436;2249
2436;2429
2436;2362
2436;2199
2437;2354
2437;2198
2437;2307
2437;2418
2437;125
2438;2309
2438;2314
2438;2296
2438;2348
2438;2098
2439;1116
2439;2155
2439;2054
2439;197
2439;2345
2440;2035
2440;2264
2440;2225
2440;2219
2440;2340
2441;2230
2441;2326
2441;51
2441;2235
2441;1423
2442;2337
2442;2276
2442;2269
2442;2270
2442;2301
2443;1778
2443;2200
2443;2332
2443;2214
2443;283
2444;1448
2444;2302
2444;1051
2444;1611
2444;2363
2445;2226
2445;1648
2445;2383
2445;2389
2445;2253
2446;2223
2446;1937
2446;2390
2446;1712
2446;2183
2447;2252
2447;2432
2447;1897
2447;2208
2447;2339
2448;743
2448;1257
2448;2219
2448;2408
2448;1877
2449;1548
2449;2266
2449;2362
2449;1205
2449;2429
2450;2139
2450;2289
2450;2246
2450;2377
2450;2402
2451;2288
2451;2290
2451;2295
2451;2387
2451;2399
2452;2253
2452;704
2452;2240
2452;2254
2452;2211
2453;2284
2453;2405
2453;2355
2453;2192
2453;1753
2454;2181
2454;2401
2454;2266
2454;2293
2454;2429
2455;2413
2455;806
2455;485
2455;2195
2455;2311
2456;2225
2456;2299
2456;2379
2456;2264
2456;2272
2457;1539
2457;2322
2457;2305
2457;2268
2457;2245
2458;2408
2458;2219
2458;2340
2458;2294
2458;2448
2459;2315
2459;2098
2459;2348
2459;1503
2459;2426
2460;2266
2460;2454
2460;2401
2460;2449
2460;1548
2461;2366
2461;618
2461;2288
2461;2290
2461;952
2462;2215
2462;897
2462;2245
2462;2328
2462;2380
2463;2265
2463;2267
2463;2269
2463;2346
2463;2337
2464;2462
2464;2215
2464;2411
2464;1877
2464;2343
2465;1311
2465;1350
2465;2350
2465;2055
2465;1145
2466;2380
2466;2268
2466;2305
2466;1539
2466;2245
2467;1987
2467;2416
2467;2242
2467;2206
2467;2318
2468;2352
2468;2386
2468;2277
2468;2396
2468;2180
2469;2282
2469;1594
2469;306
2469;1640
2469;1596
2470;1467
2470;2089
2470;1491
2470;2370
2470;2259
2471;2271
2471;2304
2471;163
2471;2287
2471;2261
2472;1427
2472;1785
2472;2259
2472;2283
2472;2419
2473;2459
2473;2315
2473;2098
2473;2348
2473;1503
2474;670
2474;1959
2474;2187
2474;2292
2474;2081
2475;2465
2475;2055
2475;1311
2475;2350
2475;1350
2476;2435
2476;2037
2476;2384
2476;1677
2476;2081
2477;831
2477;47
2477;2353
2477;2323
2477;2320
2478;371
2478;2334
2478;117
2478;2418
2478;2348
2479;2386
2479;1673
2479;2425
2479;2352
2479;2180
2480;2374
2480;2359
2480;2421
2480;2207
2480;2328
2481;1257
2481;2448
2481;2200
2481;2458
2481;1876
2482;2184
2482;1748
2482;1987
2482;2242
2482;170
2483;2340
2483;2294
2483;2408
2483;2229
2483;2219
2484;1350
2484;1311
2484;1145
2484;2350
2484;2273
2485;2421
2485;2207
2485;2217
2485;2409
2485;2349
2486;2388
2486;2419
2486;2259
2486;1427
2486;2369
2487;2318
2487;2411
2487;2467
2487;2280
2487;2325
2488;2256
2488;2431
2488;2333
2488;2325
2488;429
2489;2098
2489;2348
2489;2473
2489;2459
2489;2315
2490;2254
2490;35
2490;2345
2490;2240
2490;2155
2491;2209
2491;2400
2491;2204
2491;1667
2491;2420
2492;2188
2492;1316
2492;2365
2492;2350
2492;1426
2493;2296
2493;2418
2493;2354
2493;2438
2493;2314
2494;1011
2494;2297
2494;554
2494;2232
2494;1545
2495;2394
2495;54
2495;2311
2495;2224
2495;1590
2496;2215
2496;2462
2496;2380
2496;2466
2496;2245
2497;2277
2497;2396
2497;2468
2497;2352
2497;2180
2498;2201
2498;1287
2498;2239
2498;2357
2498;2005
2499;2483
2499;2408
2499;2340
2499;2219
2499;2294
2500;2265
2500;2463
2500;2300
2500;2270
2500;1713
2501;2487
2501;2206
2501;2280
2501;2360
2501;883
2502;51
2502;2326
2502;2441
2502;2230
2502;2298
2503;2292
2503;2187
2503;2474
2503;670
2503;2279
2504;2258
2504;2213
2504;2255
2504;2358
2504;1648
2505;2316
2505;2237
2505;2223
2505;2390
2505;2398
2506;2244
2506;2393
2506;2254
2506;2211
2506;2452
2507;39
2507;2299
2507;2202
2507;2397
2507;2225
2508;2362
2508;1205
2508;2199
2508;2205
2508;2255
2509;1594
2509;1596
2509;2282
2509;306
2509;2469
2510;2452
2510;2254
2510;2253
2510;2506
2510;704
2511;2276
2511;2324
2511;2442
2511;918
2511;2337
2512;2407
2512;1872
2512;2236
2512;1326
2512;2186
2513;306
2513;670
2513;2474
2513;2503
2513;2292
2514;2354
2514;2437
2514;2493
2514;2418
2514;2307
2515;2332
2515;2214
2515;2197
2515;1778
2515;1105
2516;396
2516;2409
2516;2245
2516;2322
2516;897
2517;2514
2517;2493
2517;2354
2517;2437
2517;2296
2518;197
2518;2383
2518;2422
2518;2427
2518;2054
2519;2402
2519;2331
2519;2450
2519;2139
2519;2377
2520;2182
2520;2345
2520;35
2520;2198
2520;125
2521;2249
2521;2199
2521;2205
2521;2193
2521;2213
2522;2239
2522;2397
2522;2201
2522;2498
2522;2005
2523;2427
2523;2005
2523;1287
2523;2312
2523;2498
2524;2375
2524;145
2524;2264
2524;1920
2524;1444
2525;2390
2525;33
2525;2183
2525;2223
2525;1590
2526;2472
2526;1785
2526;1427
2526;2283
2526;2259
2527;2250
2527;2216
2527;413
2527;2381
2527;2321
2528;2222
2528;2430
2528;2191
2528;2194
2528;2321
2529;2313
2529;2274
2529;2366
2529;2279
2529;2291
2530;2428
2530;2306
2530;2323
2530;2320
2530;2281
2531;2328
2531;897
2531;2207
2531;2374
2531;2485
2532;24
2532;2291
2532;2180
2532;2279
2532;1673
2533;2233
2533;2338
2533;2203
2533;2197
2533;362
2534;2331
2534;2402
2534;2519
2534;2398
2534;2238
2535;1842
2535;2346
2535;2267
2535;2327
2535;594
2536;2263
2536;248
2536;334
2536;2376
2536;2399
2537;2350
2537;2475
2537;2465
2537;1311
2537;1350
2538;1257
2538;2448
2538;1876
2538;2481
2538;283
2539;2302
2539;2444
2539;1448
2539;1051
2539;1611
2540;2317
2540;514
2540;50
2540;2222
2540;2477
2541;2495
2541;2413
2541;806
2541;2231
2541;2311
2542;2478
2542;371
2542;2334
2542;117
2542;2418
2543;2215
2543;2496
2543;283
2543;2380
2543;1876
2544;674
2544;2281
2544;433
2544;1548
2544;2306
2545;2414
2545;2257
2545;2382
2545;47
2545;2320
2546;2349
2546;2217
2546;2235
2546;2409
2546;2485
2547;2378
2547;1186
2547;2432
2547;2189
2547;2208
2548;2383
2548;2226
2548;2422
2548;2445
2548;2253
2549;2461
2549;2288
2549;2387
2549;2290
2549;952
2550;2549
2550;2461
2550;2366
2550;2529
2550;2313
2551;2456
2551;2379
2551;2225
2551;2264
2551;2299
2552;2037
2552;2476
2552;2435
2552;2384
2552;2081
2553;33
2553;2183
2553;2247
2553;2525
2553;2252
2554;2222
2554;2528
2554;2317
2554;2194
2554;2540
2555;2466
2555;2380
2555;2443
2555;2203
2555;2268
2556;2555
2556;2443
2556;2466
2556;2533
2556;2380
2557;64
2557;2234
2557;791
2557;2300
2557;1713
2558;2238
2558;2237
2558;2316
2558;2398
2558;2534
2559;2343
2559;2464
2559;2411
2559;2318
2559;2417
2560;2416
2560;2206
2560;1193
2560;1987
2560;2467
2561;64
2561;2557
2561;2300
2561;2234
2561;791
2562;874
2562;311
2562;278
2562;2436
2562;2372
2563;1350
2563;2484
2563;1311
2563;2350
2563;2465
2564;2556
2564;2443
2564;2555
2564;2466
2564;2380
2565;2453
2565;2355
2565;2284
2565;2477
2565;831
2566;831
2566;2323
2566;2040
2566;2320
2566;2477
2567;2226
2567;2548
2567;2383
2567;2445
2567;2422
2568;2461
2568;2550
2568;2549
2568;2366
2568;618
2569;2040
2569;2355
2569;2284
2569;2566
2569;253
2570;1713
2570;2300
2570;2500
2570;2561
2570;2234
2571;2548
2571;2422
2571;2567
2571;2383
2571;2518
2572;1877
2572;2538
2572;2448
2572;743
2572;1876
2573;2287
2573;163
2573;2271
2573;2261
2573;2471
2574;2289
2574;1680
2574;2139
2574;555
2574;2450
2575;2481
2575;1257
2575;2200
2575;2538
2575;2448
2576;2307
2576;2437
2576;2514
2576;2198
2576;2517
2577;806
2577;2314
2577;2309
2577;2413
2577;2455
2578;2260
2578;485
2578;2342
2578;2195
2578;2455
2579;24
2579;2532
2579;1673
2579;306
2579;2513
