0;1691
0;2000
0;1983
0;278
0;917
1;1343
1;1473
1;311
1;1314
1;698
2;1296
2;1228
2;1951
2;1262
2;1820
3;1052
3;1531
3;1445
3;1930
3;687
4;24
4;1564
4;21
4;572
4;1122
5;1119
5;372
5;1879
5;341
5;315
6;61
6;487
6;1660
6;2024
6;1358
7;602
7;436
7;1975
7;467
7;220
8;997
8;706
8;1083
8;1945
8;977
9;1374
9;213
9;1925
9;1351
9;1334
10;1987
10;813
10;600
10;1021
10;1482
11;968
11;382
11;2019
11;1179
11;857
12;49
12;817
12;329
12;1199
12;1350
13;531
13;218
13;102
13;712
13;2005
14;1145
14;723
14;709
14;400
14;185
15;287
15;1782
15;1903
15;2084
15;1706
16;1806
16;2086
16;1838
16;918
16;88
17;622
17;1214
17;1439
17;1069
17;1449
18;1176
18;1906
18;1134
18;836
18;741
19;1835
19;493
19;894
19;1737
19;1895
20;1060
20;1984
20;1468
20;1425
20;682
21;1122
21;1564
21;1077
21;24
22;1727
22;676
22;749
22;1800
22;667
23;955
23;855
23;1244
23;2061
23;1363
24;572
24;1564
24;1122
25;1963
25;1151
25;663
25;1259
25;1341
26;1533
26;565
26;1540
26;992
26;337
27;1639
27;1612
27;570
27;2137
27;399
28;1522
28;728
28;1004
28;2157
28;1275
29;1464
29;1330
29;1854
29;1747
29;1607
30;527
30;1444
30;117
30;1817
30;1283
31;512
31;500
31;603
31;2115
31;915
32;1264
32;1322
32;1234
32;1601
32;2113
33;2144
33;1966
33;1039
33;598
33;2040
34;516
34;199
34;1265
34;1917
34;839
35;222
35;1807
35;1397
35;1882
35;2159
36;2124
36;1103
36;1908
36;292
36;1091
37;1160
37;988
37;427
37;351
37;347
38;927
38;1560
38;585
38;906
38;740
39;77
39;2074
39;1096
39;1636
39;1101
40;1026
40;1767
40;1057
40;2054
40;708
41;1801
41;1886
41;1777
41;458
41;1647
42;1281
42;422
42;209
42;1741
42;861
43;969
43;2048
43;507
43;1803
43;2150
44;786
44;113
44;348
44;1299
44;1144
45;1119
45;315
45;172
45;1916
45;372
46;626
46;1953
46;312
46;1707
46;844
47;1184
47;2080
47;378
47;543
47;1116
48;1174
48;1637
48;552
48;1549
48;509
49;817
49;1199
49;397
49;1350
50;1992
50;199
50;516
50;34
50;893
51;1887
51;243
51;2038
51;1197
51;905
52;1896
52;1836
52;2083
52;510
52;1051
53;70
53;396
53;1338
53;2089
53;1461
54;1425
54;235
54;2164
54;251
54;91
55;1478
55;1532
55;2098
55;1783
55;526
56;996
56;2133
56;1894
56;1241
56;1619
57;575
57;73
57;2173
57;1225
57;1749
58;1099
58;1607
58;759
58;455
58;768
59;1525
59;1488
59;949
59;1310
59;1526
60;1243
60;1570
60;362
60;681
60;1424
61;487
61;2024
61;1358
61;1660
62;1689
62;341
62;1436
62;1879
62;133
63;799
63;736
63;2106
63;1808
63;548
64;1198
64;127
64;1676
64;1149
64;490
65;528
65;1346
65;335
65;1441
65;1755
66;1894
66;1619
66;1241
66;1305
66;996
67;616
67;1070
67;230
67;236
67;635
68;2044
68;1307
68;1316
68;1409
68;2126
69;1785
69;340
69;1144
69;219
69;298
70;396
70;1461
70;1391
70;1338
71;125
71;2005
71;597
71;1194
71;655
72;1476
72;574
72;904
72;246
72;1958
73;1225
73;1749
73;2173
73;890
74;1249
74;648
74;1274
74;214
74;1988
75;1168
75;1582
75;1492
75;1257
75;2112
76;1800
76;1546
76;1406
76;1479
76;676
77;2074
77;1636
77;1668
77;1579
78;1308
78;811
78;1627
78;689
78;1502
79;1471
79;2155
79;277
79;1695
79;1042
80;2163
80;193
80;107
80;1033
80;1410
81;1568
81;1028
81;846
81;767
81;2138
82;1246
82;335
82;1755
82;1486
82;1008
83;1548
83;1301
83;1793
83;840
83;1362
84;1085
84;1459
84;1012
84;475
84;1422
85;979
85;425
85;835
85;796
85;476
86;1971
86;766
86;1458
86;985
86;781
87;2145
87;1276
87;945
87;2108
87;1115
88;1075
88;1649
88;250
88;1501
89;344
89;1379
89;966
89;311
89;1216
90;2149
90;679
90;653
90;2011
90;1356
91;2164
91;1019
91;259
91;1072
91;912
92;621
92;1707
92;312
92;844
92;607
93;211
93;159
93;1073
93;1708
93;2012
94;350
94;2004
94;463
94;1831
94;255
95;1345
95;2011
95;1104
95;858
95;653
96;692
96;1978
96;1066
96;1363
96;582
97;670
97;842
97;1497
97;1720
97;424
98;1933
98;1922
98;187
98;779
98;232
99;1110
99;1324
99;1788
99;205
99;804
100;785
100;2169
100;2130
100;971
100;1412
101;877
101;733
101;1512
101;593
101;314
102;218
102;2005
102;531
102;125
103;631
103;1236
103;1082
103;1773
103;2094
104;596
104;2174
104;1097
104;1680
104;793
105;345
105;859
105;1423
105;359
105;1923
106;1355
106;634
106;1138
106;2167
106;675
107;2163
107;193
107;117
107;1410
108;327
108;144
108;779
108;1911
108;1898
109;1609
109;1584
109;299
109;452
109;128
110;870
110;1013
110;1530
110;514
110;753
111;1282
111;1222
111;1919
111;553
111;661
112;1295
112;1470
112;947
112;131
112;1559
113;348
113;1299
113;423
113;786
114;1508
114;566
114;2045
114;1384
114;1298
115;1407
115;1841
115;317
115;1643
115;1427
116;1390
116;1970
116;765
116;2
116;301
117;527
117;1817
117;2163
118;1777
118;1886
118;1506
118;1654
118;41
119;707
119;365
119;1098
119;974
119;1235
120;697
120;1215
120;2175
120;1043
120;1856
121;1860
121;1193
121;429
121;1059
121;645
122;962
122;492
122;983
122;1284
122;1347
123;278
123;2000
123;297
123;1691
123;0
124;509
124;464
124;1549
124;1174
124;1845
125;2005
125;1194
125;597
126;1869
126;1395
126;154
126;1595
126;1411
127;1198
127;1149
127;1676
127;490
128;1609
128;1584
128;345
128;478
129;2078
129;1315
129;170
129;691
129;2021
130;1092
130;449
130;1843
130;1388
130;1730
131;947
131;1295
131;2001
131;316
132;1289
132;1704
132;1642
132;456
132;901
133;1879
133;341
133;158
133;1722
133;1689
134;1417
134;325
134;789
134;792
134;140
135;1544
135;1396
135;1534
135;847
135;465
136;1365
136;1664
136;818
136;522
136;883
137;1973
137;1400
137;319
137;925
137;1078
138;610
138;1129
138;934
138;1965
138;1373
139;142
139;363
139;210
139;767
139;2111
140;1799
140;1417
140;706
140;325
141;486
141;1225
141;1240
141;1749
141;73
142;363
142;210
142;2111
142;730
143;1020
143;1361
143;2094
143;1578
143;284
144;1994
144;779
144;1933
144;327
145;588
145;1557
145;1709
145;1207
145;1631
146;1733
146;2093
146;462
146;1446
146;1245
147;1009
147;508
147;303
147;713
147;850
148;1130
148;1551
148;2110
148;700
148;832
149;381
149;401
149;1443
149;2057
149;2081
150;1146
150;1172
150;519
150;862
150;177
151;377
151;1217
151;1761
151;1763
151;875
152;1061
152;935
152;256
152;1376
152;2014
153;364
153;1718
153;1616
153;386
153;635
154;732
154;1143
154;1058
154;1869
155;730
155;210
155;1950
155;504
155;1035
156;1353
156;613
156;827
156;690
156;846
157;1328
157;1242
157;885
157;1701
157;891
158;1722
158;1879
158;2027
158;5
159;211
159;800
159;1620
159;1415
160;1487
160;1624
160;2030
160;803
160;249
161;1424
161;2117
161;1570
161;1696
161;681
162;2121
162;1056
162;994
162;981
162;679
163;1302
163;2138
163;770
163;1983
163;244
164;1258
164;1518
164;1025
164;628
164;724
165;608
165;606
165;297
165;1650
165;778
166;289
166;2179
166;1812
166;1730
166;1388
167;433
167;880
167;2075
167;482
167;2058
168;330
168;1227
168;1924
168;1681
168;1846
169;1973
169;446
169;1400
169;960
169;925
170;2021
170;2078
170;515
170;1315
171;389
171;507
171;644
171;1502
171;43
172;719
172;1169
172;1916
172;1154
173;2162
173;1726
173;1218
173;201
173;1999
174;1653
174;1394
174;1907
174;480
174;1112
175;413
175;977
175;1945
175;617
175;1655
176;2155
176;262
176;576
176;1960
176;79
177;519
177;1979
177;1770
177;1172
178;924
178;1411
178;1869
178;1881
178;1067
179;2119
179;1585
179;1976
179;234
179;500
180;929
180;986
180;1190
180;1523
180;2032
181;1840
181;1022
181;748
181;876
181;1206
182;1828
182;390
182;2103
182;1186
182;308
183;1024
183;1042
183;865
183;1300
183;716
184;1105
184;826
184;1312
184;1926
184;647
185;892
185;426
185;1797
185;2146
185;400
186;1870
186;233
186;782
186;895
186;2064
187;232
187;1933
187;779
187;1994
188;1506
188;1654
188;1382
188;461
188;2114
189;1610
189;1114
189;410
189;683
189;1519
190;2153
190;1876
190;1628
190;584
190;472
191;431
191;1216
191;1379
191;89
191;966
192;1569
192;553
192;517
192;1282
192;1734
193;2163
193;1285
193;117
194;299
194;1200
194;1931
194;864
194;452
195;513
195;1045
195;1192
195;1739
195;910
196;1205
196;614
196;1006
196;1372
196;664
197;1196
197;503
197;1957
197;1276
197;240
198;685
198;1798
198;727
198;1866
198;1761
199;516
199;1992
199;1917
200;1452
200;1698
200;493
200;755
200;1859
201;1218
201;2162
201;1932
201;1999
202;2090
202;938
202;1254
202;569
202;1684
203;1562
203;2010
203;1178
203;368
203;1753
204;782
204;233
204;1870
204;186
204;2073
205;804
205;1110
205;1483
205;1511
206;913
206;2043
206;975
206;646
206;798
207;451
207;1018
207;295
207;216
207;1975
208;810
208;2024
208;1660
208;1991
208;717
209;825
209;861
209;1741
209;847
210;730
210;363
211;800
211;884
211;1620
212;797
212;1943
212;1418
212;1561
212;457
213;1374
213;1109
213;1873
213;1925
214;1001
214;1398
214;1014
214;1159
215;1214
215;1003
215;1844
215;1439
215;2003
216;225
216;851
216;328
216;451
217;1587
217;543
217;725
217;1541
217;1184
218;531
218;1830
218;2005
219;1144
219;340
219;1785
219;1303
220;436
220;602
220;757
220;781
220;766
221;874
221;468
221;2062
221;290
221;1280
222;1807
222;1397
222;1882
222;2159
223;2168
223;1989
223;467
223;851
223;1090
224;1177
224;641
224;689
224;1273
224;1627
225;328
225;851
225;2088
225;1735
226;612
226;1181
226;963
226;1968
226;421
227;1086
227;2072
227;365
227;707
227;119
228;438
228;1848
228;1027
228;411
228;856
229;1756
229;718
229;879
229;266
229;1592
230;616
230;1070
230;635
230;236
231;1106
231;573
231;645
231;756
231;2092
232;542
232;1933
232;1562
233;782
233;1870
233;895
234;2151
234;1976
234;2119
234;812
235;251
235;682
235;1425
235;463
236;1089
236;616
236;1070
237;557
237;1043
237;1856
237;2175
237;2141
238;1023
238;1063
238;930
238;478
238;715
239;1484
239;1135
239;749
239;1383
239;1232
240;1088
240;1699
240;352
240;950
241;1890
241;1809
241;1112
241;1972
241;878
242;1665
242;360
242;900
242;525
242;1594
243;1318
243;744
243;1887
243;502
244;1965
244;1983
244;1302
244;770
244;917
245;908
245;726
245;1339
245;1068
245;1326
246;574
246;1669
246;1431
246;904
247;1038
247;1375
247;1044
247;668
247;1062
248;768
248;1167
248;1074
248;1420
248;1099
249;803
249;2030
249;1487
249;596
250;1501
250;1075
250;1818
250;1649
251;463
251;94
251;2164
252;1536
252;643
252;897
252;1810
252;406
253;764
253;1162
253;882
253;291
253;2071
254;654
254;1331
254;551
254;375
254;2046
255;1831
255;1725
255;259
255;1072
255;2004
256;639
256;2014
256;1061
256;471
257;358
257;1710
257;1364
257;2081
257;1460
258;2026
258;429
258;1059
258;933
258;298
259;1019
259;1072
259;2164
259;1831
260;1771
260;539
260;2076
260;444
260;2123
261;1908
261;2124
261;1091
261;36
261;1792
262;2155
262;576
262;79
262;832
263;1335
263;1942
263;1055
263;408
263;1795
264;1317
264;1641
264;2007
264;549
264;1310
265;2020
265;992
265;1746
265;2076
265;1533
266;1015
266;718
266;1756
266;1787
267;572
267;580
267;650
267;1077
267;24
268;751
268;835
268;979
268;759
268;85
269;288
269;1874
269;1369
269;757
269;973
270;674
270;1386
270;563
270;1946
270;201
271;1671
271;1750
271;1434
271;392
271;1901
272;1432
272;1238
272;942
272;1321
272;1504
273;1207
273;1631
273;2088
273;1735
273;145
274;1875
274;1624
274;1897
274;1980
274;1057
275;916
275;642
275;1858
275;342
275;703
276;1367
276;824
276;951
276;1826
276;521
277;1695
277;1471
277;1300
277;832
278;2000
278;1691
278;297
279;1556
279;367
279;414
279;1366
279;1147
280;772
280;1760
280;555
280;765
280;1441
281;1752
281;532
281;1466
281;1002
281;1805
282;1597
282;1899
282;1102
282;1949
282;1453
283;632
283;1030
283;499
283;1136
283;611
284;711
284;1578
284;788
284;599
284;1361
285;1421
285;1197
285;2038
285;2147
285;1970
286;579
286;1156
286;2047
286;2149
286;1640
287;2084
287;2079
287;1903
287;1706
288;1369
288;1874
288;973
288;1955
289;1730
289;1812
289;1388
289;2179
290;2062
290;931
290;468
290;874
291;1162
291;882
291;2071
291;764
292;1103
292;460
292;1467
292;1528
292;1091
293;1635
293;1634
293;651
293;1408
293;184
294;754
294;1095
294;1499
294;470
294;976
295;451
295;1018
295;1313
295;1848
296;2088
296;1720
296;851
296;328
296;273
297;606
297;608
297;1255
298;1785
298;340
298;1828
299;452
299;1584
299;1931
300;1610
300;647
300;660
300;1269
300;1519
301;1820
301;1832
301;1262
301;1228
301;1615
302;1611
302;1480
302;1028
302;525
302;1236
303;550
303;713
303;1009
303;456
304;1948
304;614
304;763
304;1747
304;1175
305;2139
305;2077
305;1618
305;865
305;841
306;1939
306;2101
306;1290
306;491
306;547
307;934
307;995
307;1188
307;1323
307;1129
308;1186
308;390
308;2103
308;1251
309;762
309;1603
309;485
309;1378
309;1591
310;1595
310;1446
310;1395
310;534
310;384
311;1473
311;1343
311;344
312;1707
312;844
312;621
312;1923
313;1745
313;1461
313;1442
313;1839
313;489
314;824
314;1512
314;733
314;877
315;1119
315;341
315;1879
316;1555
316;2001
316;1515
316;1834
317;1841
317;1247
317;1673
317;1407
318;1732
318;533
318;1811
318;2065
318;677
319;1027
319;856
319;1400
319;1973
320;1824
320;472
320;1876
320;2101
320;1463
321;2051
321;1414
321;1507
321;2117
321;1696
322;1273
322;1914
322;224
322;1766
322;1177
323;945
323;1276
323;503
323;87
323;2145
324;560
324;796
324;998
324;1510
324;1256
325;1417
325;2115
325;1083
326;1078
326;925
326;1400
326;2089
326;1973
327;1911
327;1850
327;1898
328;851
328;2088
328;1735
329;49
329;817
329;1237
329;559
330;1227
330;1924
330;1846
330;1681
331;380
331;1320
331;445
331;1917
331;511
332;1352
332;2135
332;1871
332;587
332;1543
333;1333
333;1108
333;885
333;448
333;361
334;1827
334;1986
334;1728
334;1469
334;530
335;1246
335;528
335;1755
336;571
336;1644
336;469
336;2042
336;1287
337;939
337;1239
337;536
337;1510
338;1457
338;1768
338;2132
338;980
338;2110
339;1217
339;1336
339;1329
339;1763
339;1292
340;1785
340;1144
341;1879
341;1119
342;642
342;916
342;755
342;2178
343;2109
343;1759
343;1298
343;1340
343;978
344;1473
344;1343
344;966
345;859
345;1609
345;359
346;1202
346;1483
346;2097
346;1301
346;1758
347;1165
347;351
347;2050
347;1266
347;419
348;1299
348;423
348;1855
348;786
349;1045
349;1192
349;1237
349;559
349;910
350;2004
350;463
350;1831
350;255
351;1165
351;419
351;1131
352;1699
352;1088
352;2062
352;468
353;1583
353;1957
353;2108
353;2145
353;87
354;1742
354;929
354;1434
354;1429
354;1010
355;1833
355;1713
355;2022
355;1254
355;496
356;2140
356;778
356;1650
356;608
356;2135
357;1117
357;2053
357;1170
357;1766
357;1914
358;2081
358;1203
358;1710
358;401
359;1923
359;844
359;859
359;312
359;1423
360;525
360;1731
360;1665
360;1082
361;1460
361;1333
361;448
361;1364
362;867
362;1243
362;1416
362;1570
363;2111
363;730
364;1616
364;1718
364;635
364;386
365;707
365;2072
365;1086
366;412
366;1064
366;898
366;869
366;1765
367;414
367;1366
367;1556
367;638
368;1753
368;1604
368;752
368;1178
369;1035
369;1950
369;1229
369;2015
369;1141
370;1404
370;2158
370;1514
370;1857
370;1791
371;967
371;2148
371;896
371;1645
371;1280
372;1916
372;739
372;1119
373;545
373;587
373;385
373;1352
373;2135
374;1545
374;769
374;1662
374;2052
374;395
375;1325
375;1371
375;1819
375;1717
376;2027
376;1834
376;1909
376;960
376;446
377;1761
377;875
377;1866
377;1217
378;1116
378;1184
378;543
378;1101
379;410
379;1114
379;2132
379;980
379;2177
380;445
380;2006
380;1320
380;1509
381;401
381;1443
381;2057
381;2081
382;968
382;1179
382;2019
382;1444
383;640
383;497
383;1781
383;386
383;1939
384;1278
384;534
384;878
384;1446
385;545
385;1993
385;908
385;1553
386;635
386;1616
386;640
386;230
387;506
387;529
387;573
387;1813
387;902
388;702
388;2142
388;716
388;1268
388;808
389;644
389;507
389;1502
389;665
390;1186
390;2103
390;1828
391;476
391;425
391;759
391;835
391;58
392;1901
392;1750
392;662
392;957
393;1219
393;1437
393;761
393;2153
393;1876
394;1700
394;597
394;655
394;2161
394;71
395;1662
395;1284
395;769
395;941
396;1338
396;1391
396;1461
397;1199
397;817
397;1080
397;1117
398;1152
398;1941
398;721
398;469
398;814
399;1639
399;1606
399;564
399;1124
400;709
400;1898
400;426
400;2146
400;1911
401;2057
401;2081
401;1710
402;1213
402;522
402;1443
402;381
402;524
403;854
403;837
403;777
403;1437
403;1663
404;550
404;2010
404;462
404;132
404;456
405;1283
405;1954
405;1429
405;1010
405;1036
406;1810
406;1326
406;1339
406;1536
406;643
407;1503
407;1230
407;1892
407;658
407;1882
408;1123
408;1335
408;745
408;629
408;1795
409;951
409;694
409;1367
409;952
409;2042
410;1519
410;1114
410;2132
411;1606
411;739
411;399
411;438
412;1064
412;1037
412;1104
412;898
413;1883
413;1893
413;617
413;1947
414;1366
414;1556
414;638
415;873
415;1852
415;590
415;1663
415;1163
416;1448
416;943
416;1614
416;1661
416;1401
417;1269
417;1842
417;660
417;1490
417;300
418;567
418;862
418;1172
418;1868
418;1770
419;1131
419;1165
419;37
420;1189
420;1865
420;1915
420;1884
420;1
421;1968
421;662
421;673
421;1520
421;828
422;1399
422;1493
422;1666
422;1281
423;1855
423;1299
423;1414
424;1631
424;1207
424;273
424;670
425;476
425;835
425;759
426;2146
426;892
426;709
427;988
427;502
427;1830
427;744
428;1937
428;1154
428;1124
428;570
428;1491
429;2026
429;1860
429;2129
430;1291
430;1925
430;1397
430;9
430;1351
431;1216
431;1379
431;89
431;966
432;433
432;880
432;1469
432;2058
432;1638
433;880
433;2058
433;815
434;1913
434;1133
434;1040
434;1991
434;1903
435;2156
435;1344
435;932
435;624
435;547
436;602
436;781
436;757
437;1277
437;930
437;452
437;439
437;1063
438;564
438;2137
438;399
438;1848
439;1930
439;1931
439;1445
439;864
440;2127
440;795
440;1659
440;1387
440;1137
441;1451
441;728
441;1069
441;2167
441;1138
442;1017
442;1889
442;1838
442;2086
442;1806
443;1935
443;722
443;1007
443;1990
443;1974
444;2123
444;2076
444;2087
444;1142
445;1320
445;2006
445;1509
445;1265
446;960
446;2027
446;1688
447;993
447;1684
447;938
447;1406
447;1714
448;1050
448;1108
448;1333
448;891
448;885
449;1843
449;1092
449;1388
449;1182
450;2066
450;638
450;1726
450;1389
450;1999
451;1018
451;956
451;1975
452;930
452;1584
453;518
453;1052
453;454
453;823
453;3
454;823
454;849
454;2029
454;1389
455;1607
455;1099
455;768
455;248
456;850
456;508
456;550
457;1746
457;797
457;2104
457;265
458;1886
458;1232
458;1647
458;667
459;1736
459;1863
459;981
459;1257
459;1582
460;1528
460;1103
460;1467
460;2009
461;1382
461;1654
461;1506
461;1719
462;2093
462;1733
462;1245
463;2004
463;794
464;1845
464;509
464;1549
464;1174
465;1544
465;847
465;1281
465;1851
466;1744
466;1529
466;2125
466;830
466;1706
467;2168
467;1989
467;851
468;2062
468;874
468;931
469;1644
469;571
469;1152
469;1157
469;2042
470;754
470;1499
470;1095
470;541
471;688
471;639
471;1061
471;152
472;1876
472;1824
472;2101
473;1309
473;546
473;1123
473;408
473;1942
474;1611
474;1480
474;788
474;1113
474;711
475;1459
475;1085
475;1012
475;340
476;759
476;835
477;1524
477;834
477;1327
477;671
477;2099
478;1574
478;1851
478;1023
479;1036
479;636
479;1954
479;1283
479;1523
480;1394
480;1112
480;1890
480;241
481;1220
481;1373
481;917
481;897
481;1474
482;2075
482;1687
482;2017
482;2058
483;1682
483;833
483;1738
483;1175
483;1349
484;1293
484;2171
484;2154
484;2016
484;2161
485;1378
485;762
485;1603
485;64
486;1240
486;1225
486;1749
486;73
487;414
487;279
487;1660
488;1550
488;939
488;1861
488;1792
488;536
489;1790
489;1442
489;1005
489;1431
489;1669
490;1198
490;1149
490;1167
491;1290
491;1463
491;1939
491;2101
491;320
492;1284
492;983
492;962
492;941
493;1452
493;2096
493;1737
494;1835
494;1551
494;700
494;2051
494;1507
495;1155
495;2134
495;1537
495;1681
495;1126
496;2114
496;1254
496;202
496;938
497;640
497;1939
497;1781
497;386
498;791
498;1157
498;1230
498;1690
498;863
499;941
499;1662
499;1475
499;1545
500;2119
500;512
500;603
501;1977
501;1803
501;1164
501;811
501;78
502;744
502;1318
502;988
502;871
503;1276
503;1196
503;2145
503;1957
504;1141
504;1950
504;1211
504;2015
504;369
505;883
505;1740
505;749
505;22
505;1727
506;902
506;529
506;982
506;1813
507;1502
507;969
507;1308
508;850
508;1009
508;303
509;1174
509;1549
509;1845
510;1543
510;1871
510;2083
510;332
510;1352
511;1589
511;1000
511;2067
511;591
511;619
512;915
512;2115
512;603
513;910
513;1045
513;1192
513;349
514;870
514;1013
514;1530
514;1100
515;806
515;2068
515;2078
515;129
516;1992
516;1917
517;553
517;1734
517;2128
517;701
518;1182
518;1052
518;687
518;1843
519;1770
519;1172
519;1979
520;1769
520;1959
520;1711
520;1065
520;1521
521;903
521;1929
521;1306
521;952
521;1826
522;1365
522;1213
522;818
523;1456
523;1667
523;1380
523;807
523;1042
524;1436
524;1213
524;1555
524;522
524;62
525;1731
525;1082
525;1665
526;1783
526;2098
526;735
526;1174
526;1549
527;1817
527;1444
527;1489
528;1755
528;1246
528;1346
529;1651
529;902
529;775
530;815
530;2049
530;2058
530;1827
530;880
531;2005
531;712
532;1466
532;1805
532;1752
532;1002
533;2152
533;581
533;2065
533;1212
534;1595
534;1446
534;1278
535;1617
535;1323
535;1188
535;1665
535;995
536;1792
536;1510
536;998
536;1550
536;939
537;1053
537;2047
537;2172
537;1156
537;286
538;1377
538;2094
538;1020
538;1368
538;712
539;1392
539;1575
539;1201
539;444
540;1672
540;1732
540;931
540;677
540;1811
541;1499
541;1814
541;294
541;1253
542;1008
542;819
542;98
542;187
543;1116
543;1184
543;725
544;1580
544;1098
544;1235
544;1998
544;1547
545;587
545;1352
545;2135
546;1309
546;1878
546;1778
546;1940
547;1628
547;2101
547;472
547;320
548;799
548;589
548;1067
548;1808
549;1310
549;1065
549;1488
549;1959
549;1317
550;713
550;2010
550;1562
551;1661
551;654
551;760
551;1039
552;1637
552;958
552;937
552;1174
553;1919
553;701
553;1282
554;1410
554;1462
554;1538
554;1093
554;1033
555;772
555;995
555;1188
555;1441
555;1617
556;1465
556;1127
556;1149
556;1224
556;127
557;2141
557;845
557;1500
557;1233
558;1656
558;1759
558;2109
558;343
558;1298
559;1237
559;1192
559;1045
560;796
560;998
560;1510
560;536
561;1191
561;889
561;991
561;2060
561;1674
562;1640
562;1920
562;579
562;1590
562;1492
563;1010
563;1434
563;1429
563;405
563;674
564;2137
564;27
564;1612
565;1540
565;1643
565;1049
565;605
566;2014
566;1508
566;1552
566;1384
567;862
567;1172
567;1868
567;2034
568;1161
568;911
568;866
568;1821
568;769
569;1254
569;2090
569;1242
569;1713
570;1491
570;1639
570;1612
571;1644
571;2042
571;863
572;1077
572;21
573;1813
573;1106
573;1862
574;904
574;1476
574;1620
575;2173
575;73
575;890
575;1225
576;1414
576;2155
576;1960
577;604
577;1311
577;2037
577;858
577;1345
578;841
578;1268
578;808
578;1490
578;388
579;1640
579;1156
579;2149
579;2047
580;1712
580;1077
580;1122
580;572
581;2152
581;2065
581;1212
581;1754
582;840
582;1362
582;623
582;1793
582;1066
583;1721
583;763
583;2085
583;702
583;1372
584;2153
584;1802
584;872
584;1360
585;1667
585;1456
585;523
585;807
585;927
586;1853
586;1048
586;1180
586;970
586;987
587;1352
587;2135
588;1557
588;1709
588;1207
588;1631
589;1067
589;1808
589;799
589;63
590;1852
590;1663
590;873
590;1163
591;2067
591;595
591;675
591;380
592;2110
592;1128
592;1768
592;1787
592;700
593;658
593;1567
593;2035
593;877
593;954
594;1921
594;1231
594;1696
594;161
594;1299
595;2067
595;2006
595;1509
595;380
596;2174
596;793
596;1097
596;1680
597;655
597;1700
598;1039
598;1316
598;654
598;1966
599;2016
599;1293
599;1578
599;711
600;1021
600;813
600;1987
600;1336
601;1025
601;2171
601;1258
601;628
601;484
602;1369
602;757
603;2119
603;1784
604;2037
604;1311
604;858
604;2068
605;1049
605;1540
605;2104
605;1789
606;608
606;1255
606;356
607;1423
607;1626
607;359
607;105
608;2140
608;1650
609;2136
609;831
609;922
609;1325
609;323
610;1965
610;1594
610;1373
610;934
611;1030
611;1652
611;1888
611;928
611;1952
612;1181
612;1968
612;963
612;421
613;690
613;827
613;846
613;1353
614;763
614;1948
614;1372
615;1402
615;1248
615;937
615;1126
615;958
616;1070
616;635
617;1703
617;1883
617;1804
618;1516
618;1409
618;1529
618;889
618;1307
619;1000
619;1629
619;1589
619;675
619;940
620;2146
620;426
620;1911
620;892
620;185
621;1707
621;844
621;46
622;1439
622;2172
622;1449
622;1214
623;1195
623;1362
623;840
623;1793
623;1202
624;1344
624;2156
624;1740
624;1383
625;900
625;2138
625;770
625;1594
625;1302
626;1953
626;627
626;312
626;1153
627;1153
627;855
627;46
627;955
628;1258
628;1025
628;599
628;1293
629;745
629;1123
629;1303
629;829
630;1602
630;1721
630;1829
630;1693
630;965
631;1773
631;2094
631;1082
631;1236
632;1030
632;499
632;1952
632;611
633;1405
633;1881
633;1638
633;693
633;914
634;2039
634;790
634;1053
634;1355
635;1616
635;1070
636;1036
636;1093
636;1523
636;1190
637;1905
637;1348
637;886
637;684
637;985
638;2066
638;1389
639;1772
639;2014
639;152
640;1781
640;1939
641;1177
641;822
641;501
641;1907
642;916
642;1433
642;2178
643;1536
643;1810
643;1605
644;1786
644;1206
644;969
645;1106
645;756
645;2092
645;753
646;975
646;798
646;913
646;1657
647;660
647;1269
647;1610
647;1312
648;1249
648;1748
648;1041
648;1087
649;1613
649;1460
649;1900
649;1443
649;1333
650;1413
650;1744
650;1529
650;580
651;1635
651;1408
651;1467
651;36
652;2095
652;1486
652;1694
652;1481
652;2143
653;2011
653;679
653;577
653;1311
654;1331
654;1039
655;1194
655;125
656;2002
656;1029
656;2028
656;919
656;1946
657;1600
657;2178
657;1996
657;2031
657;755
658;1567
658;954
658;2035
658;877
659;1597
659;282
659;1899
659;1102
659;1949
660;1269
660;1842
661;1919
661;928
661;1222
661;611
662;673
662;1968
662;1520
663;1259
663;1963
663;926
663;1341
663;1151
664;1330
664;1854
664;1747
664;614
665;1517
665;1502
665;1627
665;689
665;78
666;1936
666;1319
666;915
666;2115
666;1447
667;1232
667;1727
667;1800
667;749
668;1062
668;731
668;1918
668;1349
669;471
669;1772
669;1626
669;688
669;825
670;842
670;1497
670;1720
670;1893
671;1327
671;1524
671;1047
671;829
672;2025
672;1822
672;1054
672;1240
672;55
673;1520
673;1968
673;226
674;1386
674;1946
674;1541
675;1138
675;1355
675;1629
675;2167
676;1572
676;1800
676;1727
677;1672
677;1732
677;1692
678;1945
678;977
678;8
678;997
678;1497
679;1056
679;2011
680;1096
680;1181
680;39
680;1101
680;828
681;1424
681;1570
681;1243
681;1599
682;1425
682;1984
682;1370
683;1114
683;2177
683;980
683;379
683;1071
684;1348
684;886
684;1905
684;2113
685;1798
685;1866
685;1761
685;727
686;2003
686;1004
686;1214
686;215
686;28
687;864
687;1445
687;1931
687;439
688;935
688;1061
688;152
688;1376
689;1627
689;1517
689;1308
689;1177
690;846
690;827
690;767
691;1315
691;1868
691;2078
691;2018
692;1978
692;1363
692;1066
692;23
693;1881
693;914
693;2118
693;1411
694;952
694;951
694;1367
694;903
695;812
695;1976
695;1084
695;2116
695;685
696;1702
696;1071
696;1569
696;2177
696;980
697;1482
697;1215
697;2175
697;1043
698;1573
698;853
698;1598
698;701
698;1314
699;2105
699;773
699;1718
699;1818
699;1501
700;1551
700;894
700;1835
701;1573
701;2128
701;1919
701;853
702;1268
702;808
702;2142
703;1858
703;1612
703;1491
703;570
704;2102
704;1146
704;839
704;150
704;1509
705;1538
705;1033
705;1435
705;1462
705;1093
706;997
706;1083
706;1799
707;2072
707;1086
708;1287
708;1026
708;336
708;1767
708;571
709;1898
709;1911
709;2146
710;1867
710;1944
710;1679
710;1928
710;873
711;1578
711;788
712;1368
712;905
712;1377
713;1009
713;1562
713;2010
714;1513
714;1701
714;1713
714;569
714;1833
715;1063
715;1023
715;2043
715;1576
716;865
716;2142
716;702
717;2059
717;1991
717;1903
717;1040
717;434
718;1756
718;1015
718;946
719;1169
719;1154
719;1916
719;45
720;1739
720;1583
720;2108
720;195
720;353
721;1941
721;814
721;1934
721;1646
722;1007
722;1990
722;836
722;1134
723;1145
723;1542
723;1011
723;1547
724;1518
724;785
724;2130
724;100
725;1587
725;1116
725;957
726;1068
726;908
726;1986
726;1993
727;1798
727;1866
727;1761
728;1069
728;1451
728;1004
729;1125
729;1342
729;1938
729;2082
729;774
730;139
731;1918
731;1062
731;852
731;794
732;1058
732;1143
732;774
732;1498
733;877
733;1512
733;1435
733;593
734;1092
734;130
734;2061
734;2179
734;1812
735;1549
735;1783
735;2098
735;1845
736;2106
736;2073
736;799
736;548
737;1275
737;28
737;253
737;764
737;728
738;1337
738;1591
738;833
738;1676
738;1682
739;1606
739;1916
739;1124
740;1847
740;1267
740;1969
740;771
740;1270
741;1176
741;1447
741;1319
741;836
742;2065
742;1212
742;1450
742;1811
742;1912
743;2159
743;1882
743;35
743;1873
743;791
744;1318
744;988
744;989
745;1123
745;1303
745;829
746;1685
746;784
746;1244
746;1200
746;2061
747;2070
747;364
747;1081
747;1616
747;1070
748;1371
748;1764
748;2046
748;1565
749;1727
749;1383
750;1080
750;1305
750;1554
750;1894
750;66
751;887
751;1904
751;1074
751;2033
752;2023
752;1245
752;1604
752;1753
753;2092
753;1527
753;870
753;514
754;1095
754;1499
754;976
755;2178
755;1452
755;1859
756;1139
756;1251
756;1106
756;1862
756;1059
757;766
757;288
758;1563
758;2120
758;1447
758;1655
758;1083
759;835
760;1614
760;1428
760;2170
760;1325
761;1437
761;1928
761;1944
761;1219
762;1603
762;1378
762;1591
763;1372
763;1948
763;2085
764;1162
764;882
764;2071
765;1970
765;2147
765;1390
765;1421
766;1971
766;1458
766;985
767;846
767;142
767;613
768;1074
768;1099
768;1167
769;1545
769;1662
769;2052
770;1594
770;1302
770;900
770;2138
770;1965
771;1969
771;1847
771;1267
771;1270
772;1188
772;995
772;1441
773;1818
773;2105
773;1501
773;250
774;1498
774;1058
774;1143
775;902
775;1651
775;982
775;506
775;2170
776;2049
776;1326
776;815
776;530
776;406
777;837
777;854
777;872
777;1360
778;2140
778;1650
778;1871
778;332
779;1933
779;1994
779;1922
780;986
780;2032
780;180
780;1807
780;1454
781;1981
781;1090
781;1118
782;1870
782;895
783;964
783;926
783;1771
783;1341
783;1259
784;1244
784;1132
784;1200
784;955
785;1211
785;2169
785;2015
786;1299
786;423
787;1403
787;1972
787;822
787;1890
787;241
788;1294
788;599
789;801
789;1417
789;792
789;1799
790;2039
790;1053
790;106
790;1311
791;1157
791;1690
791;1815
792;1601
792;1417
792;1585
793;1826
793;1494
793;1511
794;1375
794;668
794;1044
795;2127
795;1659
795;1387
795;2021
796;1354
796;1256
797;1746
797;1561
797;2104
798;975
798;913
798;1657
799;1808
799;1067
800;1620
800;884
800;904
801;1118
801;1359
801;1264
801;1417
802;1844
802;1003
802;2176
802;1449
802;1439
803;2030
803;1487
803;1624
804;1110
804;1511
804;1324
805;1739
805;1697
805;1633
805;959
805;876
806;2068
806;2037
806;604
806;1311
807;1625
807;1667
807;1456
807;1380
808;1268
808;2085
808;1372
809;1754
809;1725
809;912
809;1072
809;581
810;717
810;1991
810;2024
810;2059
811;1308
811;1803
811;507
811;1502
812;2116
812;1976
812;1084
813;1021
813;1987
813;1336
814;1031
814;1941
814;1152
815;2058
815;2049
815;880
816;1658
816;1983
816;1353
816;163
816;156
817;1199
817;1350
818;1664
818;1365
818;1900
819;1008
819;98
819;335
819;1922
820;1233
820;1657
820;2141
820;1500
820;798
821;1047
821;1121
821;1828
821;1677
821;1524
822;1653
822;1907
822;1890
823;2029
823;849
823;1389
823;1999
824;1367
824;1512
824;951
825;847
825;688
825;935
825;861
826;1105
826;1312
826;1926
826;1142
827;846
827;1353
828;957
828;1968
828;1901
828;392
829;1677
829;1047
829;1524
829;69
830;1622
830;1706
830;2125
830;1076
830;1204
831;2136
831;323
831;922
831;1276
832;1695
832;1130
833;1682
833;1337
833;1676
834;1327
834;2099
834;1524
834;671
835;979
836;1134
836;1176
837;854
837;872
837;1539
838;1271
838;1426
838;1415
838;246
838;1620
839;1265
839;1320
839;1917
839;445
840;1362
840;1793
840;1195
841;1490
841;1268
841;1571
841;808
842;1497
842;1720
842;413
843;1880
843;1100
843;1530
843;514
843;1013
844;1923
844;859
844;1707
845;2141
845;1500
845;1784
845;1233
847;1544
848;1632
848;1381
848;1161
848;1821
848;1250
849;2029
849;1389
849;1999
850;901
850;1642
850;132
851;2168
851;2088
852;1079
852;1918
852;1349
852;1337
853;1598
853;928
853;1573
853;1652
854;1539
854;1663
855;955
855;1153
855;1363
856;1027
856;326
856;137
856;925
857;1179
857;2008
857;2019
857;1182
858;1345
858;1104
859;1923
860;1593
860;972
860;1166
860;1185
860;1278
861;1741
861;1376
861;935
862;1172
862;1770
863;2042
863;1644
863;1230
863;469
863;1157
864;1931
864;1685
864;1200
865;2142
865;1300
865;1024
866;911
866;1821
866;2052
866;769
867;1416
867;1940
867;60
867;1878
868;394
868;1700
868;655
868;2171
868;1131
869;1765
869;1046
869;1064
869;1615
870;1013
870;1530
871;1016
871;1160
871;37
871;988
872;1802
872;1360
872;2153
873;1852
873;1663
873;1734
874;1280
874;2062
875;1209
875;1084
875;1761
875;1763
876;1022
876;1633
876;1115
876;1840
876;945
877;1512
878;1166
878;1278
878;1809
878;1972
879;1592
879;946
879;1702
879;1756
880;2058
881;1159
881;1272
881;1055
881;1001
881;2007
882;2071
882;1586
882;1891
882;1162
883;1740
883;749
883;1383
883;22
884;2012
884;1708
884;1073
884;1909
885;1108
885;1333
885;891
886;1348
886;1905
886;2113
887;1904
887;2033
887;1074
887;1420
888;1087
888;1041
888;2069
888;1438
888;810
889;1191
889;991
889;1409
890;1253
890;2173
890;1814
890;1532
891;1050
891;1108
892;1797
892;2146
893;1261
893;1992
893;199
893;516
894;1835
894;1895
894;1128
895;2064
895;1870
896;1645
896;1280
896;1816
896;874
897;1474
897;1536
897;1220
898;989
898;994
898;1318
898;744
899;1935
899;1974
899;1384
899;443
899;1007
900;1594
900;2138
900;1302
901;1642
901;1485
901;456
902;982
902;1651
902;1813
903;1306
903;1929
903;952
903;1762
904;1620
904;1476
905;1368
905;1887
905;1377
906;1693
906;630
906;927
906;1829
907;1097
907;1680
907;2174
907;1788
907;1171
908;1068
908;1993
909;2079
909;2084
909;2002
909;287
909;1913
910;1045
910;1192
911;1821
911;1250
911;1120
912;1072
912;259
912;1019
912;255
912;1725
913;975
913;2043
914;2118
914;1481
914;2143
914;2095
915;2115
915;1936
915;1319
916;2178
916;1858
917;1373
917;1220
917;1691
918;1806
918;2086
918;1889
918;944
919;2028
919;1029
919;1260
919;909
920;1678
920;1837
920;1760
920;1773
920;1082
921;1014
921;1398
921;1641
921;949
921;1748
922;2136
922;1699
922;1819
923;2107
923;965
923;1602
923;1829
923;630
924;1411
924;1869
924;1881
924;693
925;1078
925;1400
925;1973
926;1341
926;1259
926;1963
927;1693
927;1667
928;1598
928;1652
928;1888
929;1523
929;1190
929;986
930;1277
930;1063
931;2062
931;874
932;2156
932;1628
932;719
932;547
933;1982
933;1422
933;1012
933;771
933;429
934;1129
934;1605
935;1061
935;1376
936;2151
936;1111
936;2175
936;1856
936;1043
937;958
937;1780
937;1637
938;1684
938;2114
938;2090
939;1550
939;1861
939;1792
940;1000
940;1589
940;1162
940;253
941;1662
941;983
941;962
941;1545
942;2122
942;984
942;1357
942;1419
942;1455
943;2056
943;1448
943;1614
943;1121
944;1279
944;1801
944;442
944;1017
945;1115
945;2145
945;1276
946;1705
946;1592
946;1715
946;1539
947;1295
947;1470
947;1515
948;1571
948;2139
948;1519
948;1618
948;300
949;1488
949;1310
949;1526
949;1641
950;1716
950;1816
950;1088
950;896
950;1956
951;1367
951;952
953;1011
953;1770
953;1297
953;1466
953;1864
954;1567
954;2035
954;1566
955;1244
955;1132
956;1975
956;1018
956;973
956;1955
957;1968
957;1901
958;1637
958;1780
958;1877
959;1697
959;1683
959;559
959;1237
960;1688
960;2027
960;1263
961;2004
961;1725
961;255
961;843
961;350
962;983
962;1475
963;1181
963;974
963;227
964;1771
964;926
964;1751
964;1341
965;2107
965;1829
965;1602
965;1393
966;1649
966;1865
966;1075
967;2148
967;1280
967;1645
967;896
968;2019
968;1179
968;857
969;2048
969;2150
969;1803
970;987
970;1180
970;1853
970;1288
971;1208
971;1412
971;2169
971;2130
972;1185
972;1593
972;1166
972;1809
973;1955
973;1874
973;1369
973;1975
974;365
974;707
974;227
975;1657
976;1095
976;1675
976;1499
977;1945
977;997
978;2036
978;1340
978;1298
978;2166
979;425
979;476
980;2177
980;2132
980;1114
980;1457
981;1736
981;1863
981;2121
981;1016
982;1813
982;1651
983;1284
984;1885
984;2122
984;1455
984;1419
984;1357
985;1971
985;1458
985;1905
986;1190
986;1454
986;1523
987;1180
987;1288
987;1201
987;1926
988;1318
989;1318
989;994
989;502
990;1433
990;1313
990;642
990;342
990;916
991;1191
991;1849
991;1164
992;1533
992;2020
992;1746
993;1714
993;1684
993;938
993;1406
994;2121
994;1016
995;1188
995;1617
996;1894
996;2133
996;1241
997;1083
997;1945
998;1510
998;1792
999;1222
999;1952
999;661
999;111
999;1180
1000;1589
1000;1629
1001;1159
1001;1398
1001;1272
1001;2007
1002;1805
1002;1752
1002;1825
1003;1844
1003;1439
1003;1449
1004;2003
1004;1522
1005;2166
1005;1790
1005;1431
1005;1442
1006;1372
1006;2085
1006;1205
1006;808
1007;1974
1007;1935
1007;1134
1008;335
1008;1246
1009;550
1010;1429
1010;1434
1010;1283
1011;1770
1011;1297
1011;567
1012;1085
1012;1422
1012;1459
1012;1982
1013;1530
1013;1880
1014;1398
1014;1748
1014;1249
1015;1787
1015;1756
1015;229
1016;1160
1016;37
1016;502
1017;1889
1017;1838
1017;1801
1017;2086
1018;1975
1019;2164
1019;1072
1020;1377
1020;2094
1020;1368
1021;1987
1021;1292
1022;1840
1022;1633
1022;1115
1022;945
1023;1574
1023;1851
1024;1042
1024;523
1024;1667
1024;1456
1025;1258
1025;1518
1026;1767
1026;1057
1026;1980
1027;137
1027;1400
1028;1480
1028;1113
1028;1568
1028;1611
1029;2028
1029;1946
1029;1386
1030;1952
1030;1652
1031;1157
1031;1152
1031;498
1031;791
1032;1956
1032;1816
1032;1716
1032;950
1032;896
1033;1538
1033;1462
1033;1410
1034;50
1034;1992
1034;1997
1034;2131
1034;1261
1035;1229
1035;1950
1035;1141
1035;2015
1036;1954
1036;1283
1037;1064
1037;1104
1037;1659
1037;2127
1038;1044
1038;1375
1038;1560
1038;1969
1039;2144
1039;1316
1040;1991
1040;2066
1040;2059
1041;1087
1041;1438
1041;1204
1042;1471
1042;1300
1043;1856
1043;2175
1043;557
1044;1375
1044;1775
1044;1985
1045;1192
1045;1237
1046;1615
1046;1765
1046;1832
1046;301
1047;1677
1047;1524
1047;1121
1048;1853
1048;189
1048;970
1048;1180
1049;1540
1049;1643
1049;1247
1050;1108
1050;1333
1050;885
1051;2083
1051;545
1051;1553
1051;587
1051;373
1052;1531
1052;1445
1053;2039
1053;2172
1054;1822
1054;735
1054;1845
1054;2098
1054;1783
1055;1272
1055;1159
1055;2099
1056;2121
1056;1356
1056;90
1057;2054
1057;1875
1057;1767
1058;1143
1058;1498
1059;2026
1059;1139
1059;2103
1060;1984
1060;1468
1060;1425
1060;1370
1061;1376
1062;1918
1062;1349
1062;1393
1063;1277
1063;1686
1064;1387
1065;1959
1065;1769
1065;1521
1066;1962
1066;1210
1067;1808
1067;63
1068;1986
1068;2049
1068;1993
1069;1451
1069;1214
1071;1702
1071;1569
1071;2177
1073;1708
1073;2012
1073;1470
1074;1420
1074;1167
1074;2033
1075;1649
1075;1501
1075;1818
1076;1706
1076;1204
1076;1782
1076;1438
1077;1712
1077;1122
1077;4
1078;1400
1078;1973
1079;1918
1079;1349
1079;1337
1079;731
1080;1305
1080;1554
1080;1170
1081;1135
1081;2070
1081;1647
1081;1484
1082;1773
1082;1731
1083;1563
1084;2116
1084;1209
1085;1459
1085;1422
1086;2072
1086;119
1087;1438
1087;1204
1088;1699
1088;468
1089;1383
1089;230
1089;67
1089;616
1090;1981
1090;1989
1090;436
1090;1118
1091;2124
1091;1908
1091;1103
1092;1812
1092;2179
1092;1388
1093;1430
1093;1538
1093;1454
1094;893
1094;516
1094;199
1094;1992
1094;1917
1095;1499
1096;1621
1096;1173
1096;1181
1097;2174
1097;1680
1098;1235
1098;1580
1098;1998
1099;1074
1099;1607
1100;1880
1100;110
1100;1581
1101;1116
1101;2074
1101;957
1101;725
1102;1949
1102;1453
1102;1158
1102;1729
1102;1789
1103;1467
1104;1345
1104;1659
1105;1312
1105;1926
1105;647
1106;1139
1107;1796
1107;2052
1107;1545
1107;374
1107;1662
1108;1333
1109;1873
1109;1374
1109;9
1109;2159
1110;1324
1110;1788
1111;2116
1111;1209
1111;1329
1111;1084
1112;1394
1112;1890
1113;1480
1113;1611
1113;1294
1114;2177
1115;1633
1115;2145
1116;1184
1117;2053
1117;1170
1117;1766
1118;1359
1118;1981
1118;789
1120;1561
1120;1250
1120;1751
1120;1418
1120;1943
1121;1524
1121;1828
1121;477
1122;1712
1122;1564
1123;1335
1124;1154
1124;1937
1124;1639
1124;1606
1125;2082
1125;1938
1125;1766
1125;1170
1126;1248
1126;1646
1126;1934
1126;1623
1126;1941
1127;1465
1127;1149
1127;127
1127;1224
1128;1787
1128;1895
1128;2110
1128;1015
1129;610
1129;1605
1129;1220
1130;1551
1130;2110
1130;700
1131;1165
1131;347
1131;2050
1132;1153
1132;1200
1132;1244
1133;1913
1133;2002
1133;2079
1133;1903
1134;1176
1135;1484
1135;2070
1135;1232
1136;1347
1136;1475
1136;1495
1136;1888
1137;1743
1137;2160
1137;1387
1137;795
1138;1355
1138;2167
1138;1629
1139;1251
1139;2103
1139;1862
1140;1872
1140;1450
1140;1912
1140;1527
1140;870
1141;1950
1141;1211
1141;2015
1142;2087
1142;1757
1142;2009
1142;1528
1142;1392
1143;1914
1144;1785
1144;475
1145;1472
1145;1779
1145;709
1146;2102
1146;515
1146;1172
1147;2013
1147;1531
1147;1556
1147;1930
1148;1960
1148;1505
1148;1221
1148;423
1148;176
1149;1198
1149;1224
1150;1979
1150;2131
1150;1332
1150;1997
1150;1864
1151;1963
1151;1259
1151;1575
1152;1157
1152;571
1153;955
1154;1169
1154;1937
1154;1916
1155;1681
1155;1537
1155;2134
1155;1780
1156;2047
1156;2172
1158;1949
1158;1453
1158;1729
1158;1789
1159;1272
1159;2007
1160;347
1160;1165
1161;1821
1161;1632
1161;911
1162;2071
1163;1663
1163;1852
1163;873
1164;1977
1164;2150
1164;1803
1164;2048
1165;2050
1165;1266
1166;1809
1166;1593
1166;1278
1167;1420
1167;2033
1168;1582
1168;1492
1168;1257
1168;2112
1169;1916
1169;1937
1170;996
1170;2082
1170;1938
1171;1680
1171;1788
1171;1097
1171;1324
1172;1770
1173;1621
1173;1485
1173;680
1173;901
1174;1549
1174;735
1175;923
1175;1948
1175;1738
1176;1447
1177;1627
1177;1273
1178;1753
1178;1694
1178;1604
1179;2008
1180;1853
1182;1388
1182;289
1182;1730
1182;2019
1183;1958
1183;1476
1183;1263
1183;1688
1183;72
1184;2080
1185;1593
1185;1166
1185;1809
1186;2103
1186;1251
1187;301
1187;1046
1187;1832
1187;285
1187;1421
1188;1617
1189;1915
1189;1865
1189;1884
1189;1679
1190;1523
1190;1454
1191;1409
1191;1164
1192;1237
1193;1860
1193;1100
1193;753
1193;514
1194;597
1194;2005
1195;1362
1195;1793
1195;1202
1195;1301
1196;1957
1196;1276
1196;353
1197;2038
1197;1421
1197;1887
1198;1676
1199;1350
1200;1685
1201;1288
1201;1392
1201;1575
1201;1926
1202;1301
1202;1362
1203;1515
1203;1559
1203;2081
1203;1710
1204;1438
1204;1706
1205;1634
1205;1842
1205;1490
1206;1786
1206;1764
1206;2150
1206;969
1207;1631
1207;1557
1208;1412
1208;2169
1208;100
1208;2130
1209;1763
1209;2116
1210;1962
1210;734
1210;2179
1210;1092
1211;2015
1211;1950
1212;2065
1212;2152
1212;1450
1213;1436
1213;1555
1214;1439
1214;1003
1214;2003
1215;1686
1215;1576
1215;2013
1216;966
1216;1379
1217;1763
1217;1525
1218;2162
1218;1932
1218;1999
1219;1437
1219;2153
1219;1876
1219;190
1220;1373
1220;138
1221;1505
1221;1960
1221;1459
1221;84
1222;1282
1222;1919
1223;1596
1223;1358
1223;1292
1223;2024
1223;1526
1224;1774
1224;1465
1225;1749
1226;1586
1226;1891
1226;2071
1226;882
1226;764
1227;1924
1227;1846
1227;1675
1228;1262
1228;1820
1228;1951
1229;1950
1229;2015
1229;1141
1230;2042
1230;1644
1230;1503
1231;1921
1231;1696
1231;161
1231;1424
1232;1727
1233;1500
1233;2141
1233;1657
1233;1784
1234;1322
1234;1585
1234;1601
1234;1264
1235;1998
1235;1547
1235;1580
1236;1611
1236;2094
1236;474
1238;1321
1238;2064
1238;1432
1238;895
1239;2091
1239;1643
1239;565
1239;26
1240;2025
1240;1891
1240;1586
1241;1619
1241;2133
1241;1894
1242;1328
1242;2090
1242;1701
1243;1570
1243;1424
1244;2061
1245;2023
1245;1477
1245;1733
1246;1755
1246;1486
1247;1673
1247;1588
1247;1841
1248;1402
1248;1646
1248;1648
1249;1748
1249;1041
1250;1418
1250;1943
1250;1561
1250;1821
1251;1862
1251;2103
1252;1431
1252;1669
1252;1790
1252;1442
1252;1005
1253;1814
1253;2173
1253;1532
1254;2090
1254;1713
1254;938
1255;1776
1255;1474
1255;608
1255;123
1256;1354
1256;85
1256;560
1257;2112
1257;1863
1257;1492
1257;1356
1258;1518
1258;2130
1259;1341
1259;1963
1260;909
1260;2080
1260;47
1260;2028
1261;1648
1261;1402
1261;50
1262;1820
1262;1832
1262;1951
1263;1688
1263;1958
1263;169
1264;1601
1264;1359
1264;789
1265;1917
1265;1320
1265;516
1266;2050
1266;1385
1266;1791
1267;1270
1267;1847
1267;1625
1268;2085
1269;1842
1270;1847
1270;1625
1271;1426
1271;1415
1271;246
1271;904
1272;2007
1273;1914
1273;2053
1274;1988
1274;1724
1274;2126
1274;648
1275;728
1275;1451
1275;253
1276;2145
1277;1686
1277;452
1278;1446
1279;1777
1279;1801
1279;41
1279;118
1280;1645
1280;931
1281;913
1281;975
1282;1919
1283;1954
1283;1429
1284;962
1285;1440
1285;1489
1285;1817
1285;80
1286;116
1286;1390
1286;1441
1286;2
1286;65
1287;1306
1287;952
1287;571
1288;1926
1288;1392
1289;1704
1289;1642
1289;901
1289;456
1290;1463
1290;1939
1290;2101
1290;320
1291;1967
1291;1925
1291;1397
1291;1807
1292;1596
1292;1358
1292;1336
1292;600
1293;2016
1293;1578
1293;2154
1294;1902
1294;711
1294;284
1295;1470
1295;1559
1296;1951
1296;1228
1296;1262
1296;1820
1297;1466
1297;532
1297;281
1297;1864
1297;1752
1298;1340
1298;2045
1298;1759
1299;1855
1300;2077
1300;1695
1301;1793
1301;1362
1302;2138
1302;1594
1303;44
1303;1144
1304;1875
1304;2134
1304;274
1304;1057
1304;1537
1305;1554
1305;1432
1305;1894
1306;1762
1306;1929
1306;952
1307;1409
1307;2044
1307;1316
1307;1516
1308;1502
1308;1803
1309;1878
1309;1778
1309;1123
1310;1488
1310;1641
1310;1525
1311;2037
1311;2068
1312;1926
1313;1433
1313;1848
1313;2137
1314;1867
1314;1679
1314;1573
1314;710
1315;2078
1315;1868
1315;418
1316;2044
1316;1966
1317;2007
1317;1641
1317;1521
1319;1936
1319;1447
1320;1917
1320;2006
1321;2064
1321;895
1321;1432
1322;684
1322;886
1322;1348
1323;1665
1323;1617
1323;242
1324;1788
1324;205
1325;1819
1325;1717
1325;1428
1325;1371
1326;1810
1326;1339
1326;1536
1327;1524
1327;2099
1327;1795
1328;885
1328;1108
1328;333
1329;1336
1329;1763
1329;1482
1330;1854
1330;1747
1330;1464
1331;1535
1331;2046
1331;598
1332;2131
1332;1723
1332;1109
1332;1873
1334;1351
1334;1374
1334;1925
1334;213
1335;1942
1335;1795
1337;1370
1337;1591
1337;1682
1338;2089
1338;326
1339;1810
1339;252
1339;1536
1340;2036
1340;2109
1341;1963
1342;2133
1342;56
1342;1241
1342;1619
1343;1473
1343;1598
1344;2156
1344;1089
1344;932
1345;604
1346;335
1346;819
1346;82
1347;1475
1347;962
1347;1495
1347;499
1348;1905
1348;985
1349;1738
1349;1393
1349;1918
1350;329
1351;1925
1351;1374
1351;213
1352;2135
1352;1871
1353;163
1354;85
1354;324
1354;979
1355;2167
1355;1629
1356;1863
1356;2112
1356;459
1357;1419
1357;1455
1357;1885
1358;1596
1359;1981
1359;2113
1360;1802
1360;837
1361;1578
1361;2016
1361;711
1362;1793
1363;1978
1364;1050
1364;448
1364;1460
1365;1664
1365;1213
1366;1389
1366;1556
1368;1377
1369;1874
1369;1955
1370;1591
1370;1984
1370;1468
1371;1764
1371;2046
1372;2085
1373;897
1374;1873
1374;1925
1375;1985
1376;1552
1376;1741
1377;2094
1378;64
1378;1676
1378;1198
1379;1495
1379;344
1379;1347
1380;1456
1380;1667
1380;2155
1381;1943
1381;1418
1381;1632
1381;1453
1382;1654
1382;1506
1382;1719
1383;1740
1384;1974
1384;1935
1384;443
1385;2050
1385;1791
1385;1165
1385;347
1386;1946
1386;2162
1387;2127
1387;1743
1388;1730
1388;1812
1388;2179
1389;2029
1389;1999
1390;1970
1390;2147
1391;1839
1391;1461
1391;1745
1392;1926
1393;1829
1393;2107
1393;1602
1393;1738
1394;1653
1394;1890
1395;1595
1395;1446
1395;1477
1395;534
1396;1534
1396;1626
1396;1544
1396;847
1397;1807
1397;1925
1398;1641
1399;1906
1399;1666
1399;1964
1399;646
1400;1973
1401;1608
1401;2040
1401;33
1401;1448
1401;1661
1402;1648
1402;1126
1403;1972
1403;534
1403;878
1403;1890
1404;2158
1404;1514
1404;1857
1404;1791
1405;1638
1405;1728
1405;1469
1405;1881
1406;1572
1406;1800
1406;1714
1406;676
1407;1841
1407;1427
1407;1643
1408;1635
1408;1467
1408;1103
1409;1516
1409;561
1410;1462
1410;1538
1410;1093
1411;1869
1411;1881
1412;2169
1412;2130
1413;1744
1413;580
1413;1529
1413;267
1414;1855
1414;2051
1415;1426
1415;1620
1416;1940
1416;1878
1416;546
1417;1799
1418;1943
1418;1561
1419;1455
1419;1885
1420;2033
1420;768
1421;2038
1421;2147
1421;1970
1422;1982
1422;1847
1422;771
1423;1626
1423;1923
1424;1570
1424;2117
1425;1984
1426;246
1426;904
1427;2091
1427;1239
1427;1256
1428;1717
1428;1819
1428;2170
1428;1651
1429;1434
1429;1954
1430;1566
1430;1454
1430;705
1430;1190
1431;1669
1431;1442
1431;1790
1432;1554
1432;1504
1433;916
1433;342
1434;1750
1435;2035
1435;1567
1435;593
1436;1555
1436;1689
1437;1928
1437;1944
1439;1449
1440;1489
1440;1817
1440;193
1440;527
1441;528
1442;1669
1442;1790
1442;1745
1443;2057
1443;401
1443;1710
1444;1817
1444;117
1445;1930
1446;1595
1447;2120
1447;1563
1448;1614
1448;1661
1449;1844
1450;1912
1450;1872
1451;2167
1451;1138
1452;1859
1452;2096
1453;1949
1453;1729
1453;1789
1454;1566
1455;1885
1456;1667
1457;2132
1457;2177
1457;1768
1458;1971
1458;637
1460;1613
1460;1333
1460;2057
1461;1839
1461;1745
1462;1538
1463;1824
1463;2101
1464;1747
1464;1854
1464;1774
1465;1149
1465;127
1466;1752
1466;1864
1467;1528
1467;2009
1467;1757
1468;1984
1468;1591
1469;1728
1469;1827
1469;1638
1469;530
1470;1708
1471;1695
1471;2155
1472;2072
1472;147
1472;707
1472;365
1473;89
1474;1776
1474;1220
1474;1373
1475;1495
1476;1958
1477;2023
1477;752
1477;1733
1478;1532
1478;2098
1478;1814
1478;1783
1479;1546
1479;1719
1479;1800
1479;1406
1480;1611
1481;2143
1481;1694
1481;2095
1481;2118
1482;1987
1482;813
1482;1336
1483;2097
1483;1758
1483;804
1483;1511
1484;67
1484;749
1484;236
1485;1642
1485;1621
1485;1289
1486;1755
1486;1558
1487;1624
1487;1897
1487;2030
1487;1980
1488;1525
1489;1817
1489;968
1490;1842
1491;1639
1491;27
1492;2112
1492;1582
1493;1666
1493;1741
1493;861
1493;42
1494;1511
1494;1826
1494;276
1494;314
1495;89
1496;1670
1496;1580
1496;1002
1496;1805
1496;544
1497;1720
1497;413
1498;1808
1498;589
1500;2141
1500;1784
1501;1818
1501;1838
1502;1517
1503;1892
1503;1882
1503;743
1504;2122
1504;1554
1504;942
1504;984
1505;1960
1505;1380
1505;176
1506;1654
1507;2051
1507;2063
1507;2117
1508;2014
1508;639
1508;256
1509;2006
1509;1320
1509;839
1510;1792
1511;1110
1513;1713
1513;1701
1513;1833
1513;569
1514;1857
1514;1791
1514;2158
1514;1385
1515;149
1515;131
1515;1559
1516;1529
1516;2125
1516;466
1517;1627
1517;78
1518;2130
1518;100
1519;1571
1519;2139
1519;379
1520;1968
1520;226
1521;1794
1521;1711
1521;1769
1521;1959
1522;2157
1522;686
1522;1961
1525;549
1525;1065
1526;2069
1526;1488
1527;2092
1527;1872
1527;870
1528;2009
1528;1757
1528;2087
1529;1744
1530;1880
1531;1445
1531;1366
1532;1814
1532;541
1533;2104
1533;1746
1534;1626
1534;1544
1534;847
1535;2060
1535;2046
1535;1565
1535;1674
1536;1810
1537;1681
1537;2134
1537;1877
1539;1705
1539;1163
1539;1715
1540;1643
1541;1671
1541;1587
1541;271
1541;1946
1542;1547
1542;1998
1542;1235
1542;544
1543;1871
1543;2083
1543;1352
1545;1662
1545;2052
1546;1800
1546;1719
1546;1406
1547;1998
1547;1098
1548;1324
1548;1301
1548;99
1548;1788
1549;1845
1550;1792
1550;1861
1551;832
1552;152
1552;1061
1552;2014
1552;935
1553;1993
1553;545
1553;548
1554;2122
1555;149
1557;1709
1557;1631
1558;1755
1558;1246
1558;528
1558;82
1559;947
1560;1969
1560;740
1560;771
1560;1267
1561;1943
1561;1751
1562;2010
1563;2120
1563;1655
1564;1077
1565;1674
1565;2046
1565;1764
1565;2060
1566;1567
1566;2035
1567;2035
1568;2138
1568;625
1568;846
1569;1702
1569;1715
1571;2139
1571;300
1572;1714
1572;76
1572;1664
1573;2128
1573;1598
1574;1851
1574;135
1574;465
1575;663
1575;1259
1576;1686
1576;1063
1576;120
1576;237
1577;1861
1577;488
1577;1550
1577;939
1577;460
1578;2016
1579;1668
1579;2100
1579;1712
1579;2074
1579;1122
1580;119
1580;1998
1581;1985
1581;1775
1581;1880
1581;2129
1582;1257
1582;1863
1583;2108
1583;1957
1583;2145
1584;1609
1584;930
1585;1601
1585;32
1586;1891
1586;2071
1586;764
1587;543
1587;1116
1588;1673
1588;1789
1588;1729
1588;1102
1589;1629
1590;1920
1590;2176
1590;1640
1590;1492
1592;1702
1592;1756
1593;878
1594;1965
1595;384
1596;59
1596;1526
1597;1899
1597;1102
1597;1949
1598;1652
1598;1888
1599;2055
1599;2063
1599;1243
1599;1424
1600;2178
1600;1996
1600;2031
1600;755
1601;789
1602;1829
1602;2107
1603;1378
1603;64
1604;1753
1604;2143
1605;2017
1605;1687
1605;1536
1605;252
1606;372
1607;768
1607;1774
1608;2040
1608;1448
1608;416
1608;834
1609;452
1610;1519
1610;660
1612;1858
1612;2137
1612;1639
1613;1333
1613;333
1613;1900
1614;2170
1614;1661
1615;1832
1615;1765
1615;1820
1616;1070
1617;1665
1618;2139
1618;1519
1618;1571
1619;1894
1619;2133
1621;680
1621;901
1622;2125
1622;1204
1622;1706
1622;1076
1623;1646
1623;1934
1623;2054
1623;1941
1624;1897
1624;1980
1624;2030
1625;1847
1625;585
1626;135
1627;1308
1627;1502
1628;472
1628;1876
1628;2101
1629;2167
1630;1463
1630;1781
1630;1884
1630;491
1630;1290
1632;1821
1632;1250
1633;945
1634;1842
1634;196
1634;1269
1635;1467
1635;1634
1636;1564
1636;972
1636;1185
1637;1174
1638;1728
1638;1827
1640;1920
1640;2149
1641;2007
1643;1841
1644;2042
1645;874
1645;221
1646;1934
1646;1941
1647;1801
1647;747
1648;721
1648;814
1649;1501
1650;2140
1650;1871
1651;1717
1651;1819
1652;1888
1653;1907
1653;1890
1655;2120
1655;617
1656;2109
1656;1759
1656;343
1656;1252
1657;1500
1657;1910
1658;1983
1658;2000
1658;0
1658;1353
1659;2127
1660;2024
1660;638
1661;33
1663;1852
1664;1714
1666;1906
1666;18
1668;2100
1668;1712
1668;1122
1668;21
1669;1790
1670;1967
1670;1291
1670;2032
1670;1002
1671;1750
1671;1587
1671;1434
1672;2148
1672;1732
1672;1692
1673;1049
1673;1841
1674;2060
1674;2046
1674;2150
1675;1846
1675;1924
1675;1877
1675;1780
1676;1149
1677;1524
1677;671
1678;1837
1678;1773
1678;631
1678;1760
1679;1867
1679;1884
1679;1944
1680;2174
1681;2134
1681;1877
1682;1738
1683;1697
1683;389
1683;876
1683;805
1684;2114
1684;2090
1685;784
1685;1931
1686;437
1687;2017
1687;643
1687;1536
1688;1909
1689;1879
1689;341
1690;1815
1690;1873
1690;743
1691;2000
1691;1983
1692;2148
1692;318
1692;540
1693;1721
1693;1602
1694;2143
1694;2095
1694;2118
1696;2117
1696;1299
1696;1855
1697;1633
1697;876
1698;1452
1698;755
1698;2165
1698;493
1699;197
1700;2161
1700;655
1700;2154
1701;891
1703;1804
1703;1883
1703;2166
1703;1990
1704;1642
1704;2093
1704;462
1705;1715
1705;1163
1705;1592
1708;2012
1708;1909
1709;1735
1709;1207
1710;2081
1710;2057
1710;381
1711;1769
1711;1794
1711;1942
1712;21
1713;1833
1713;2022
1714;1900
1715;1163
1715;1734
1715;1592
1716;1956
1716;1816
1716;1088
1717;1819
1717;2170
1718;2105
1718;1616
1719;1886
1721;1602
1721;923
1722;2027
1722;446
1722;1879
1723;2131
1723;1815
1723;1690
1723;1031
1724;1988
1724;2126
1724;1966
1724;2144
1725;1072
1726;1999
1726;2066
1726;638
1727;1800
1728;1827
1728;432
1729;1789
1729;1949
1730;1812
1730;2179
1731;1773
1731;1665
1732;1811
1733;2093
1734;415
1734;1163
1734;590
1735;588
1735;145
1736;1863
1736;1257
1736;1582
1737;1835
1737;894
1737;494
1738;2107
1738;965
1738;923
1739;1192
1739;1045
1740;749
1741;935
1742;180
1742;929
1742;673
1742;2032
1743;2160
1743;620
1743;795
1744;1516
1745;1839
1746;2104
1746;2020
1747;1854
1748;2069
1749;1240
1750;1901
1751;783
1751;926
1752;1805
1754;2152
1754;1725
1754;533
1756;946
1757;2009
1757;2087
1758;2097
1758;205
1758;804
1759;2109
1760;1837
1760;1773
1761;1866
1762;1929
1762;521
1762;160
1764;2046
1764;1786
1765;1832
1765;301
1766;1914
1766;1938
1766;2082
1766;1143
1767;2054
1767;1623
1768;2110
1768;2132
1769;1959
1769;1794
1771;2076
1771;2020
1772;471
1772;256
1772;2014
1772;152
1774;1149
1774;455
1774;1465
1775;2129
1775;1985
1775;1860
1776;606
1776;897
1776;1339
1777;1886
1777;1801
1778;1995
1778;1927
1778;1878
1778;1940
1779;1994
1779;144
1779;709
1779;1898
1779;400
1780;1877
1780;1846
1781;491
1781;1290
1782;1204
1782;1706
1782;717
1783;2098
1783;1822
1784;2141
1784;1657
1786;2150
1786;969
1786;2048
1787;1895
1788;804
1789;1949
1791;2050
1791;1857
1794;1959
1794;520
1795;2099
1795;671
1796;2052
1796;1545
1796;1341
1796;374
1797;2034
1797;2018
1797;426
1798;1866
1798;1927
1799;134
1801;442
1802;2153
1802;190
1803;2048
1803;1977
1804;1990
1804;1655
1804;2120
1805;1825
1806;2086
1806;1889
1806;1838
1807;430
1807;1925
1809;1112
1811;931
1812;2179
1813;1862
1815;1873
1815;1109
1816;1956
1816;1645
1818;1838
1819;2170
1820;1832
1820;1951
1822;735
1822;2098
1822;1845
1823;1961
1823;2157
1823;1522
1823;1226
1823;28
1824;1876
1824;2101
1825;532
1825;1351
1825;1334
1826;903
1827;432
1828;1186
1828;308
1829;2107
1830;102
1830;125
1830;2005
1831;2004
1831;1019
1833;2022
1833;1254
1834;2001
1834;2027
1834;1689
1834;131
1836;1896
1836;204
1836;782
1836;233
1837;1773
1837;1368
1838;2086
1838;1889
1839;70
1840;1633
1840;1115
1843;1092
1843;1388
1843;1182
1844;1439
1846;1877
1846;1924
1847;1969
1848;1709
1849;1907
1849;174
1849;1653
1849;1394
1850;1911
1850;108
1850;620
1850;1951
1851;2043
1853;987
1855;113
1856;2175
1856;557
1857;2158
1857;1385
1858;27
1859;2096
1859;2031
1859;1996
1860;2129
1860;1581
1861;460
1862;2103
1863;2112
1864;532
1864;1825
1865;1915
1865;311
1867;2128
1867;1944
1868;2018
1868;2034
1870;2064
1872;1912
1872;2092
1873;2159
1873;9
1874;1955
1875;1980
1875;1897
1876;2101
1877;1924
1877;937
1878;1940
1878;1995
1879;1119
1880;514
1880;110
1881;914
1882;1892
1883;1893
1883;1947
1883;175
1884;1915
1885;349
1887;2038
1888;853
1889;2086
1890;1972
1891;2071
1892;35
1892;222
1892;743
1893;1947
1893;617
1895;2096
1895;592
1896;2083
1896;510
1896;1543
1897;1980
1897;160
1898;1911
1898;426
1899;1453
1899;1949
1899;1102
1899;1158
1900;1664
1901;662
1902;788
1902;1208
1902;1113
1902;1412
1903;2059
1903;1913
1903;2084
1903;2079
1904;2033
1904;1074
1904;1420
1904;1167
1906;1964
1906;1134
1907;1394
1908;2124
1908;1103
1909;2012
1910;1964
1910;798
1910;1399
1910;646
1911;2146
1911;426
1912;1212
1913;2079
1913;2002
1914;1938
1914;2082
1915;1630
1915;1679
1920;2176
1920;1492
1921;1696
1921;161
1921;1570
1922;1933
1922;187
1923;1707
1926;970
1927;1995
1927;1878
1927;727
1928;1944
1928;1852
1928;590
1929;1826
1930;437
1931;1200
1932;1999
1932;849
1932;173
1934;1941
1935;1974
1936;2115
1936;1447
1937;719
1938;2082
1940;362
1940;1995
1942;1794
1942;1521
1944;1852
1946;2028
1946;2162
1947;617
1947;670
1948;1747
1950;2015
1952;25
1952;661
1953;312
1953;1707
1953;621
1955;2165
1956;896
1957;1276
1958;1391
1961;2157
1961;1226
1961;28
1962;734
1962;2179
1962;2061
1964;18
1964;1319
1965;1302
1966;2144
1966;2126
1966;1988
1967;2032
1967;430
1967;1807
1969;1267
1970;2147
1971;637
1975;1955
1976;2116
1977;2048
1977;811
1978;1066
1978;855
1979;1997
1979;2131
1980;160
1981;801
1982;771
1982;1847
1985;2129
1986;1827
1986;2049
1986;1993
1988;2126
1988;2144
1989;2168
1989;1981
1990;836
1990;1007
1991;2059
1991;2066
1992;34
1994;1933
1994;108
1995;1348
1996;2031
1996;2178
1997;2131
1997;177
2000;1983
2001;376
2001;2027
2002;2079
2002;434
2003;1069
2006;839
2007;1398
2008;382
2008;11
2008;968
2009;2087
2011;577
2012;1470
2013;1556
2013;279
2013;1686
2014;1061
2017;643
2017;1536
2018;2034
2018;892
2019;166
2019;289
2019;1179
2020;2076
2020;2123
2021;2078
2021;1659
2022;1513
2022;714
2023;1733
2023;462
2025;1822
2025;1054
2025;1891
2026;1139
2026;2103
2028;1386
2029;1999
2031;2178
2032;1291
2034;418
2036;2166
2036;1298
2036;1005
2037;2068
2037;858
2039;106
2039;537
2040;2144
2040;1966
2041;1285
2041;1202
2041;1440
2041;346
2041;193
2043;975
2043;646
2044;2126
2044;598
2045;343
2045;1759
2045;1340
2046;2060
2047;2149
2048;2150
2049;2058
2049;1827
2051;2117
2051;2063
2053;689
2053;1627
2053;1517
2054;2134
2055;681
2055;2063
2055;757
2055;1243
2056;982
2056;390
2056;308
2056;1186
2057;2081
2059;434
2061;955
2063;2117
2063;681
2063;1424
2065;2152
2067;380
2067;2006
2068;577
2069;1087
2069;1249
2070;1070
2070;1616
2070;364
2072;119
2073;2106
2073;1342
2073;63
2074;2100
2074;378
2075;1558
2075;1687
2075;1486
2076;2123
2077;277
2077;865
2077;1695
2079;2084
2080;2100
2080;378
2083;587
2083;545
2084;1913
2089;396
2089;1078
2091;324
2091;337
2091;560
2092;870
2092;1140
2093;1289
2095;2143
2095;2118
2096;200
2097;205
2097;804
2100;77
2102;150
2102;177
2102;519
2104;1540
2105;1818
2105;1501
2106;799
2106;1808
2108;2145
2108;1115
2109;1298
2111;2169
2111;210
2113;985
2114;202
2114;2090
2118;2143
2119;31
2120;741
2121;1016
2122;1419
2123;2087
2123;1142
2124;1103
2125;1706
2125;1076
2126;1316
2128;698
2132;2177
2134;1057
2135;2140
2136;1325
2136;323
2137;399
2142;183
2144;598
2148;1280
2148;677
2151;845
2151;1976
2151;2116
2152;318
2153;1876
2153;1628
2154;2161
2154;2171
2154;394
2156;1089
2157;1004
2158;1791
2159;213
2159;1374
2160;1387
2160;2018
2160;795
2161;597
2162;1932
2162;656
2163;1410
2164;1072
2165;1874
2165;973
2165;956
2166;1790
2166;489
2168;216
2170;1651
2171;2161
2171;1700
2172;1449
2172;286
2176;1449
2176;1844
2176;562
2180;2069
2180;1748
2180;1526
2180;888
2180;1249
2181;1021
2181;600
2181;813
2181;10
2181;487
2182;61
2182;6
2182;487
2182;2024
2182;1358
2183;74
2183;648
2183;1274
2183;1249
2183;1988
2184;61
2184;6
2184;2182
2184;487
2184;2181
2185;1123
2185;408
2185;473
2185;1335
2185;1942
2186;2029
2186;1389
2186;849
2186;823
2186;454
2187;654
2187;254
2187;1331
2187;551
2187;1535
2188;2028
2188;919
2188;1029
2188;1260
2188;47
2189;1438
2189;1204
2189;1076
2189;1782
2189;1041
2190;151
2190;1217
2190;377
2190;1525
2190;1763
2191;943
2191;416
2191;1448
2191;2056
2191;1614
2192;2144
2192;1966
2192;33
2192;1039
2192;598
2193;466
2193;1706
2193;830
2193;2125
2193;1744
2194;1525
2194;1217
2194;2190
2194;59
2194;151
2195;1055
2195;881
2195;1272
2195;1159
2195;2099
2196;151
2196;377
2196;2190
2196;1217
2196;1763
2197;1223
2197;208
2197;2024
2197;2069
2197;1526
2198;1798
2198;727
2198;198
2198;1866
2198;685
2199;1556
2199;279
2199;2013
2199;1147
2199;367
2200;921
2200;1748
2200;1014
2200;949
2200;2180
2201;2180
2201;2069
2201;1748
2201;2200
2201;1526
2202;654
2202;1331
2202;598
2202;2187
2202;1039
2203;823
2203;454
2203;2029
2203;849
2203;2186
2204;2201
2204;2180
2204;2069
2204;1748
2204;2200
2205;2195
2205;1055
2205;881
2205;1272
2205;1159
2206;1596
2206;1223
2206;1526
2206;59
2206;2197
2207;1413
2207;466
2207;1744
2207;2193
2207;1529
2208;201
2208;2162
2208;1218
2208;1932
2208;173
2209;2197
2209;208
2209;810
2209;2024
2209;2069
2210;1849
2210;1907
2210;174
2210;1653
2210;1394
2211;656
2211;2002
2211;1133
2211;173
2211;1029
2212;1401
2212;33
2212;2040
2212;1608
2212;1661
2213;1529
2213;1744
2213;650
2213;466
2213;1516
2214;1272
2214;1159
2214;2007
2214;1001
2214;881
2215;650
2215;2213
2215;1744
2215;1529
2215;1413
2216;919
2216;656
2216;2211
2216;2002
2216;2028
2217;2125
2217;466
2217;1622
2217;2193
2217;1516
2218;2007
2218;2214
2218;1398
2218;1001
2218;264
2219;2080
2219;1413
2219;1260
2219;2207
2219;580
2220;2211
2220;2002
2220;1133
2220;173
2220;656
2221;2212
2221;33
2221;2192
2221;1401
2221;2144
2222;68
2222;1307
2222;2044
2222;1316
2222;1409
2223;671
2223;1327
2223;1524
2223;1795
2223;477
2224;1260
2224;2207
2224;2219
2224;909
2224;2084
2225;717
2225;2059
2225;1782
2225;15
2225;1903
2226;1482
2226;1329
2226;1336
2226;1987
2226;813
2227;473
2227;1942
2227;2185
2227;1711
2227;1309
2228;2216
2228;2002
2228;2211
2228;656
2228;1133
2229;1976
2229;234
2229;812
2229;695
2229;2116
2230;416
2230;1448
2230;2191
2230;1608
2230;943
2231;454
2231;823
2231;2203
2231;1932
2231;2008
2232;1448
2232;2212
2232;1401
2232;1661
2232;416
2233;888
2233;1087
2233;810
2233;2209
2233;1041
2234;727
2234;1798
2234;2198
2234;1927
2234;1866
2235;2200
2235;921
2235;949
2235;1014
2235;2201
2236;450
2236;1389
2236;1999
2236;1726
2236;638
2237;685
2237;1761
2237;198
2237;1084
2237;695
2238;408
2238;1123
2238;745
2238;629
2238;2185
2239;991
2239;1849
2239;1191
2239;889
2239;2210
2240;2029
2240;849
2240;1389
2240;2186
2240;823
2241;287
2241;2084
2241;2079
2241;15
2241;909
2242;390
2242;1186
2242;308
2242;182
2242;1828
2243;2236
2243;450
2243;638
2243;1726
2243;2066
2244;849
2244;2029
2244;2240
2244;1389
2244;823
2245;2237
2245;685
2245;198
2245;695
2245;1761
2246;454
2246;823
2246;2203
2246;849
2246;2231
2247;812
2247;1976
2247;2229
2247;695
2247;2116
2248;1661
2248;551
2248;1039
2248;33
2248;598
2249;1903
2249;2059
2249;717
2249;1913
2249;434
2250;263
2250;1942
2250;1335
2250;1794
2250;1521
2251;1448
2251;416
2251;2232
2251;1614
2251;1661
2252;201
2252;2208
2252;1218
2252;2162
2252;1932
2253;1055
2253;2195
2253;2205
2253;1272
2253;881
2254;279
2254;1556
2254;2199
2254;487
2254;2181
2255;1191
2255;991
2255;561
2255;889
2255;2239
2256;68
2256;2044
2256;2222
2256;1316
2256;1307
2257;1065
2257;1959
2257;549
2257;1525
2257;1769
2258;1223
2258;2206
2258;1596
2258;2197
2258;1358
2259;367
2259;414
2259;1366
2259;279
2259;1556
2260;1307
2260;68
2260;1409
2260;2222
2260;2256
2261;520
2261;1866
2261;727
2261;2234
2261;377
2262;648
2262;1249
2262;1041
2262;2183
2262;74
2263;1966
2263;1316
2263;2144
2263;2126
2263;2192
2264;1932
2264;201
2264;1218
2264;2231
2264;2252
2265;2040
2265;2221
2265;1401
2265;2212
2265;2192
2266;697
2266;120
2266;1215
2266;2175
2266;1043
2267;2228
2267;2002
2267;2216
2267;2211
2267;656
2268;1047
2268;1524
2268;1677
2268;671
2268;829
2269;2242
2269;1121
2269;390
2269;308
2269;821
2270;1711
2270;1769
2270;520
2270;1794
2270;1521
2271;1999
2271;2244
2271;849
2271;2240
2271;2029
2272;2182
2272;61
2272;1358
2272;2024
2272;2184
2273;1215
2273;2013
2273;2199
2273;1987
2273;697
2274;2264
2274;201
2274;2252
2274;2208
2274;1218
2275;603
2275;2119
2275;234
2275;2151
2275;500
2276;1782
2276;2225
2276;2189
2276;717
2276;2233
2277;2210
2277;174
2277;1849
2277;1907
2277;1653
2278;2232
2278;2212
2278;1661
2278;1401
2278;2221
2279;2227
2279;1942
2279;2270
2279;1711
2279;473
2280;1409
2280;618
2280;889
2280;1516
2280;1307
2281;2250
2281;263
2281;2253
2281;1335
2281;1055
2282;1121
2282;2269
2282;821
2282;2242
2282;1047
2283;1614
2283;416
2283;2191
2283;1448
2283;2251
2284;1047
2284;2268
2284;1524
2284;821
2284;477
2285;2125
2285;1622
2285;2217
2285;830
2285;2193
2286;1608
2286;2230
2286;834
2286;1401
2286;2232
2287;2219
2287;1413
2287;2207
2287;2224
2287;1744
2288;1358
2288;1596
2288;1292
2288;1223
2288;2258
2289;1622
2289;2285
2289;2125
2289;830
2289;1204
2290;2040
2290;2265
2290;1159
2290;1001
2290;214
2291;2228
2291;2267
2291;2002
2291;2216
2291;2211
2292;2231
2292;2264
2292;2274
2292;2008
2292;1932
2293;812
2293;2247
2293;1084
2293;2116
2293;695
2294;2265
2294;2040
2294;1401
2294;2221
2294;2212
2295;33
2295;2221
2295;2212
2295;2278
2295;2192
2296;2044
2296;1316
2296;2202
2296;68
2296;598
2297;2257
2297;1065
2297;1959
2297;549
2297;1525
2298;1991
2298;1040
2298;1660
2298;208
2298;2066
2299;2224
2299;2207
2299;2287
2299;2241
2299;2219
2300;2291
2300;2228
2300;2267
2300;2216
2300;2211
2301;1260
2301;2224
2301;909
2301;919
2301;2299
2302;821
2302;1047
2302;1828
2302;1121
2302;2284
2303;2162
2303;173
2303;1218
2303;2252
2303;201
2304;2250
2304;2281
2304;263
2304;1942
2304;1794
2305;1706
2305;2193
2305;287
2305;2241
2305;15
2306;1794
2306;2304
2306;1521
2306;2250
2306;1711
2307;2197
2307;2069
2307;2209
2307;1526
2307;2180
2308;551
2308;2187
2308;254
2308;2248
2308;654
2309;1065
2309;2257
2309;2297
2309;549
2309;1959
2310;1726
2310;2243
2310;2236
2310;450
2310;1999
2311;919
2311;2188
2311;1260
2311;2216
2311;2028
2312;2205
2312;881
2312;2195
2312;1055
2312;2253
2313;1047
2313;1677
2313;821
2313;2302
2313;2284
2314;638
2314;450
2314;2243
2314;414
2314;2236
2315;279
2315;414
2315;367
2315;2254
2315;2259
2316;1748
2316;2204
2316;1249
2316;648
2316;2201
2317;1438
2317;1204
2317;2189
2317;1041
2317;1076
2318;1317
2318;264
2318;549
2318;1641
2318;2309
2319;2219
2319;2287
2319;1413
2319;580
2319;1712
2320;1413
2320;2215
2320;1744
2320;2287
2320;650
2321;656
2321;2211
2321;2300
2321;2216
2321;2291
2322;2251
2322;1448
2322;1614
2322;1661
2322;2232
2323;408
2323;2238
2323;1795
2323;1335
2323;1123
2324;1946
2324;1386
2324;2321
2324;656
2324;2162
2325;2126
2325;1724
2325;2289
2325;1988
2325;1274
2326;919
2326;2311
2326;2188
2326;2028
2326;2216
2327;2219
2327;2080
2327;1260
2327;2287
2327;2224
2328;2260
2328;68
2328;1307
2328;2222
2328;2256
2329;2119
2329;500
2329;2275
2329;603
2329;179
2330;2213
2330;1529
2330;2215
2330;650
2330;1744
2331;2241
2331;2084
2331;287
2331;2079
2331;909
2332;267
2332;580
2332;650
2332;2215
2332;1077
2333;1744
2333;2320
2333;466
2333;2213
2333;1529
2334;618
2334;1516
2334;2280
2334;1409
2334;889
2335;638
2335;2314
2335;450
2335;414
2335;2243
2336;2024
2336;1660
2336;2182
2336;61
2336;208
2337;2241
2337;2331
2337;287
2337;2305
2337;2084
2338;2274
2338;201
2338;2252
2338;1218
2338;2208
2339;2314
2339;2236
2339;638
2339;2243
2339;1389
2340;1209
2340;875
2340;1084
2340;1763
2340;2196
2341;2144
2341;2265
2341;2192
2341;2040
2341;1966
2342;561
2342;1191
2342;2255
2342;889
2342;991
2343;1272
2343;2214
2343;1159
2343;2007
2343;2253
2344;1014
2344;1398
2344;921
2344;2200
2344;214
2345;1516
2345;2280
2345;618
2345;1409
2345;1307
2346;618
2346;1516
2346;2334
2346;2345
2346;2280
2347;2276
2347;2189
2347;1782
2347;2233
2347;1087
2348;2324
2348;1946
2348;1386
2348;2321
2348;656
2349;473
2349;2185
2349;1123
2349;2227
2349;1309
2350;339
2350;1217
2350;1763
2350;1336
2350;1329
2351;2307
2351;2197
2351;2209
2351;2069
2351;1223
2352;1084
2352;2116
2352;2293
2352;812
2352;1209
2353;2345
2353;1516
2353;1307
2353;1409
2353;2280
2354;2151
2354;845
2354;936
2354;2275
2354;234
2355;466
2355;2193
2355;2217
2355;2125
2355;2285
2356;2325
2356;2289
2356;2222
2356;1622
2356;2353
2357;2294
2357;2221
2357;2265
2357;2040
2357;2212
2358;2317
2358;1204
2358;1438
2358;2289
2358;2189
2359;909
2359;2228
2359;2216
2359;2267
2359;2291
2360;2008
2360;2292
2360;2231
2360;2274
2360;2264
2361;2257
2361;2297
2361;2309
2361;1065
2361;549
2362;377
2362;1761
2362;1866
2362;151
2362;2196
2363;487
2363;2181
2363;2184
2363;2254
2363;6
2364;1448
2364;2251
2364;416
2364;2322
2364;2283
2365;2337
2365;2305
2365;2207
2365;2241
2365;2299
2366;2270
2366;520
2366;1769
2366;1711
2366;2261
2367;2341
2367;2265
2367;2040
2367;2357
2367;2290
2368;2126
2368;2263
2368;1724
2368;1316
2368;1966
2369;2230
2369;2286
2369;416
2369;1448
2369;943
2370;2024
2370;2197
2370;2209
2370;208
2370;2336
2371;501
2371;641
2371;1907
2371;224
2371;1177
2372;2369
2372;2230
2372;2286
2372;416
2372;1448
2373;1274
2373;2325
2373;1724
2373;1988
2373;2358
2374;1386
2374;674
2374;1946
2374;270
2374;2348
2375;466
2375;2333
2375;2355
2375;2193
2375;1744
2376;270
2376;674
2376;2374
2376;1386
2376;1946
2377;2202
2377;1331
2377;654
2377;1535
2377;2187
2378;2239
2378;1849
2378;991
2378;2210
2378;1191
2379;943
2379;2191
2379;2056
2379;2282
2379;416
2380;2263
2380;1316
2380;1966
2380;2368
2380;2144
2381;2246
2381;2231
2381;454
2381;2203
2381;823
2382;1525
2382;2194
2382;59
2382;2361
2382;1488
2383;2334
2383;2239
2383;2378
2383;618
2383;2346
2384;1336
2384;2226
2384;1329
2384;813
2384;339
2385;1039
2385;598
2385;2202
2385;654
2385;2248
2386;2293
2386;1084
2386;2352
2386;812
2386;2116
2387;2219
2387;2319
2387;2287
2387;2327
2387;2080
2388;1529
2388;2213
2388;1744
2388;466
2388;2355
2389;1521
2389;1794
2389;1769
2389;1711
2389;2306
2390;2348
2390;1946
2390;2324
2390;1386
2390;2374
2391;2186
2391;2203
2391;823
2391;2029
2391;454
2392;234
2392;179
2392;2119
2392;1976
2392;2229
2393;671
2393;2223
2393;1327
2393;1524
2393;2268
2394;1482
2394;697
2394;2226
2394;2266
2394;2175
2395;1327
2395;2099
2395;477
2395;834
2395;671
2396;1329
2396;1763
2396;339
2396;2350
2396;2384
2397;10
2397;1987
2397;2254
2397;600
2397;2181
2398;2279
2398;2270
2398;1711
2398;1942
2398;2227
2399;2290
2399;2040
2399;2265
2399;2367
2399;214
2400;2344
2400;1014
2400;214
2400;1398
2400;74
2401;1329
2401;2396
2401;1111
2401;2226
2401;1763
2402;1641
2402;264
2402;921
2402;1310
2402;949
2403;2334
2403;2383
2403;618
2403;2346
2403;1516
2404;889
2404;2342
2404;561
2404;1191
2404;1409
2405;501
2405;2371
2405;1977
2405;1164
2405;1803
2406;2188
2406;2028
2406;1029
2406;2326
2406;919
2407;2276
2407;2225
2407;810
2407;717
2407;2347
2408;2255
2408;1164
2408;1977
2408;991
2408;1191
2409;2028
2409;2406
2409;1029
2409;2188
2409;919
2410;1849
2410;2378
2410;2210
2410;2239
2410;2277
2411;2410
2411;1849
2411;2378
2411;2239
2411;2210
2412;2277
2412;174
2412;2210
2412;1394
2412;480
2413;2285
2413;2125
2413;1622
2413;2217
2413;830
2414;2060
2414;2260
2414;2328
2414;1535
2414;561
2415;654
2415;2385
2415;2187
2415;551
2415;2202
2416;2411
2416;2378
2416;2239
2416;2405
2416;2410
2417;1660
2417;2336
2417;2298
2417;2024
2417;208
2418;2412
2418;2277
2418;2210
2418;1849
2418;2410
2419;1398
2419;2218
2419;1001
2419;1014
2419;2344
2420;1223
2420;2288
2420;2258
2420;1596
2420;1358
2421;2265
2421;2040
2421;2367
2421;2341
2421;2357
2422;2207
2422;2333
2422;2375
2422;1744
2422;2320
2423;2308
2423;551
2423;2415
2423;2187
2423;254
2424;1040
2424;434
2424;1991
2424;2249
2424;2059
2425;2375
2425;2193
2425;466
2425;2422
2425;2365
2426;2209
2426;208
2426;2370
2426;2197
2426;2351
2427;2220
2427;2211
2427;2002
2427;656
2427;2300
2428;1711
2428;2270
2428;2398
2428;1942
2428;1769
2429;2347
2429;2276
2429;1782
2429;2189
2429;2407
2430;1660
2430;2335
2430;2417
2430;638
2430;2336
2431;2239
2431;991
2431;2378
2431;1191
2431;2416
2432;2299
2432;2365
2432;2207
2432;2337
2432;2224
2433;1706
2433;830
2433;1076
2433;2305
2433;2413
2434;2303
2434;2162
2434;173
2434;2427
2434;2220
2435;2415
2435;654
2435;2187
2435;2423
2435;2308
2436;2290
2436;2399
2436;881
2436;1159
2436;2312
2437;1389
2437;2244
2437;2271
2437;2236
2437;2240
2438;2378
2438;2239
2438;2383
2438;2410
2438;1849
2439;2383
2439;2403
2439;2334
2439;2239
2439;2438
2440;2407
2440;810
2440;2276
2440;2347
2440;2429
2441;2194
2441;1525
2441;2190
2441;2382
2441;151
2442;2295
2442;2278
2442;2212
2442;2248
2442;1661
2443;2414
2443;2060
2443;1535
2443;1674
2443;2377
2444;2347
2444;2429
2444;2189
2444;1087
2444;1438
2445;2436
2445;2290
2445;2399
2445;1608
2445;2040
2446;2212
2446;2294
2446;2357
2446;2221
2446;1401
2447;2260
2447;2328
2447;1307
2447;68
2447;1409
2448;2256
2448;2044
2448;68
2448;1316
2448;2368
2449;580
2449;2332
2449;2319
2449;1712
2449;1077
2450;1249
2450;1748
2450;2344
2450;2400
2450;1014
2451;2305
2451;1706
2451;287
2451;15
2451;2337
2452;1596
2452;1292
2452;2288
2452;2420
2452;1358
2453;2207
2453;2422
2453;2299
2453;2287
2453;2432
2454;2356
2454;2325
2454;2222
2454;2256
2454;2448
2455;2211
2455;656
2455;2300
2455;2291
2455;2321
2456;2040
2456;2265
2456;2294
2456;2357
2456;2421
2457;1661
2457;2278
2457;2232
2457;2322
2457;2442
2458;875
2458;2340
2458;1209
2458;1084
2458;377
2459;2283
2459;2364
2459;1614
2459;2191
2459;416
2460;2350
2460;339
2460;1217
2460;1336
2460;2396
2461;1260
2461;2301
2461;2311
2461;2327
2461;2224
2462;434
2462;1913
2462;2249
2462;2424
2462;1903
2463;2359
2463;2301
2463;909
2463;2216
2463;2311
2464;745
2464;629
2464;2238
2464;408
2464;2323
2465;1999
2465;2271
2465;1932
2465;2437
2465;2244
2466;1398
2466;1014
2466;2344
2466;2419
2466;2400
2467;2306
2467;1794
2467;1521
2467;2389
2467;1711
2468;1029
2468;2028
2468;2409
2468;2406
2468;1946
2469;2371
2469;641
2469;1907
2469;2405
2469;2411
2470;1903
2470;2084
2470;15
2470;287
2470;2079
2471;1218
2471;201
2471;1932
2471;2252
2471;2303
2472;1849
2472;2410
2472;2411
2472;2210
2472;2378
2473;2383
2473;2439
2473;2438
2473;2403
2473;2239
2474;2369
2474;943
2474;2372
2474;2230
2474;2191
2475;2439
2475;2239
2475;2383
2475;2473
2475;2438
2476;2451
2476;2305
2476;1706
2476;15
2476;287
2477;2340
2477;1209
2477;875
2477;2458
2477;1084
2478;2344
2478;2450
2478;1014
2478;1748
2478;2200
2479;2255
2479;561
2479;2408
2479;2342
2479;1191
2480;2320
2480;1413
2480;2333
2480;2422
2480;2453
2481;2331
2481;909
2481;2241
2481;2432
2481;2224
2482;2223
2482;2393
2482;671
2482;1327
2482;1524
2483;2008
2483;270
2483;2360
2483;1444
2483;382
2484;182
2484;2242
2484;390
2484;1828
2484;1186
2485;1531
2485;1366
2485;1147
2485;2259
2485;1556
2486;2434
2486;2427
2486;2220
2486;2211
2486;2303
2487;2480
2487;2333
2487;2320
2487;2422
2487;1744
2488;2430
2488;2335
2488;1660
2488;638
2488;2417
2489;2321
2489;656
2489;2324
2489;2348
2489;2211
2490;2324
2490;2348
2490;2390
2490;2489
2490;2434
2491;2460
2491;2350
2491;339
2491;1217
2491;1336
2492;2426
2492;2209
2492;208
2492;810
2492;2370
2493;1942
2493;2185
2493;1335
2493;2250
2493;263
2494;2199
2494;1556
2494;279
2494;2254
2494;2397
2495;2226
2495;1482
2495;813
2495;1987
2495;10
2496;2400
2496;74
2496;214
2496;2183
2496;2450
2497;68
2497;2328
2497;2222
2497;2256
2497;1307
2498;2304
2498;2250
2498;2306
2498;2281
2498;2467
2499;2351
2499;2197
2499;2307
2499;2209
2499;2426
2500;2256
2500;68
2500;2044
2500;2448
2500;2497
2501;2371
2501;2469
2501;2411
2501;2472
2501;2405
2502;1249
2502;648
2502;2316
2502;2450
2502;1748
2503;2401
2503;1329
2503;2396
2503;2226
2503;1111
2504;2377
2504;1535
2504;1331
2504;2202
2504;654
2505;2475
2505;2439
2505;2383
2505;2239
2505;2473
2506;2299
2506;2224
2506;2287
2506;2453
2506;2207
2507;1121
2507;2282
2507;2284
2507;477
2507;1524
2508;2317
2508;1438
2508;2358
2508;1204
2508;2189
2509;2357
2509;2294
2509;2446
2509;2456
2509;2265
2510;2269
2510;1121
2510;2282
2510;821
2510;2302
2511;2272
2511;2420
2511;1223
2511;1358
2511;2288
2512;2506
2512;2299
2512;2224
2512;2453
2512;2287
2513;2472
2513;1849
2513;2410
2513;2411
2513;2210
2514;561
2514;2342
2514;2479
2514;2404
2514;2414
2515;2007
2515;2214
2515;2343
2515;2218
2515;1272
2516;2183
2516;74
2516;1274
2516;1988
2516;2496
2517;618
2517;2334
2517;2346
2517;2403
2517;1516
2518;234
2518;2392
2518;2229
2518;1976
2518;2275
2519;2501
2519;2469
2519;1907
2519;2371
2519;2513
2520;2441
2520;2190
2520;151
2520;2194
2520;1525
2521;2352
2521;2116
2521;1084
2521;2386
2521;1209
2522;2472
2522;2513
2522;1849
2522;2210
2522;2410
2523;2126
2523;1724
2523;2368
2523;2325
2523;1988
2524;2069
2524;2180
2524;2204
2524;2307
2524;2201
2525;1366
2525;2186
2525;2259
2525;367
2525;1389
2526;2276
2526;2225
2526;1782
2526;2407
2526;2429
2527;821
2527;2302
2527;2510
2527;1121
2527;2313
2528;2309
2528;1521
2528;1794
2528;2389
2528;1065
2529;1535
2529;2046
2529;2504
2529;1331
2529;2377
2530;2273
2530;2397
2530;2494
2530;2199
2530;1987
2531;2226
2531;1482
2531;2495
2531;2503
2531;1329
2532;2229
2532;234
2532;1976
2532;2518
2532;2247
2533;2431
2533;991
2533;2239
2533;1191
2533;2255
2534;2507
2534;477
2534;834
2534;2372
2534;2474
2535;2471
2535;2303
2535;1218
2535;173
2535;201
2536;1622
2536;830
2536;2413
2536;2285
2536;2125
2537;2199
2537;2494
2537;1556
2537;2013
2537;1147
2538;2441
2538;1525
2538;2520
2538;2382
2538;2194
2539;2379
2539;943
2539;2191
2539;2474
2539;2056
2540;2468
2540;1029
2540;2406
2540;2028
2540;2409
2541;1329
2541;2384
2541;2503
2541;1336
2541;2531
2542;2311
2542;2326
2542;919
2542;1260
2542;2461
2543;2195
2543;2099
2543;2253
2543;1055
2543;1795
2544;2278
2544;2232
2544;2212
2544;2457
2544;1401
2545;2237
2545;2245
2545;1761
2545;685
2545;1084
2546;2066
2546;450
2546;2430
2546;638
2546;2335
2547;1622
2547;2536
2547;2413
2547;2285
2547;2125
2548;2272
2548;2511
2548;1358
2548;2182
2548;61
2549;2224
2549;2506
2549;2512
2549;2299
2549;2301
2550;2206
2550;59
2550;1526
2550;2258
2550;1596
2551;198
2551;685
2551;2198
2551;1798
2551;2245
2552;2060
2552;2443
2552;1674
2552;2514
2552;2414
2553;1782
2553;1076
2553;2476
2553;15
2553;2526
2554;1556
2554;2259
2554;279
2554;367
2554;2485
2555;2339
2555;2314
2555;1389
2555;2236
2555;2437
2556;15
2556;2553
2556;287
2556;2476
2556;1782
2557;936
2557;2151
2557;2354
2557;2532
2557;1111
2558;2382
2558;59
2558;1525
2558;2194
2558;2538
2559;2217
2559;2388
2559;2355
2559;1516
2559;2125
2560;2261
2560;727
2560;1866
2560;2362
2560;2234
2561;1021
2561;600
2561;2181
2561;813
2561;10
2562;1217
2562;1763
2562;2196
2562;2190
2562;151
2563;1039
2563;2385
2563;598
2563;2415
2563;2248
2564;2298
2564;1991
2564;1040
2564;2424
2564;2417
2565;1001
2565;214
2565;2419
2565;1159
2565;2214
2566;390
2566;2242
2566;308
2566;2269
2566;1186
2567;2238
2567;2323
2567;2464
2567;408
2567;745
2568;2434
2568;2303
2568;2162
2568;2486
2568;173
2569;434
2569;2424
2569;1133
2569;2462
2569;1913
2570;2317
2570;2358
2570;2508
2570;1438
2570;1204
2571;2319
2571;1413
2571;2449
2571;2320
2571;2480
2572;2399
2572;2290
2572;2421
2572;2040
2572;2367
2573;2410
2573;1849
2573;2472
2573;2411
2573;2513
2574;1223
2574;2197
2574;2258
2574;2499
2574;2351
2575;2460
2575;2491
2575;2350
2575;2194
2575;339
2576;2233
2576;888
2576;1087
2576;2347
2576;2444
2577;2460
2577;2350
2577;2575
2577;2491
2577;339
2578;2486
2578;2434
2578;173
2578;2568
2578;2427
2579;2548
2579;2272
2579;2182
2579;1358
2579;61
2580;2250
2580;2304
2580;1942
2580;2498
2580;2306
2581;2184
2581;2181
2581;2579
2581;2363
2581;61
2582;2395
2582;477
2582;834
2582;1327
2582;2099
2583;2227
2583;2279
2583;2398
2583;2349
2583;473
2584;2175
2584;1856
2584;1043
2584;936
2584;2557
2585;1292
2585;1358
2585;2288
2585;1021
2585;2581
2586;1209
2586;2340
2586;2477
2586;2521
2586;1763
2587;2323
2587;1335
2587;1795
2587;408
2587;2543
2588;2524
2588;2069
2588;2180
2588;2204
2588;2201
2589;2379
2589;2539
2589;943
2589;2191
2589;2056
2590;823
2590;2203
2590;849
2590;2029
2590;2244
2591;2316
2591;2588
2591;1748
2591;2204
2591;2180
2592;2312
2592;2205
2592;881
2592;2195
2592;1055
2593;2545
2593;2237
2593;2245
2593;685
2593;1761
2594;654
2594;2415
2594;2435
2594;2202
2594;2187
2595;2588
2595;888
2595;2524
2595;2233
2595;2576
2596;59
2596;2550
2596;2206
2596;2558
2596;2575
2597;2360
2597;2008
2597;2292
2597;2274
2597;2264
2598;2316
2598;2591
2598;2502
2598;1748
2598;648
2599;2494
2599;2199
2599;2537
2599;1556
2599;2254
2600;2424
2600;434
2600;2569
2600;2462
2600;1040
2601;2254
2601;2315
2601;279
2601;2363
2601;2494
2602;2531
2602;2401
2602;2503
2602;2394
2602;1111
2603;2307
2603;1526
2603;2351
2603;2499
2603;2069
2604;2298
2604;2546
2604;2564
2604;2066
2604;1040
2605;717
2605;2059
2605;2249
2605;1991
2605;2424
2606;2543
2606;263
2606;2587
2606;1335
2606;2253
2607;2328
2607;2447
2607;2260
2607;2497
2607;1307
2608;1413
2608;2320
2608;2215
2608;650
2608;2480
2609;1358
2609;2288
2609;2585
2609;1292
2609;2420
2610;2218
2610;2007
2610;264
2610;2515
2610;1641
2611;2532
2611;2151
2611;234
2611;2518
2611;2229
2612;919
2612;2326
2612;2311
2612;2542
2612;2463
2613;2566
2613;2056
2613;2269
2613;390
2613;308
2614;2608
2614;2571
2614;1413
2614;2320
2614;2480
2615;2366
2615;2560
2615;2261
2615;2234
2615;520
2616;2197
2616;2499
2616;2370
2616;2351
2616;2574
2617;2233
2617;2576
2617;888
2617;2595
2617;2492
2618;2196
2618;2458
2618;377
2618;2562
2618;151
2619;2013
2619;2537
2619;2199
2619;2599
2619;2494
2620;2335
2620;638
2620;2314
2620;2430
2620;2546
2621;2534
2621;2372
2621;2474
2621;2369
2621;2230
2622;339
2622;2491
2622;2460
2622;2350
2622;1336
2623;2116
2623;2352
2623;2521
2623;2293
2623;2386
2624;2448
2624;2256
2624;2500
2624;2222
2624;2454
2625;2225
2625;2526
2625;2556
2625;1782
2625;2276
2626;2254
2626;2601
2626;279
2626;2315
2626;2494
2627;6
2627;61
2627;2182
2627;487
2627;2488
2628;2193
2628;2425
2628;2375
2628;466
2628;2355
2629;1133
2629;2002
2629;1913
2629;2267
2629;2079
2630;2577
2630;2350
2630;1217
2630;2460
2630;339
2631;10
2631;1987
2631;813
2631;600
2631;2561
2632;1358
2632;2579
2632;2548
2632;2609
2632;2272
2633;2494
2633;2599
2633;2199
2633;2537
2633;1556
2634;2612
2634;2311
2634;2542
2634;2326
2634;919
2635;2530
2635;2273
2635;2619
2635;2599
2635;2199
2636;2270
2636;2428
2636;2398
2636;1711
2636;2366
2637;59
2637;2558
2637;2382
2637;2596
2637;1525
2638;2183
2638;2262
2638;648
2638;74
2638;1249
2639;1204
2639;1076
2639;2189
2639;2508
2639;2317
2640;2302
2640;821
2640;2527
2640;2313
2640;1828
2641;267
2641;2332
2641;572
2641;580
2641;1077
2642;2398
2642;2636
2642;2428
2642;2270
2642;1711
2643;2327
2643;2549
2643;2461
2643;1260
2643;2506
2644;1111
2644;2623
2644;2602
2644;2116
2644;936
2645;2604
2645;2298
2645;2546
2645;2417
2645;1660
2646;1204
2646;2639
2646;2508
2646;2317
2646;2189
2647;2589
2647;2056
2647;2379
2647;2539
2647;943
2648;2501
2648;2411
2648;2513
2648;2472
2648;2416
2649;2424
2649;2600
2649;434
2649;1040
2649;2462
2650;2314
2650;2339
2650;2555
2650;638
2650;2335
2651;2295
2651;2442
2651;33
2651;2221
2651;2212
2652;2220
2652;2427
2652;2569
2652;1133
2652;2578
2653;377
2653;2362
2653;2618
2653;2196
2653;2458
2654;2099
2654;2582
2654;834
2654;2395
2654;2592
2655;1292
2655;2585
2655;2452
2655;1336
2655;2384
2656;1524
2656;477
2656;671
2656;2268
2656;2284
2657;2125
2657;2285
2657;2413
2657;2217
2657;2547
2658;2473
2658;2383
2658;2438
2658;2439
2658;2475
2659;727
2659;1866
2659;2560
2659;2198
2659;2261
2660;2248
2660;1661
2660;2457
2660;2442
2660;551
2661;2024
2661;2370
2661;2336
2661;208
2661;2417
2662;2552
2662;2060
2662;1674
2662;2514
2662;2443
2663;1761
2663;1866
2663;2545
2663;2593
2663;2653
2664;2206
2664;2258
2664;2574
2664;1223
2664;2550
2665;6
2665;487
2665;2627
2665;61
2665;2184
2666;2501
2666;2648
2666;2519
2666;2411
2666;2513
2667;1932
2667;2264
2667;2246
2667;2231
2667;2590
2668;2604
2668;2645
2668;2298
2668;2564
2668;1040
2669;2119
2669;179
2669;2329
2669;2392
2669;500
2670;2310
2670;1726
2670;2243
2670;2236
2670;1999
2671;408
2671;2238
2671;1123
2671;2567
2671;2323
2672;2670
2672;2310
2672;1726
2672;2243
2672;2236
2673;685
2673;198
2673;2551
2673;2245
2673;2237
2674;2664
2674;2603
2674;2574
2674;2499
2674;2307
2675;2514
2675;2414
2675;561
2675;2552
2675;2662
2676;2465
2676;1999
2676;2471
2676;2535
2676;173
2677;2403
2677;2330
2677;2334
2677;2383
2677;2658
2678;2219
2678;2387
2678;2327
2678;2319
2678;2287
2679;2151
2679;2354
2679;2557
2679;2611
2679;936
2680;2355
2680;2628
2680;2193
2680;466
2680;2375
2681;2574
2681;2197
2681;2499
2681;2616
2681;2674
2682;2417
2682;1660
2682;2336
2682;2645
2682;2024
2683;2341
2683;1966
2683;2367
2683;2144
2683;2192
2684;834
2684;2286
2684;2654
2684;2582
2684;2534
2685;2185
2685;2583
2685;2349
2685;2493
2685;2279
2686;2264
2686;2292
2686;2667
2686;2274
2686;2231
2687;561
2687;2514
2687;2342
2687;2479
2687;2255
2688;909
2688;2481
2688;2331
2688;2084
2688;2079
2689;1763
2689;2562
2689;2618
2689;1209
2689;2586
2690;2677
2690;2403
2690;2346
2690;618
2690;2334
2691;2532
2691;2611
2691;2229
2691;234
2691;2518
2692;2520
2692;2297
2692;2261
2692;520
2692;1959
2693;2151
2693;2679
2693;2354
2693;2611
2693;2557
2694;2210
2694;1849
2694;2522
2694;2410
2694;2573
2695;2126
2695;2368
2695;2523
2695;1724
2695;1988
2696;2489
2696;2321
2696;656
2696;2324
2696;2348
2697;2423
2697;2308
2697;2435
2697;254
2697;2187
2698;264
2698;1317
2698;2318
2698;2007
2698;2610
2699;2186
2699;2029
2699;2240
2699;849
2699;1389
2700;2478
2700;2200
2700;1014
2700;2450
2700;2344
2701;2609
2701;2288
2701;1358
2701;1292
2701;2585
2702;618
2702;2517
2702;2334
2702;2346
2702;2403
2703;2439
2703;2505
2703;2475
2703;889
2703;2334
2704;2326
2704;2311
2704;2542
2704;919
2704;2634
2705;2405
2705;501
2705;1977
2705;2416
2705;2666
2706;2390
2706;2348
2706;2324
2706;1946
2706;1386
2707;2308
2707;551
2707;2423
2707;2697
2707;760
2708;2522
2708;2513
2708;1907
2708;2472
2708;2210
2709;549
2709;2318
2709;1310
2709;2309
2709;2528
2710;2667
2710;2246
2710;2590
2710;2231
2710;454
2711;450
2711;2243
2711;2066
2711;2310
2711;2546
2712;2002
2712;1133
2712;2629
2712;2267
2712;2291
2713;2534
2713;2621
2713;2507
2713;2372
2713;477
2714;2510
2714;2269
2714;2282
2714;1121
2714;2527
2715;2315
2715;2601
2715;414
2715;2626
2715;487
2716;2189
2716;2444
2716;1438
2716;2646
2716;2639
2717;823
2717;2203
2717;2590
2717;454
2717;2029
2718;1335
2718;263
2718;2580
2718;2250
2718;2606
2719;2279
2719;2227
2719;2398
2719;2642
2719;2636
2720;2202
2720;2377
2720;2594
2720;654
2720;2504
2721;2292
2721;2686
2721;2360
2721;2597
2721;2264
2722;2219
2722;2678
2722;2387
2722;2327
2722;2643
2723;2325
2723;2454
2723;2523
2723;2356
2723;2624
2724;2710
2724;2667
2724;2686
2724;2231
2724;2264
2725;2208
2725;2252
2725;2162
2725;201
2725;2338
2726;2225
2726;2407
2726;2526
2726;717
2726;2625
2727;1310
2727;1488
2727;549
2727;2361
2727;2709
2728;1706
2728;2305
2728;2433
2728;2451
2728;2476
2729;2262
2729;1041
2729;648
2729;2638
2729;1438
2730;2384
2730;1336
2730;2541
2730;1329
2730;2226
2731;2364
2731;2322
2731;2251
2731;1448
2731;416
2732;179
2732;2392
2732;2669
2732;2119
2732;2518
2733;2322
2733;1614
2733;2731
2733;2364
2733;2283
2734;2296
2734;1316
2734;2044
2734;68
2734;2500
2735;2253
2735;2281
2735;1055
2735;2343
2735;1272
2736;2278
2736;2544
2736;2442
2736;2232
2736;2212
2737;1535
2737;2443
2737;2504
2737;2414
2737;2377
2738;2399
2738;2290
2738;2572
2738;2565
2738;1001
2739;1608
2739;2286
2739;2445
2739;2684
2739;1401
2740;2284
2740;1047
2740;821
2740;2268
2740;2313
2741;1409
2741;2280
2741;2404
2741;889
2741;2447
2742;2569
2742;434
2742;2652
2742;2600
2742;1133
2743;2379
2743;2647
2743;2589
2743;2056
2743;2539
2744;2598
2744;2316
2744;2502
2744;2591
2744;648
2745;2575
2745;2577
2745;2194
2745;2460
2745;2630
2746;1726
2746;2672
2746;2310
2746;173
2746;2652
2747;1903
2747;2249
2747;2059
2747;717
2747;2470
2748;2546
2748;2066
2748;450
2748;2620
2748;2711
2749;2666
2749;2416
2749;2648
2749;2405
2749;2705
2750;2144
2750;2192
2750;2341
2750;1966
2750;2683
2751;2278
2751;2736
2751;2544
2751;2232
2751;2457
2752;2586
2752;1209
2752;2340
2752;2477
2752;1763
2753;2679
2753;2354
2753;2151
2753;2693
2753;2557
2754;2528
2754;1521
2754;1794
2754;2389
2754;2309
2755;830
2755;2433
2755;2536
2755;2547
2755;1076
2756;2723
2756;2325
2756;2523
2756;2126
2756;2454
2757;2319
2757;2449
2757;2571
2757;2387
2757;2614
2758;2516
2758;74
2758;2367
2758;2183
2758;2496
2759;2703
2759;2439
2759;2505
2759;889
2759;2475
2760;2274
2760;2264
2760;2338
2760;2686
2760;2721
2761;2675
2761;2414
2761;2514
2761;2260
2761;2404
2762;2249
2762;2747
2762;1903
2762;2059
2762;2605
2763;2400
2763;2496
2763;2450
2763;2344
2763;2478
2764;2516
2764;74
2764;2758
2764;2183
2764;2496
2765;2373
2765;2325
2765;1274
2765;2289
2765;2723
2766;2397
2766;2254
2766;2599
2766;2633
2766;2494
2767;2029
2767;849
2767;2699
2767;2240
2767;2244
2768;919
2768;2612
2768;2326
2768;2634
2768;2311
2769;1111
2769;2644
2769;2521
2769;2623
2769;2752
2770;1448
2770;416
2770;2230
2770;2369
2770;2251
2771;813
2771;2631
2771;10
2771;600
2771;1987
2772;2531
2772;2541
2772;2503
2772;2226
2772;1329
2773;2253
2773;1055
2773;2195
2773;2735
2773;2543
2774;2336
2774;2024
2774;2661
2774;2682
2774;2417
2775;2391
2775;2485
2775;1531
2775;1052
2775;2525
2776;1335
2776;2718
2776;2587
2776;263
2776;2493
2777;2567
2777;2238
2777;2464
2777;2671
2777;2323
2778;1726
2778;2672
2778;2310
2778;2670
2778;2746
2779;2250
2779;2304
2779;2498
2779;2281
2779;2580
