0.426798;14.987
4.42995;1.30624
3.25719;14.9218
6.77706;9.48298
3.72462;11.3322
7.04902;3.15661
5.66049;9.05763
5.86034;5.24671
6.85108;5.93657
6.3374;13.6295
6.01253;8.55701
7.06307;10.7975
0.833965;10.7655
2.74872;16.5673
4.50986;14.0672
4.66539;9.87331
5.52708;0.190673
5.58977;17.5685
7.55625;6.73368
4.52576;4.56175
0.0329246;5.14955
3.85918;11.3868
7.10359;1.43904
8.31677;9.90935
3.6878;11.3083
2.76942;1.40065
0.932674;1.66498
6.0991;3.53328
6.21524;17.6956
1.05028;3.4502
6.88142;11.4313
6.66175;6.81699
5.811;6.50306
3.19277;8.7345
6.61837;15.437
6.64812;13.3026
1.2933;3.01461
3.34471;16.7938
2.22682;5.32296
4.35157;11.8292
8.31565;14.242
6.61495;0.496648
7.95348;7.4281
2.01496;10.3374
3.56187;6.13048
6.89382;2.88656
8.7809;9.11115
4.85178;11.1838
7.8071;16.0891
0.959152;10.8509
6.76307;15.2146
3.07677;16.1127
0.11458;12.843
7.45326;4.6828
0.0829554;5.60966
8.25602;16.7972
0.925816;11.7419
8.64693;17.7586
0.585022;3.32378
5.04802;8.29377
4.72713;5.88368
5.59017;9.01606
7.49742;2.88389
1.09993;12.609
0.48649;4.11816
2.72999;14.4991
0.666358;11.6135
6.30593;1.56188
3.22823;9.51837
3.12234;6.62238
7.56401;4.75673
2.7098;16.9797
8.24934;4.71345
8.36913;17.6687
4.01862;8.83429
3.98125;17.4915
7.35899;1.14283
4.25378;11.7128
2.01336;10.7074
3.16092;4.9997
7.41279;11.7818
0.749407;16.1583
2.69767;14.1107
8.86008;11.8518
2.81452;5.96485
0.237099;2.75707
5.36079;5.89379
0.868362;9.22024
5.30362;0.474978
4.44448;0.644468
4.65463;16.8515
0.0679792;6.02724
8.99714;8.64351
8.87002;4.021
0.675461;6.06189
4.51035;16.1765
8.92186;10.5195
7.1674;5.23906
3.31509;14.055
8.54544;12.2592
1.0099;17.5651
7.50814;12.7414
2.72943;16.753
1.98081;16.0661
8.61399;12.8506
8.35529;8.53725
5.85102;16.8465
7.28224;11.6963
3.74502;14.3045
7.85865;8.84096
1.18321;6.738
3.50873;2.21014
8.62876;3.35225
3.7246;5.88769
8.7036;6.54008
0.0734509;1.42701
3.05258;15.1632
7.08419;11.564
6.95809;0.13001
4.81507;13.1442
6.4903;8.34071
1.84071;6.68262
3.59362;0.245906
0.189468;14.6773
7.27522;16.0962
2.75912;16.9169
2.41712;12.5357
0.563497;4.09176
7.94398;8.5762
4.98972;15.2952
7.55814;10.1264
8.36109;3.22144
3.64477;12.8906
7.39274;3.20572
6.51029;6.41561
8.17494;8.00117
7.37816;2.0313
7.3419;3.94356
1.1386;15.0627
0.310421;16.8276
6.57949;6.13909
7.87225;17.9932
0.337397;16.8715
2.04249;16.5628
3.72385;14.0644
6.92896;4.56397
3.09539;12.5801
3.89271;13.4803
3.73534;4.57089
8.34302;2.49126
5.49325;15.0359
5.24622;7.74282
8.53361;7.17623
5.84319;1.34442
2.11948;12.3072
0.0860338;17.3979
0.223155;15.9166
8.69558;1.1211
7.39403;3.47615
8.84193;4.23576
8.77029;13.5418
4.39986;5.73137
4.06094;16.5851
0.605847;15.5926
1.57802;17.8977
0.0419083;14.1425
7.46683;10.5762
1.94268;14.0009
8.87624;15.5717
7.67265;3.99144
4.93948;15.5174
1.69469;10.3253
6.71697;2.78054
5.72318;10.222
3.12834;11.1302
7.22888;5.79727
3.336;5.25749
5.76432;14.7939
1.92131;12.7403
6.19322;6.99866
6.31904;12.4703
1.5706;9.57172
2.52325;7.02655
2.7863;4.79898
2.29914;2.91789
4.39521;14.4772
0.217624;12.1798
3.40125;13.8692
7.48017;0.248867
3.04559;3.21702
5.68955;2.54893
4.50715;0.0510923
3.90321;2.54294
7.42249;11.649
7.64164;9.23142
0.323855;9.92136
1.85084;3.7889
0.74654;8.74818
5.40773;7.06567
6.77358;15.4137
4.99178;4.33758
5.94548;10.4188
8.25869;0.693465
3.14399;13.4777
0.471166;12.3792
8.34737;12.3214
7.46405;7.70903
6.18626;4.73451
5.12599;9.21749
8.19178;7.53526
0.224454;17.0313
8.72831;4.15058
1.41009;0.949697
6.44938;13.6356
4.00769;8.44593
5.52468;17.9989
6.39176;4.94032
5.20887;11.3009
2.81689;16.7057
3.3893;6.57612
5.54245;5.47334
0.448772;8.01299
6.59119;13.2701
6.37375;5.43435
2.24378;11.1311
6.4848;4.93646
5.08117;12.4262
4.54352;12.9825
6.68796;3.98581
4.30907;3.39129
6.21587;1.66749
1.69511;7.21525
3.30391;13.808
0.258072;12.2416
6.25684;7.29475
0.408865;5.59858
6.38405;1.71527
6.80578;7.95046
7.49267;8.35907
6.6924;1.47289
0.745064;8.35441
3.20467;11.6525
1.39032;15.4964
3.31749;16.1565
0.741099;15.2531
0.773918;13.9139
8.4603;4.93805
1.56459;5.52842
0.373007;3.64533
8.88501;13.2597
5.47004;0.587759
0.429138;5.70817
1.15152;14.4698
6.82931;17.2884
2.41445;9.04344
0.380628;6.31904
8.69892;7.1706
8.98575;2.17848
2.3335;6.60647
0.167513;6.14919
1.92979;1.88286
1.03156;2.78018
3.41046;5.19231
4.1543;7.56693
4.41882;8.07863
1.41331;1.77771
4.33319;3.68491
3.74294;10.9694
0.0773738;3.14451
5.1289;4.98365
6.09397;11.019
5.65135;11.5858
0.0948242;11.2742
6.88213;4.85664
8.94033;14.0993
5.50291;3.74023
7.99108;13.069
3.26021;4.80307
0.130629;14.829
6.185;9.09889
2.45382;15.1966
5.4383;13.574
0.44077;0.362485
3.27173;1.03629
1.7535;16.8012
3.00997;15.6949
4.91015;17.3226
4.64036;10.0099
5.29841;5.045
7.43329;10.4775
0.572147;7.87241
7.10886;17.1265
1.47068;2.73813
1.96476;3.20262
8.78357;16.2995
6.15075;4.47478
6.74808;5.17811
0.0244058;14.3777
2.7703;6.59226
7.707;9.04759
2.69675;3.43393
3.37126;15.2138
1.37828;16.0233
3.61187;13.3534
1.53413;4.09032
2.91543;4.21255
5.98136;2.04858
1.6695;14.9041
2.39335;7.26853
0.053347;4.35384
2.78403;12.4082
4.41431;1.06422
8.79316;8.87743
7.72096;5.12692
7.73485;12.8559
7.08725;2.86321
8.14493;2.91704
0.038502;1.04642
0.470148;7.30074
7.1999;4.00855
5.69553;2.23067
4.11055;5.35378
2.13962;11.5601
1.12893;9.06595
0.414316;2.36455
6.70989;6.39669
7.38638;4.24841
3.73046;14.3591
6.56292;4.90284
0.742994;10.5955
8.87938;15.6605
6.72937;16.0486
0.288766;13.5357
8.54751;1.51783
1.41825;13.4948
2.76319;14.2275
7.86275;13.7475
0.790664;2.00475
3.65379;3.83919
5.53535;8.13622
3.10187;6.49048
7.26645;2.9765
5.36945;3.99382
8.66778;5.86474
4.44833;0.821555
8.23014;8.65542
8.24102;11.919
3.35201;17.0596
3.72739;5.79905
0.288704;10.2913
0.646941;6.10379
3.25941;17.0194
0.925634;8.10014
0.512063;9.15885
5.96966;12.0948
8.64753;0.143066
0.292652;13.828
1.55978;11.3242
8.9109;2.45513
8.59447;8.71846
1.63834;15.6492
8.68694;1.75873
4.78412;6.07791
0.409158;17.023
5.93848;1.39572
4.65713;13.1708
3.74976;15.8331
6.09511;9.35078
2.96661;13.2143
0.254816;17.8725
3.65458;17.8047
0.00780258;7.89447
6.81634;3.13517
0.609334;13.4545
2.79515;0.407603
2.08647;8.86698
8.02841;3.54682
5.31286;7.62505
4.81236;11.444
3.32402;3.50168
6.41988;15.9623
8.33626;2.33926
6.89769;10.8627
5.84502;1.7286
3.03854;12.1997
0.80057;13.3862
6.00219;1.61675
1.64036;7.63705
2.37596;4.49939
1.54577;10.3422
2.45349;7.26447
0.604593;2.9638
5.40564;11.8349
5.29442;2.43601
2.63946;17.2369
2.96885;0.118681
7.59961;4.61021
1.22897;10.9946
7.73647;14.148
6.3616;3.55003
4.17383;14.3243
8.46814;2.35204
7.97054;2.217
4.99454;2.693
3.35819;13.0806
6.5176;11.6234
1.17254;14.2444
7.29359;13.1564
4.03965;7.17603
7.79619;13.3582
3.20646;3.53008
6.73845;3.61214
4.07015;15.9348
7.30337;5.61324
6.04142;9.32993
4.58164;2.43049
2.82714;8.09955
2.39127;3.59536
5.15827;14.7716
3.14418;17.0329
4.92612;1.32357
5.32815;12.1973
7.78398;7.24348
3.67685;5.64725
7.20975;4.94609
0.502737;2.83243
4.23809;14.4824
3.22228;16.6165
6.20861;3.0513
2.11485;6.50006
6.19062;13.393
4.46528;0.0355109
1.74626;13.7131
1.81544;13.8091
5.24235;9.91923
6.421;2.33694
5.6214;5.49831
7.26713;8.81076
6.3709;3.88797
7.22901;9.1613
4.41703;15.4635
5.99687;17.3102
5.97293;0.438298
7.96335;6.36309
1.7448;2.1564
6.43157;15.8708
7.77469;3.7937
7.95317;1.04191
8.75339;1.53722
7.42549;9.99148
5.72823;9.69299
6.16421;4.69925
7.59565;8.86267
6.75501;9.93309
6.37532;9.96803
0.547196;3.5847
3.71576;13.0881
1.44746;1.37739
6.76321;0.821624
3.87024;17.016
1.48901;2.60362
7.44343;0.527408
3.19866;12.7932
0.784658;5.9041
7.16521;16.4203
7.94779;7.78687
4.05664;10.224
6.24306;5.30459
0.543328;7.99614
7.61884;13.8373
8.98208;16.3321
8.711;7.39569
5.7101;2.31692
4.38654;6.94661
1.56927;16.5136
2.98132;6.11657
0.558592;2.84948
3.32199;7.5145
7.82134;8.2133
6.7093;11.9731
3.3168;11.3142
0.87998;14.7469
1.76908;14.2461
1.02574;4.62481
2.12111;17.2892
0.231053;4.20639
7.81061;17.8841
5.80104;9.04142
1.10051;2.37516
7.99401;5.33957
0.44436;3.95066
5.72807;2.00591
3.40007;0.100122
4.7602;4.44282
4.15671;4.93901
8.20796;14.947
8.12659;0.175873
5.84695;1.79133
7.21098;13.7454
3.20807;0.664169
6.51726;6.87824
2.43528;10.6557
3.38117;16.4726
0.848582;8.96337
0.423896;17.6852
7.15147;1.73651
1.81793;7.75907
1.87121;10.436
3.9296;13.2628
7.43941;16.1726
0.100918;13.2947
6.55982;16.455
6.7353;6.81353
0.123173;9.89255
1.27945;6.66248
5.27836;15.5934
6.77036;15.4273
4.12459;2.30307
6.94995;9.94634
5.63322;14.7477
4.81576;7.56937
8.24211;13.2674
7.66422;2.22663
2.85169;5.18764
7.74473;2.58218
1.68013;15.6913
7.93845;16.4799
7.07315;11.3475
2.64671;14.3927
1.62003;7.85232
1.52757;13.7968
2.72287;16.5959
5.61202;13.6949
0.44947;7.12395
2.82063;12.1654
1.93583;15.2728
0.867376;2.35586
5.27008;17.0632
2.29125;16.2435
2.12542;2.07195
0.412857;7.6111
8.88162;16.7026
3.0455;13.9095
5.02506;11.3844
5.1511;13.2902
0.618364;13.3573
4.54348;6.68247
5.9766;2.31101
1.18869;12.8521
4.71748;8.01864
3.50876;13.3066
2.64571;8.75228
7.83124;15.8316
3.90774;2.24497
7.03756;12.0663
2.15846;14.9008
0.83871;4.08016
6.80173;7.76841
8.99485;5.65358
0.576409;10.2919
0.471884;2.38955
2.82462;10.0307
4.53601;17.6025
6.17087;11.4494
6.2273;3.77671
0.734026;1.47212
8.54167;6.75948
5.1122;14.7458
2.29553;0.039875
8.49539;0.666175
6.0531;3.30771
7.7835;13.7836
3.69393;11.1705
1.77601;7.37758
8.41202;4.70484
8.83474;17.7678
3.54719;5.31874
4.89927;16.1664
2.46059;4.14028
4.80791;17.3758
3.9585;11.0839
0.423954;7.00033
8.92167;11.0723
1.87307;4.4344
5.55609;2.73693
2.55029;5.21838
3.02232;2.66758
0.500995;13.4325
6.91902;4.55401
1.40504;12.6621
4.62943;2.47958
6.21494;16.3532
3.89916;4.22843
7.25983;12.7195
4.18436;6.13547
6.04764;16.2857
8.60967;12.9432
2.64302;17.0627
3.00775;9.03218
1.74854;17.1277
5.88455;8.59766
2.17303;17.8137
5.63262;5.34805
6.62313;7.10329
4.95103;16.0563
0.882684;1.16092
0.267961;14.1953
8.75708;8.33423
0.211841;14.0338
1.52687;8.79239
1.08464;15.149
3.53905;1.38862
5.04611;12.3641
0.22565;16.1077
1.69816;3.94838
7.61771;15.1654
6.27302;1.58148
7.48959;5.8113
3.46476;10.2254
6.45729;16.8316
4.14089;14.68
8.99626;8.81769
5.43761;17.5067
8.57596;11.2989
6.77025;2.20566
1.04564;15.7098
8.67734;9.16939
8.5492;9.44691
1.76676;17.5497
3.77732;6.92983
1.74904;4.79004
2.04763;16.0441
3.18576;1.07443
1.92771;13.301
5.64993;16.77
6.06632;1.58163
6.72499;12.1252
5.19966;6.32518
5.81592;9.55125
8.81204;7.17233
5.87845;1.71536
2.44106;11.1116
5.44237;3.98051
1.27925;14.4183
1.76511;10.1131
1.67405;7.02829
7.45159;7.44336
2.53621;3.2747
4.25889;8.92785
8.28787;1.81764
3.84893;10.7084
1.69963;3.14784
2.41677;13.7986
4.73651;16.4654
2.67492;9.0971
2.81886;17.1067
5.40623;10.5198
5.10917;3.69721
7.25017;12.7768
0.0577418;0.0305585
2.44499;3.46359
3.52943;1.79316
5.45348;12.1313
2.53393;1.42474
1.52957;3.6436
1.62119;10.757
7.17599;6.64165
6.95242;1.18553
1.22012;5.37787
8.82546;7.79007
7.23748;5.28863
3.44841;7.28743
7.90423;17.1152
5.49232;12.3088
5.946;11.1001
6.16969;16.782
7.28186;1.39822
0.287566;7.47067
6.76475;5.64298
4.4477;16.5886
4.64329;12.1378
4.67282;5.63857
0.389721;5.25048
3.41205;3.21968
5.31417;6.47501
5.50488;7.10331
5.88182;17.9066
7.19537;9.57211
8.51086;7.37539
1.94046;10.9137
0.237758;16.2203
4.84785;15.0392
8.80926;10.2708
2.25495;13.148
7.95691;13.4053
5.86833;7.2004
3.77155;3.0823
6.41948;8.32254
4.16639;1.66306
5.77111;0.961121
4.06904;4.55198
4.03222;1.90173
2.22927;4.45518
5.73692;3.48027
5.91528;15.3548
7.197;12.3061
6.78753;6.08969
4.67266;13.1936
8.18026;13.8552
4.17081;14.2743
4.63026;2.07828
1.73737;16.8036
2.58029;16.3137
3.56308;13.4934
8.98838;0.668392
7.22724;8.11484
2.61018;4.51891
5.00828;9.67892
4.48704;3.49041
6.5796;2.80465
0.422588;9.55319
7.55537;14.4202
7.82144;6.45605
4.80692;14.0034
1.15563;17.9554
5.13887;11.5718
1.01686;13.7525
5.18771;7.1943
6.03309;17.5016
1.34382;12.0429
0.0849893;17.1421
1.07889;5.39035
1.83051;12.1744
7.53463;12.6351
7.83238;10.2285
7.71988;16.5099
0.890821;12.5505
6.46509;17.4245
0.503269;4.54401
6.71396;3.3178
2.24973;5.70567
7.4448;6.53318
0.729071;7.26501
6.86374;13.5243
3.3833;16.4151
3.78363;6.93658
7.77862;9.72504
6.16346;1.21827
1.94969;9.39619
6.92669;1.56415
0.812324;11.2931
0.0370418;3.40629
2.92181;13.0043
1.41541;6.85017
8.77413;16.2587
5.08399;4.04772
1.9822;7.05757
5.29045;5.42254
7.16129;6.30837
0.473431;3.08918
2.36175;8.51412
5.01288;2.28073
0.119579;4.35268
1.7495;4.13855
6.87444;17.3524
2.85135;15.3735
5.32276;5.77678
0.389906;16.4892
0.390519;3.61062
2.66966;0.329305
0.934679;15.5073
2.18851;5.83376
2.28243;14.9579
5.62815;0.887438
1.63314;12.2032
1.98831;7.98978
1.35864;14.0024
5.13526;2.95644
0.177529;13.7695
3.54749;14.1039
6.56095;12.7977
5.73873;5.76743
0.287232;12.2573
2.12829;1.3555
7.93394;9.5959
0.842404;17.7372
3.55159;6.06183
2.7855;11.668
1.50988;16.8273
6.27774;6.28604
5.51524;16.5321
7.13791;13.7478
6.26724;6.54634
8.3521;12.8895
1.15793;5.7992
4.49673;15.4378
0.298441;2.47093
1.60259;1.17134
7.3641;7.46176
1.26342;12.5961
8.52883;4.21166
6.16667;6.16085
5.13674;17.9043
8.91445;13.2932
8.36583;12.3844
0.78964;9.76213
5.45824;15.8551
2.75495;5.45096
2.20072;4.21411
0.17025;6.71729
5.00665;9.33397
2.07753;10.6102
5.90245;7.36024
5.89076;8.53309
7.411;14.3084
1.56459;13.8797
0.260015;15.4625
1.02026;10.7935
7.68342;1.86941
3.04338;14.0985
7.1269;7.66604
2.93031;7.17028
2.76057;11.3705
6.31062;9.92257
7.79232;12.9617
8.31993;7.59793
2.14786;2.79492
0.104058;16.1006
5.07758;11.9896
3.31685;6.97716
4.14901;9.76286
1.42841;8.81805
3.61268;4.89733
0.805785;4.59221
3.38337;7.69833
0.34535;3.02053
7.68218;6.55133
5.0954;2.8855
8.96093;4.81205
6.40404;15.5065
8.8869;11.4479
2.55221;4.0695
7.12143;5.31253
1.08505;6.39801
8.65109;8.8038
6.68758;7.6002
0.283332;16.232
8.20912;7.79203
1.56466;0.0298186
6.19212;9.89605
3.86407;13.0749
6.45829;5.09251
0.813129;5.10738
3.989;1.54811
4.95972;2.78607
8.5273;9.69323
7.11701;4.15901
6.88137;10.4769
4.73577;15.9328
8.43744;8.77372
3.36832;12.2501
8.18696;7.30331
5.24102;14.7922
7.54767;13.6114
7.41099;9.47957
2.7537;4.55013
2.27725;0.423977
4.82132;6.18076
2.76568;17.6206
3.86443;15.4508
1.20336;6.78346
3.57201;16.6407
5.47123;2.90676
4.5588;2.41401
0.419801;7.99248
5.59386;7.57625
1.12127;9.56165
7.43978;12.7246
3.17691;11.9749
4.16797;3.1758
1.72723;13.8433
3.86296;8.00895
7.13365;17.3686
7.09485;1.79867
8.4946;3.91858
8.62473;1.39592
5.35102;6.39349
0.018321;3.6445
4.65013;9.15424
3.02926;10.1399
8.57336;17.2462
8.85805;1.38926
4.40394;14.5957
7.05692;15.1617
4.28527;4.44977
0.16875;12.025
0.146551;8.06343
1.01697;14.5604
3.716;16.2237
8.17954;6.42119
1.07112;15.6085
3.90855;12.8443
2.00102;7.85375
8.24438;13.3023
8.504;4.54728
2.72107;16.1547
1.89676;5.15825
8.77199;12.6014
0.876954;13.6578
4.88156;10.3245
0.0537925;10.1006
2.17472;0.400688
0.0820245;6.38339
7.48055;7.59604
2.30353;13.3202
7.00862;6.74928
5.46436;3.83434
0.796774;14.9308
5.84405;0.0823171
5.11653;10.6961
2.3148;15.6752
4.4254;8.42313
1.41673;8.39477
1.51227;4.58737
2.02629;12.7877
7.45591;4.16017
2.44414;1.26127
2.28043;5.05233
3.82233;1.52196
6.32419;12.2517
7.42107;8.66561
0.500498;7.77087
6.24998;2.59454
2.35082;6.18804
1.33843;14.9347
8.44206;7.30646
6.30495;7.73492
7.86479;15.4434
8.06485;0.754134
1.01537;2.18228
6.7709;16.9426
3.17123;0.430082
0.101921;10.9033
2.74121;7.84851
6.21263;0.130789
1.05011;9.2674
4.3982;3.10122
8.51913;3.29635
2.84788;3.7399
4.7422;8.37262
0.3373;8.36852
7.83954;13.2845
8.05172;13.4087
5.36394;14.2331
7.0814;12.7586
8.20771;9.7046
5.8506;4.75787
5.06734;11.905
7.83059;15.6171
0.876777;10.0864
7.87394;3.85378
0.676923;6.54429
3.4775;0.392115
4.92032;12.6508
2.06601;1.32503
1.51169;4.80662
4.84677;0.702459
0.0455646;7.79699
7.05557;10.819
2.01506;10.2739
2.78882;2.44554
0.989269;17.2789
3.60171;12.1132
5.59195;4.86459
4.86516;12.9375
7.47552;7.47821
8.39562;16.3049
7.01125;5.74623
8.3485;5.86313
0.19849;2.82902
3.59408;3.42036
3.81782;16.8817
2.06141;7.72676
3.33935;0.233947
0.27289;10.7088
5.25394;6.12343
6.57718;12.4864
2.70114;2.35778
3.29982;16.5862
3.61119;16.33
5.76182;4.17341
2.90409;10.3149
1.23915;1.83068
8.03055;1.17529
3.84691;16.4581
2.00215;14.882
0.939216;11.6399
6.88184;6.00125
0.683353;2.44237
3.1176;1.91248
6.5756;16.7431
4.01796;8.30556
5.61475;13.4382
5.33167;17.8291
6.01219;17.8857
8.07956;5.54801
2.02956;3.96729
7.93144;6.5374
2.89899;13.924
3.85635;13.4918
6.19102;11.717
5.18688;14.2605
2.67847;6.13744
1.13086;6.72364
4.28991;8.49692
4.31806;3.731
3.62;16.672
6.01828;0.469491
6.05512;4.69989
0.149317;6.13461
2.2928;16.4577
5.84131;8.64471
1.21252;9.54549
7.59106;8.22301
2.73473;4.8948
1.8574;17.8515
8.3059;14.0886
7.05599;3.96873
1.113;16.3737
5.34619;10.8058
3.43531;1.3285
7.26841;14.1106
0.000271393;8.57337
7.29006;12.1108
6.63663;14.8787
0.12269;17.8589
6.66825;11.928
4.25178;15.7615
1.73675;5.68567
2.99227;8.94296
5.29024;9.69935
4.39723;9.19227
2.89396;4.90646
6.5805;8.01391
1.64008;5.85338
0.409863;10.1508
3.59094;15.3565
3.13071;7.18243
2.96495;2.84153
0.646602;1.20317
8.86014;1.53859
0.531012;13.0568
6.73329;9.56559
5.40915;16.9401
7.62563;16.8028
3.94152;7.83174
4.2511;16.6775
8.512;14.2901
1.79198;12.185
2.15201;6.86412
0.0192002;5.12374
8.50746;7.22029
1.24014;5.27633
7.20136;8.41019
4.05893;15.6959
4.80668;7.83813
8.61725;10.6754
1.44745;12.7011
1.12049;13.7132
5.82058;17.4922
6.25802;1.5242
3.66198;3.01823
0.100848;6.34798
8.65417;3.78565
0.266497;3.61235
5.32489;0.571394
4.36805;9.66469
3.89584;11.2164
7.47051;4.1944
0.813284;5.05887
0.945162;11.2399
6.4485;1.12483
1.95766;15.7919
6.91296;6.15628
5.75254;7.46709
2.82426;6.02113
4.49564;12.9725
4.51968;9.19298
0.66023;8.34769
6.48932;1.85345
5.98002;5.62841
1.21242;2.69613
7.64655;10.2165
6.95625;12.2341
7.20546;15.5391
8.64649;16.3013
4.3895;12.19
8.71304;12.6943
4.99094;13.252
0.425299;3.48697
1.35955;6.49911
4.75405;11.7104
0.735797;0.547453
1.45168;2.79205
4.44757;15.882
2.32275;2.85518
1.75521;7.07035
2.77565;0.803506
8.64344;1.46382
6.51881;13.6978
8.50145;12.3306
5.99953;7.7819
3.26029;11.4252
1.23811;16.5025
3.33858;3.32681
0.994722;9.39626
4.91296;11.4975
1.55332;11.2975
6.0225;6.01001
7.04478;2.94014
1.94601;0.735075
2.89766;7.40243
3.90271;11.3466
4.10297;7.09231
6.40522;3.24355
1.39506;11.8133
7.78707;14.7892
0.797616;4.09474
4.10717;4.07144
1.2986;14.8915
3.69913;4.58665
3.14388;17.2242
8.0421;9.3944
5.26085;10.1292
7.70221;6.61126
6.53466;1.29643
3.67317;0.864642
4.34943;15.1518
6.10563;16.9048
2.12204;7.02171
1.07417;7.0342
0.41752;17.7225
1.9117;2.43027
1.90861;12.0377
3.25086;6.41443
4.46462;13.9
5.50054;15.217
6.56207;9.08528
3.3057;5.64584
0.607236;4.01582
6.12855;14.2838
2.65612;1.60344
7.57422;14.0111
8.3776;9.35971
6.45795;2.99928
8.19071;15.0642
5.01674;17.2165
7.39336;13.8569
0.823361;0.603943
3.94731;8.14844
3.50919;16.8239
2.0242;0.0194617
7.02043;17.1726
4.55237;2.65226
2.4092;10.3192
3.33404;17.0755
3.30151;11.9803
0.339467;3.75146
3.99571;17.4341
6.55558;2.90731
1.21671;11.4926
8.98577;12.4669
5.35451;14.7583
4.1619;12.3558
7.6811;16.2184
1.25209;4.38058
7.52113;6.55259
2.20002;11.0831
2.86257;13.5048
6.86769;10.5435
2.912;2.40346
4.80952;12.427
7.19189;10.298
8.08924;4.3752
4.86605;11.2896
3.64126;12.1655
2.39111;7.25406
3.31622;15.4913
2.00616;14.9562
4.9235;1.37453
6.58732;12.3512
2.87756;10.2169
0.451892;10.1552
1.65002;6.62893
2.82997;17.0354
8.58624;11.4839
0.719436;8.79151
2.95548;15.8227
0.544738;4.08944
1.09893;10.8216
7.68954;9.48037
2.49356;2.16131
8.36721;11.6196
8.82628;2.74675
4.28789;9.49956
2.06064;3.75043
1.92537;9.87639
6.98367;4.75453
1.01577;17.2674
5.69173;7.69149
8.15139;10.5559
0.587719;17.7417
0.67372;7.0864
7.78215;2.43692
5.58792;17.7622
6.62925;8.55493
4.62126;0.245619
5.35812;7.97695
5.93259;10.3688
5.36185;2.44097
0.934178;14.845
3.0957;5.7191
3.36069;2.15874
5.23682;8.75292
0.713053;3.8571
8.22221;17.7289
7.20652;17.6199
8.73527;15.7605
3.35313;15.0349
0.0986928;17.8821
7.39851;13.4559
4.21852;6.03954
6.85075;1.15328
7.00824;7.56668
5.76104;6.74019
5.00383;13.3904
1.79259;16.199
0.554768;10.3065
0.178892;11.5832
0.529736;1.78389
7.72014;17.5039
0.756391;11.8533
8.56187;0.983329
4.80689;5.83
8.00909;9.81116
2.85605;12.8152
2.63352;14.1491
0.427366;0.96855
7.65121;14.8712
4.26762;8.82449
1.8057;0.542885
2.10746;7.19658
8.37097;5.32446
8.75156;17.0997
8.45382;0.562598
0.441805;14.3479
0.0332431;2.39639
4.1006;17.1902
1.68986;17.815
2.51012;1.3979
4.81307;10.7323
7.10655;14.8932
3.44074;15.0678
7.93086;4.1839
5.96952;6.39696
6.5042;15.5505
3.46992;17.2233
2.37352;5.68178
2.27389;4.25017
2.39075;3.45542
2.40638;5.66511
8.90166;4.87925
4.03075;8.00453
2.03474;11.4412
3.90975;9.08971
6.41956;17.4456
0.911023;9.05222
7.16941;8.70353
3.06002;12.2005
6.44371;0.0590988
0.298755;7.89582
7.80478;7.53736
3.55957;2.35659
6.60957;11.6669
3.30338;0.000635793
7.56117;11.4195
2.83287;14.9257
8.14939;13.7272
2.4651;2.36825
3.58423;12.7497
5.72898;2.00759
6.09768;13.28
5.5299;8.53418
1.99177;17.1799
1.36736;16.871
8.61948;3.33224
3.38339;14.8485
5.4348;13.8859
8.60255;6.08873
3.77642;5.81187
3.04468;4.67519
8.61569;11.7551
0.800429;15.5302
3.74118;6.53106
8.94921;14.6508
0.640386;11.3564
8.3292;13.4761
3.31819;9.71821
2.00515;10.6199
4.44903;6.74503
4.74543;8.13702
5.03863;16.2576
2.49276;2.94686
6.07178;4.19063
4.51779;1.6964
5.00125;15.125
3.18579;9.23389
4.44003;7.97245
3.38202;16.3624
7.25175;6.66246
6.50662;15.7843
0.00941579;11.6716
5.6302;6.65521
1.69492;15.2707
8.63756;12.2879
2.00787;8.76598
1.21247;14.093
3.51181;7.41046
8.51994;1.16719
5.80055;8.07546
1.43179;3.60359
2.60021;9.23518
6.41874;14.0805
8.60381;1.60153
6.22145;13.7111
4.132;7.45614
5.74771;8.28282
0.563888;4.75582
7.46902;4.51763
1.01327;14.2131
8.40277;6.04228
2.48957;1.23047
1.06765;12.0028
4.32047;1.17517
6.58497;2.24203
4.62532;16.0335
2.92281;14.4511
3.63436;0.683106
5.26577;6.47634
1.14232;4.97443
1.09374;10.5486
6.21528;13.6829
0.415724;13.5583
0.219353;15.7695
0.0379858;2.46524
5.99131;16.8815
4.25376;16.9618
0.0559913;10.6428
5.48226;8.75292
5.90899;6.13447
5.49747;3.06862
2.084;16.8406
8.75983;11.4367
8.76184;10.0512
8.95653;1.80831
7.51282;2.10053
6.17847;9.45621
7.89171;13.1884
2.50728;16.2221
5.47893;5.09052
0.343683;4.94049
1.98602;9.19489
1.95113;4.08402
0.918852;14.8668
6.41847;13.6557
1.50062;5.83188
8.36215;7.16926
2.33622;16.244
0.302989;4.19612
4.14759;0.519039
3.00221;5.32081
1.30979;0.361362
7.38851;0.402992
6.77487;1.79157
8.31256;6.50761
3.44105;17.3125
5.72405;10.8541
4.25369;15.3504
7.46907;10.3451
6.10857;9.77508
3.00038;15.2184
7.80348;4.72507
2.19382;2.2794
1.48452;4.99361
3.23776;11.2642
2.75632;12.4799
8.29252;8.13222
6.42065;13.3621
4.26761;8.39105
7.57681;7.16033
7.44933;4.03572
3.23641;8.34676
7.44492;14.9802
2.84856;11.828
3.66263;17.9142
1.80154;13.326
7.56631;1.21003
0.0255476;1.52026
1.74472;3.02014
3.25693;9.96496
7.14218;12.0265
2.22245;12.8694
1.07937;17.2862
4.11572;10.694
3.83863;5.38506
8.92714;4.57593
4.71039;6.3271
6.46134;6.31063
1.65365;0.619799
0.069312;10.6326
0.267021;3.7417
2.97929;15.6667
2.47587;6.00968
8.59346;8.44117
4.51491;5.70078
0.203062;5.31417
8.86365;4.85103
0.0917812;1.88604
2.06862;8.415
6.28999;11.8145
6.90003;12.4343
8.19521;5.22085
0.380689;11.3131
5.76574;4.06867
5.96646;11.6701
7.35061;12.467
7.7059;2.65981
5.06681;2.36353
4.33474;9.32053
5.40235;17.6993
7.51066;11.2108
2.50674;14.7486
8.03093;5.19703
8.31733;2.19909
6.80602;11.2146
7.00679;9.41211
2.82446;12.404
7.31648;6.41029
2.85856;8.16443
5.23948;17.65
0.917266;7.18019
6.0585;17.2463
4.92;4.25061
0.804934;0.509481
6.78557;12.4146
0.10439;10.5925
2.8127;5.22225
3.67054;3.68725
5.20964;5.97572
2.94317;6.03133
8.59518;1.89992
7.72172;4.83928
7.15197;12.0764
5.62479;2.02107
1.12041;3.72854
0.835552;4.07535
5.45437;13.7881
1.66084;2.74873
0.0193506;4.93155
1.6291;13.6098
8.67306;3.46699
3.10115;4.97151
4.34462;13.5434
4.32938;1.10853
0.759547;14.5451
3.56993;0.709462
8.22251;4.58329
2.77437;12.749
8.32984;16.7983
7.38501;0.900492
1.26343;16.4411
2.48792;13.4356
6.11461;8.29752
8.09217;12.2679
6.61454;1.44254
3.93888;12.5752
2.45477;14.0801
8.77335;13.5988
4.81172;8.20547
7.35365;11.1425
2.37528;3.84717
5.92599;3.19559
4.21523;17.4007
7.97227;7.09013
8.09953;12.7146
3.99531;0.725928
5.57785;12.9665
7.08077;5.38492
1.63199;12.3459
8.82642;16.4931
6.8942;7.5306
5.53413;0.697936
1.80533;10.615
7.14836;13.2341
0.410216;11.004
3.18831;5.571
7.42559;0.228606
4.38329;5.28164
8.81467;6.71113
6.18588;15.8284
0.71285;2.36239
8.27716;12.5814
7.66443;12.7159
8.98316;0.592843
3.53086;17.6192
8.54295;2.85012
3.57488;10.1542
1.77403;10.7604
1.38456;17.8448
2.99726;3.58955
5.42439;12.3711
4.58028;7.69997
6.29987;17.9271
6.49081;12.2291
3.31913;7.35338
5.02874;8.06397
4.85789;8.61181
1.32268;7.04463
1.66383;2.61168
3.81874;10.3894
1.11542;6.72338
6.61975;9.38059
8.43877;16.7876
1.07051;1.64665
8.31617;8.13553
2.6181;9.48113
1.25333;14.3968
8.59055;15.1064
7.16195;12.1627
4.66775;2.96217
0.758046;1.39298
5.51307;11.2319
5.00239;13.6715
0.138247;13.3324
8.14159;7.91396
2.86092;0.51401
7.31867;0.961343
4.9473;13.5149
8.87446;12.0356
7.58076;16.3812
1.08557;2.39774
3.93119;4.6778
8.39725;7.04348
0.892108;13.1184
0.603095;11.1197
8.04028;2.72228
6.25634;9.1067
6.97707;4.51747
2.3891;14.2306
8.92496;3.06138
2.0723;5.57175
1.78769;0.781944
3.26655;13.47
7.14841;6.28201
3.7528;11.4583
2.33163;9.67673
6.92804;12.5256
7.17727;12.6506
0.784556;16.1388
3.88449;2.7753
4.62923;5.84954
2.74879;3.77115
7.47812;1.45173
4.14431;1.73443
7.84118;8.13854
2.3979;1.82697
6.85515;8.37119
1.30446;2.24339
1.92059;16.9057
4.2627;11.3468
5.18204;13.1887
1.51175;6.22017
3.85715;17.378
0.435376;9.2834
7.75839;8.63973
6.02935;6.77524
7.24463;17.5563
5.27319;11.4455
0.504009;0.835006
6.58996;16.6904
4.48677;17.9757
0.258681;4.68384
4.17346;3.12628
3.46361;12.1881
1.01601;15.4526
2.76743;12.3961
5.32064;8.55835
0.308136;0.355571
3.96819;1.48702
4.81949;5.45316
5.06338;3.69768
6.1142;6.61602
1.62699;4.77478
0.0307584;4.26199
2.80489;13.2414
1.47619;14.5833
6.60859;3.46974
0.633585;3.5641
3.29801;8.1944
7.8761;8.62803
2.82351;3.28705
1.51207;16.2883
5.9227;3.64041
8.32194;1.78178
2.56371;8.28285
3.61747;15.2542
5.99027;1.46333
1.9351;15.2345
3.11906;3.93172
0.748245;11.8479
8.58658;4.44887
4.21562;12.3903
3.9593;9.6984
7.97722;14.5146
8.9464;13.7066
2.57133;5.53982
8.49684;8.16679
1.91406;10.8391
5.9036;2.47199
6.31043;16.9346
5.37742;1.85579
7.0944;4.73537
1.65956;0.0590101
0.984937;9.55723
1.99536;3.46636
1.70257;3.16389
3.95761;11.8364
7.77712;15.8338
1.76738;13.5087
6.17423;3.42756
4.60765;17.4911
4.48369;8.20898
3.82895;12.7955
0.524029;1.4651
7.63374;13.6689
0.199862;8.02233
7.76235;14.5885
6.37885;0.843833
7.32377;14.7276
5.20053;0.638271
0.0969698;13.8062
1.90108;8.10917
3.82128;1.35639
2.9715;11.1773
7.43253;0.291462
7.30244;6.08036
8.89129;5.57226
7.14467;7.44048
0.183877;15.3374
4.45279;15.6352
5.50316;9.3053
2.82879;8.53103
2.94692;0.415278
4.68743;2.54138
7.57143;1.77593
1.58982;15.3368
7.79106;6.98181
2.72298;5.22469
4.1691;11.389
8.20101;5.20327
5.84021;13.0069
5.64182;11.463
0.289579;7.57298
0.451741;0.946913
2.45519;9.80906
8.29108;15.9167
0.55718;4.23973
3.22386;7.00819
2.3275;15.8226
4.77479;1.79786
8.79925;12.7292
8.56733;15.1806
0.855515;4.58062
1.20266;10.0492
7.98479;0.807335
7.62625;9.65002
6.90712;8.53614
1.55651;14.3934
8.05456;4.0165
7.67015;3.01949
6.91278;13.9225
0.468092;14.9399
0.0810956;7.3839
1.97406;4.8172
2.60324;13.4977
3.30753;4.80498
4.11345;5.74972
0.992807;9.93793
5.16517;4.39093
0.993585;8.29992
2.59913;17.2397
8.97497;1.0125
3.88791;3.06296
7.70295;5.88493
3.53973;12.7462
4.45221;2.90502
4.33433;9.8406
8.92247;8.83085
8.61225;3.79306
6.82403;4.43098
8.64537;2.26311
4.61798;7.51765
4.00642;11.2216
8.72779;0.343169
7.80626;1.44276
4.32155;2.81078
0.341216;8.59303
1.91164;8.45824
5.828;1.22918
7.17158;0.735457
6.98769;5.24758
1.82024;4.64404
7.54409;3.48542
6.73745;14.3127
3.63924;9.12295
0.371831;6.56923
5.69303;9.97963
7.04344;1.39889
1.6006;13.5425
0.871029;0.813721
7.49262;10.3852
1.81225;15.6677
0.489093;7.44779
3.06295;12.6342
4.33849;2.46907
6.68482;4.65235
3.85833;17.0101
4.6482;4.80484
1.24777;4.77129
0.558758;9.77403
6.94712;1.86118
8.17163;7.28029
5.9204;12.4301
4.33959;15.042
3.98631;10.4212
7.92787;4.95785
1.40319;1.48024
1.31276;3.78457
4.46401;8.75142
8.20938;17.605
5.61024;11.7884
2.12867;0.937142
5.39925;13.5537
2.87099;13.294
0.162514;6.85949
2.53404;14.2193
4.36034;3.41134
1.74977;2.56148
7.92074;12.1787
8.80175;5.8141
2.29998;15.4592
5.38597;7.40634
8.46973;13.3975
5.59546;7.86749
2.07444;9.60967
3.73625;15.3694
1.69903;11.7298
8.15325;14.1966
3.64179;4.04848
4.74531;7.60861
5.45399;14.5587
1.91393;1.62865
8.98501;7.32741
2.09506;15.8115
0.753069;3.79362
1.8128;6.1061
0.626421;14.3976
6.75622;0.192307
4.8975;6.70336
4.0299;13.9439
8.15651;15.5323
5.65662;1.71108
4.63107;9.61975
7.95382;16.5457
6.83411;7.39826
3.07716;6.5762
1.97847;9.98219
4.10242;3.92697
8.6548;12.395
0.869234;0.815746
8.09429;5.36407
3.46092;17.4414
0.880811;2.43428
8.81687;11.5566
4.56882;7.69353
3.75026;7.45067
2.61291;0.81376
4.58087;14.488
5.21675;7.06939
6.51684;6.10174
7.23382;1.188
6.33897;0.424587
5.5851;2.88278
2.17578;10.4798
7.63888;6.09002
5.64778;13.4663
5.72705;0.217394
6.45388;13.2157
1.32584;12.5415
3.38617;11.7893
1.11752;14.2729
0.619993;7.46086
7.54331;10.4017
1.97441;7.52013
8.73556;16.9825
6.81093;13.9388
0.0852477;8.2998
7.18168;11.3407
5.59129;0.714908
1.91025;8.46033
3.40246;15.116
1.96334;0.25902
7.66672;16.8344
6.73737;17.9851
5.68797;2.24708
5.88722;13.611
8.25997;13.0144
1.53591;13.6066
2.70808;7.02064
1.56334;4.88729
3.00156;16.7485
0.413027;6.17362
3.52417;15.1894
8.75716;0.23092
7.95216;3.33481
4.34563;4.70924
0.225431;12.6179
2.48413;15.7843
5.72618;0.442997
7.88471;4.8283
1.34504;9.54387
0.21963;1.21001
2.27915;3.51108
7.40828;9.97446
5.26586;17.9432
7.43087;16.5348
8.34589;15.6878
2.35424;5.74012
6.4386;4.22279
2.98552;10.7815
3.7788;14.6623
7.74538;8.00846
4.64011;2.45903
2.89638;2.73258
1.45101;3.56219
3.78044;5.5921
6.55303;8.00014
3.40105;17.6644
5.75561;3.61867
4.81941;4.04293
1.78096;6.50055
1.28889;2.2537
2.09418;7.28625
3.99691;17.0656
5.75452;13.9649
4.92354;1.06664
5.31358;7.33784
4.53755;1.90738
4.89843;14.8679
2.31998;12.6989
0.21503;12.2008
0.145497;13.5361
1.10048;7.0931
6.60023;13.7122
5.35589;4.83928
8.87756;14.2737
5.66992;2.3329
8.26369;15.5282
4.80957;6.5212
7.29687;3.12818
1.24303;6.44082
2.09741;13.1132
6.88933;13.2699
7.5103;5.57553
5.0689;1.66056
0.13721;10.5679
6.93069;0.565414
3.05198;16.0624
3.82926;1.30444
5.88727;0.370291
3.07186;11.5297
7.32199;17.4836
6.93128;13.1714
7.50587;5.4817
0.846284;11.6055
4.30494;4.17863
0.0231499;12.8047
8.64593;13.825
4.03732;14.3125
0.700241;0.21243
7.9865;1.6749
5.39014;11.8344
1.12016;16.8843
4.94838;9.89883
0.0943455;3.6713
5.13456;6.33241
7.60048;6.9131
2.90798;11.0635
1.04223;2.82771
8.27261;3.77703
7.2166;7.15511
3.97783;14.4795
0.979911;7.24752
5.15222;10.0345
1.77999;11.7049
5.12344;1.53298
6.68992;3.02717
6.68369;15.6201
0.95571;5.26414
3.75949;2.10011
4.46772;17.7881
4.21626;6.1364
3.3506;14.2485
8.59996;8.78567
8.5381;15.7451
6.28135;13.5094
2.45013;2.51838
4.99444;6.86007
4.88295;2.29334
8.44727;13.3259
6.99913;9.14142
7.42943;9.3781
6.08429;10.2262
3.49912;14.08
7.74519;14.5172
8.09006;6.42582
7.15267;6.61264
6.28111;3.00654
1.43057;11.7621
5.89611;1.93733
4.75364;6.35492
7.72336;14.4075
4.43665;7.43562
1.6338;0.6392
4.86448;2.16214
6.98254;5.72722
5.65178;10.8239
7.55266;5.47214
1.52509;4.10357
0.776075;0.540554
0.3104;17.7323
3.48319;14.9261
3.17246;1.52859
8.96634;9.20604
6.64536;11.7249
5.57169;4.798
0.0399107;8.59011
0.602767;8.95312
8.01286;4.47314
4.79616;7.75467
3.31764;5.5574
6.74095;17.9388
8.19067;10.5872
2.70549;1.43151
7.34539;6.96313
0.986031;15.3116
3.3477;8.93843
6.11886;13.0403
5.23351;12.1704
2.12317;5.75774
2.94765;15.3897
5.27787;5.97512
2.98992;11.7613
7.46412;4.00556
8.11721;6.52056
5.88011;4.8697
6.03898;7.24212
2.40427;10.4593
8.91467;10.2195
5.9454;14.5201
8.59132;13.8629
5.91585;5.87803
2.40065;6.06943
0.459167;15.2683
0.119918;5.16468
1.51303;6.13513
1.27721;13.5818
6.05513;8.53424
3.67154;9.0385
6.2699;5.5775
7.77953;6.30003
5.2236;9.63702
6.77108;15.2557
1.04816;13.3715
3.73762;13.9871
4.94581;6.65787
4.92499;3.72332
6.26795;14.6513
4.89638;13.4542
5.95979;10.0326
0.309457;14.9456
8.08386;3.17333
5.26372;10.278
5.85378;17.8705
0.658238;6.24737
2.72401;16.8755
6.2737;15.8952
4.25628;8.08955
6.57547;10.6089
1.73052;2.62617
3.298;13.3526
4.64202;16.446
8.53799;3.81994
6.54863;8.86873
8.63709;7.01684
0.450659;17.8931
1.98124;17.069
1.53321;14.4899
4.67351;14.774
7.18022;10.6635
1.51067;1.80847
4.76952;15.5687
8.85184;0.0515991
2.82914;12.8546
5.33024;9.11932
7.7404;17.2565
2.23599;6.76484
7.85123;3.54794
5.29239;10.7997
6.20833;9.85895
8.90828;13.318
4.87602;3.77904
6.19351;12.8185
0.134482;3.73405
4.79622;14.6294
7.19877;12.6138
8.21894;5.93658
5.09126;16.1416
2.99409;15.8408
5.49809;16.6487
3.48007;8.47698
7.95257;11.4321
7.62091;13.6076
7.49003;7.8266
3.20365;9.39672
8.84278;6.22386
2.35735;9.43759
5.00145;17.1017
2.12802;10.2719
1.41789;13.8485
3.45064;17.2333
4.23113;5.33915
2.58496;0.644789
1.74036;11.1581
8.2428;14.4769
4.90338;5.44574
2.47694;7.7119
8.43892;2.1957
1.65975;13.8579
5.01115;9.7268
2.62731;9.70786
7.97533;9.96932
0.572726;7.95355
4.53553;5.4015
0.112705;11.9068
0.624989;7.12668
5.57008;9.71224
6.23292;16.3101
5.17852;15.9465
4.73409;8.84263
6.21172;1.27493
7.14419;17.3773
4.49342;13.1662
0.786517;12.3063
4.51206;11.5953
2.01656;14.2787
1.6516;1.98379
3.12403;4.44865
4.96867;15.3191
4.92507;10.1628
4.61297;11.1001
8.64472;2.36611
1.40618;11.7553
0.338093;13.1694
4.85091;10.1444
2.00601;4.12526
5.70965;0.300403
1.7513;2.40612
6.73331;5.07562
7.35622;4.49075
8.33548;0.745576
0.384742;1.97416
1.36468;7.01754
3.2114;12.6667
2.16833;16.273
2.41473;13.5626
4.68654;4.11889
7.96436;12.1854
7.93708;16.6049
3.67742;7.57597
4.37463;11.3669
5.85062;2.16855
5.83363;15.2038
2.28733;7.13389
1.13972;1.28712
5.81232;0.950409
1.01635;12.3941
1.46228;4.76206
0.705832;9.34737
8.71438;5.74832
3.81016;4.25822
0.655461;16.9934
4.18856;17.2396
5.58942;6.25127
7.92227;0.533675
6.91362;6.59379
5.95027;7.52847
4.38117;5.56781
2.36615;13.337
6.35085;7.01174
7.31206;6.32634
3.98107;16.6568
0.360231;10.8867
1.70944;2.13213
1.11704;2.84764
3.94022;9.85441
3.55293;9.19137
4.42391;15.483
4.2155;2.02665
1.86712;6.27554
1.28016;17.5615
6.43466;14.4609
3.54497;3.63167
1.01434;11.8222
8.48434;14.7304
0.416989;13.5928
1.52836;8.79613
6.12481;3.77718
0.84142;15.6685
2.95465;3.91693
0.258062;13.7898
6.88567;7.62198
2.49056;4.61915
2.55247;13.4121
3.3229;8.83919
0.843828;9.20613
4.20033;14.557
2.8335;15.4906
0.0943238;7.69567
4.65643;17.1573
2.21302;10.1468
6.37506;7.48276
0.471479;6.99974
5.62997;2.6258
2.33411;17.1692
3.27136;5.18435
6.47949;2.31407
6.40317;17.9401
3.46661;17.9113
6.67611;13.579
4.37523;15.0399
2.39257;17.1511
5.79843;10.4521
7.32088;11.7855
0.0739007;5.95461
5.47142;4.57384
8.05072;5.69295
6.0283;17.0444
6.34635;5.31653
0.835097;17.3609
2.24288;8.21292
2.27263;17.4448
5.26349;17.3516
8.69243;17.4602
8.63144;12.7371
6.51961;8.01335
4.88848;17.8244
3.58224;3.37382
5.13825;3.80624
7.57967;10.4243
4.66908;8.80048
5.83292;8.74717
5.56558;9.01217
4.03482;8.88618
5.69362;8.90597
4.24416;7.19045
6.23107;9.75422
2.56706;9.0704
5.11013;10.9304
4.45044;9.44633
5.26083;7.84805
2.72707;7.93349
3.30902;8.81918
4.18323;10.0927
5.16501;8.05197
3.9092;7.83409
5.35245;7.74212
5.08126;8.91803
5.25428;7.11608
6.30421;8.9479
4.52205;8.54837
4.63835;8.75312
2.8026;9.20542
6.32352;9.91273
4.63578;8.77396
3.85906;7.89661
5.122;8.58613
4.3301;10.431
5.90531;10.5133
5.0237;9.07033
3.06529;10.9329
5.40442;10.4177
3.17502;8.48568
3.83577;10.4293
4.10176;8.13998
3.8772;10.6238
5.18835;10.5155
3.87694;9.99095
4.22096;8.20045
4.40368;10.8567
5.47441;10.2627
3.25336;8.59641
3.34887;9.58346
3.52743;7.25418
4.59678;10.5511
4.82451;9.66207
5.98403;8.22892
4.57981;7.15905
5.21461;10.4156
6.08835;7.31637
3.05556;7.96554
6.44019;10.2439
2.98109;8.31713
4.73486;9.20206
5.01758;7.13854
4.5588;8.49199
5.90127;9.81216
5.58841;7.25014
3.89562;7.11584
3.00432;10.4924
6.16697;9.82883
4.65446;10.151
2.55775;7.23427
5.81006;9.77236
6.14985;9.8984
5.58873;7.20541
6.36395;10.0289
5.94932;7.34504
2.84604;8.68418
5.0471;9.86363
4.32271;7.6059
2.85562;8.22399
5.91806;10.444
3.97412;7.81368
6.05986;8.97844
2.80608;10.2268
3.30727;9.46054
4.87784;7.86502
5.19481;8.6879
6.13737;9.34466
3.0863;9.7261
5.05007;7.45025
4.25502;8.99938
3.29529;9.10106
6.18356;10.3424
3.46469;8.50627
6.44829;8.32031
5.23026;10.3664
3.26433;7.20439
2.68004;7.3242
4.68283;7.48611
6.05103;9.99009
5.44665;8.92888
6.35511;8.64146
6.11678;10.4925
6.48612;7.20308
4.71859;9.53619
3.15333;10.9736
3.03557;8.44862
4.57467;7.21913
3.29101;10.0394
4.22541;7.7393
2.85967;7.45567
2.60566;8.124
3.16005;7.28569
3.9482;9.84288
3.27181;7.99923
4.33298;10.7185
5.42811;8.68809
3.85992;9.54489
3.68057;8.34605
5.24797;10.3992
6.38224;10.4013
5.87276;7.41781
3.34992;8.44743
3.13694;8.64093
2.98679;9.36235
4.88024;7.84645
5.31802;9.48589
4.47045;10.4781
5.27159;10.4187
4.82095;10.5434
2.91788;7.15393
5.76186;10.346
4.34201;7.62178
4.39089;10.0226
4.46782;7.63885
4.92174;8.85006
2.54015;8.7945
4.76787;7.89008
5.74193;9.90481
5.03101;10.7287
3.76716;7.91125
3.07517;7.08518
5.89714;9.54563
6.06325;9.16873
4.46428;8.8842
4.21213;9.38216
4.53813;7.97398
4.22816;10.8801
4.09576;10.619
5.40272;10.5636
2.7579;8.32446
3.91365;7.29805
5.61897;10.6815
3.68813;9.3609
5.08633;10.7191
4.58962;10.8535
3.13039;9.66479
6.43866;7.02753
3.71042;10.5019
4.69626;10.1747
3.88611;10.9084
4.05686;10.4242
3.38237;10.285
5.80437;9.47813
5.40406;9.2071
4.54171;10.162
6.03156;10.4554
5.96001;9.65053
5.63688;7.64814
3.51143;8.7232
2.86729;10.1011
4.07669;7.99767
4.26584;8.51535
3.5252;9.97626
3.51727;10.2215
4.65096;9.40338
5.62985;10.7078
4.32761;7.01222
5.49284;8.13198
4.99035;8.8969
5.83908;7.53206
3.55886;9.87064
6.48742;7.51887
4.02117;10.1243
3.66702;9.5326
3.34751;8.5343
4.13365;9.4242
5.03197;10.3995
6.43955;10.5572
4.87576;7.95682
5.27864;7.52672
5.86019;8.90849
2.73454;8.1878
4.42071;10.2274
4.81978;7.41105
3.62427;8.65886
3.44312;9.18313
3.0295;7.93054
5.202;9.05067
2.55485;10.869
3.08327;7.90235
3.90332;9.21692
5.82655;10.9353
4.11641;10.2661
5.99247;10.9922
2.72291;9.2711
3.01889;10.5831
2.67959;7.75342
3.2709;9.10029
6.4808;10.0907
5.01135;8.10507
3.24955;10.4545
5.7882;8.27905
2.88501;8.9902
5.82972;7.43986
4.35921;10.913
3.84221;10.2625
4.62991;7.66875
5.69782;10.7463
6.43485;9.69029
6.23848;7.15776
3.46139;7.25737
6.24086;8.14098
3.51079;7.51177
5.74127;7.99159
6.10245;8.75262
4.59666;7.352
3.70709;8.38486
4.13105;8.5921
5.87505;7.96077
4.53196;8.23427
3.37376;10.3742
2.9968;10.0037
2.54292;10.6946
5.24998;10.9778
4.8849;9.48847
2.63553;10.3463
5.24584;10.8764
2.98727;10.7566
2.88816;10.7285
3.24822;10.9906
3.98116;9.84488
2.84261;9.68825
2.72974;8.97366
2.78035;10.6048
5.43444;9.31231
3.33906;10.8082
4.18647;8.33586
5.31187;8.72939
3.53047;8.56185
4.20716;10.4154
2.55031;8.8427
5.26166;9.79615
4.21909;10.2489
5.05278;9.10725
5.47746;10.301
4.59787;7.45862
4.64588;9.44048
5.64687;9.37562
2.91414;10.4272
4.48042;10.3486
4.23952;9.81948
5.65678;10.426
2.65534;8.96864
3.65539;8.18581
6.03049;9.86255
3.10118;10.5808
3.20525;10.3628
4.87695;9.42434
5.11177;7.92974
3.0316;8.58924
2.73074;9.62947
4.54786;9.37662
3.56995;8.19473
3.25225;8.48409
3.12194;9.73266
3.33267;9.36147
4.05214;10.9894
4.28746;8.70748
4.45809;9.94285
5.39329;8.48858
4.3054;10.4945
3.56938;9.51065
5.35732;10.4463
3.435;8.4691
2.87607;8.4666
5.55834;7.60681
2.59606;8.1062
5.48343;8.16601
4.80093;10.7357
5.1501;9.92287
4.96834;10.4828
3.78434;7.02048
5.97221;10.0718
4.22796;8.43029
4.51465;7.62125
5.41887;10.82
2.61573;10.9883
4.8307;9.97305
5.93459;10.2657
2.94215;10.8107
3.23229;10.5005
2.91747;7.82835
3.10668;10.4009
4.49436;9.9076
5.63657;7.64445
4.33048;8.60491
2.62722;10.1148
4.1254;10.5994
4.68661;10.3534
3.52972;7.20126
6.47461;10.9486
2.5213;7.09034
6.43684;9.352
5.56339;10.3714
4.11769;10.5055
5.68209;9.34998
5.50602;10.5996
5.67833;10.6127
5.50045;8.17269
5.0203;9.13702
4.31714;7.35077
6.24194;8.94436
5.96559;8.36734
4.04378;8.6522
3.2207;9.5735
4.35345;7.69531
5.02209;8.87475
3.28565;9.45893
2.72675;10.849
4.33036;8.84444
5.85458;8.01245
2.69443;9.3606
3.112;10.3728
4.47329;10.6125
3.04544;7.49359
4.24948;9.36259
3.34437;8.49142
2.80695;7.30996
5.35875;8.85073
4.46215;10.5795
2.92423;10.8156
2.77476;9.94633
4.19036;8.06042
3.90526;8.91711
3.40946;10.2356
6.26155;7.26404
2.74807;10.956
5.12464;7.86007
5.82874;7.59793
2.97252;10.8742
3.59153;9.222
4.73677;8.9359
6.21342;9.54371
4.74585;9.57217
2.89444;7.208
4.65162;7.81868
2.52361;9.42638
6.265;8.71396
5.9868;8.17026
6.13107;7.39626
2.90589;10.3926
3.16031;7.65396
5.84861;10.2849
4.01403;9.67734
6.38288;8.98655
5.05152;7.97441
2.70855;7.78829
5.4103;10.922
5.83201;8.15616
4.99414;10.7264
3.86416;7.64575
3.04513;8.38777
5.57214;7.31013
5.60173;9.55894
3.9804;9.7328
5.4552;8.88628
4.62543;10.6155
5.04024;8.47404
5.40045;7.05427
2.65138;9.78333
4.54082;9.70291
6.25774;9.24937
5.9912;9.66805
4.67134;9.8232
6.3242;7.66547
5.04965;8.18836
3.81123;10.0948
5.07613;7.38337
5.90491;8.67786
5.4423;7.88531
2.91066;8.8975
5.27159;9.53609
4.01301;8.31183
2.51013;7.41346
3.8661;7.16151
5.69679;10.4069
5.36442;9.95454
4.15629;9.35561
4.12258;10.8276
3.67882;8.44679
2.99311;10.7285
5.13515;8.80434
5.32325;8.21128
4.6877;9.22816
5.38913;8.13001
5.61347;10.2998
5.52751;8.88506
4.33588;7.54052
5.69689;8.84601
3.45398;7.56299
4.50752;7.15078
6.46991;7.87194
5.60531;8.6262
5.72755;7.7279
3.95383;7.40637
4.67468;8.94694
2.63483;7.80983
6.25128;9.95808
4.52111;8.93898
3.68625;7.91024
5.56899;7.29971
2.71003;9.0965
4.68477;9.04592
5.13702;8.38166
6.39193;10.591
4.44465;8.89945
6.24178;8.91455
5.27138;9.84709
6.04076;8.99893
6.07499;7.99459
4.9053;8.74968
5.44153;9.54013
5.05951;9.69281
3.99822;7.58062
3.13179;9.68446
3.99086;10.7008
5.48418;8.70089
4.29728;8.16895
6.24681;7.4343
5.05061;10.6387
2.5253;7.49525
4.03818;10.7671
4.90981;7.30957
5.11418;8.95057
4.8085;9.18917
5.44515;7.7138
6.43884;8.88669
5.75393;9.49835
3.07949;7.75215
5.57897;8.21129
5.93661;7.56983
3.41206;9.42079
4.77072;9.70934
6.08973;9.01753
5.64364;9.14034
4.15627;10.1689
5.13559;10.1945
5.43603;8.0454
6.00402;8.5502
5.49597;8.81252
6.23937;8.94112
5.02632;10.6782
6.32781;8.78025
4.67656;7.4073
5.0324;8.25553
4.11859;8.96901
4.32535;9.53065
2.88979;7.09607
3.74;10.9795
4.6136;7.38364
4.61987;10.7699
6.05258;7.75546
5.46432;9.48861
4.30087;9.46834
2.53881;7.79683
2.78086;10.7782
5.23796;9.80718
5.95638;9.56577
3.08743;8.63294
5.47307;10.1198
5.38847;7.59166
3.58884;7.71382
5.62232;8.47863
3.30989;7.36231
3.95816;9.92349
3.24595;10.578
5.19336;7.29853
2.83348;8.65768
5.28714;9.13435
2.62602;9.82594
5.43118;7.40689
5.10412;8.66914
5.71407;9.0605
2.73491;10.8015
6.19344;10.208
5.42134;9.58191
6.29965;7.01018
5.79573;9.92196
3.98881;7.10562
5.78428;9.94697
5.52911;7.03023
5.02499;8.72247
2.82875;9.85847
5.88015;10.1159
3.49282;10.5062
4.44183;10.924
6.41306;7.54595
4.09315;10.1271
5.10645;8.82806
5.42864;9.29989
3.53605;8.84998
3.3818;7.83569
4.36016;7.17753
6.25766;10.349
2.78314;10.0419
4.79594;10.3123
5.57216;7.82093
3.53472;10.4009
6.1794;7.41487
5.0168;7.67222
6.42104;7.45864
3.09623;10.8341
3.50459;9.18938
5.46125;10.611
2.51744;8.88989
4.41093;8.05349
6.23987;9.79273
4.38918;8.60003
5.47026;8.64684
3.449;10.2534
3.18877;10.2449
5.06565;10.7609
2.56586;10.6004
5.66184;10.7453
2.51524;8.67865
2.91749;10.9363
4.63728;8.01372
6.27039;10.1419
5.7031;9.73164
5.2529;10.2205
3.12152;7.66383
2.77403;7.3614
5.95656;9.16322
4.46143;9.42682
6.31005;9.91043
4.18022;7.49883
4.65537;7.24587
2.75976;9.22123
6.34624;10.4216
4.4665;10.8615
3.60025;9.38398
6.29776;10.2375
5.89771;10.5681
4.87939;9.60081
4.79978;8.1323
4.32135;9.92131
4.29613;9.09539
5.7827;8.25269
2.7586;8.24413
6.17951;7.06866
2.65456;8.35972
3.06749;9.30993
4.10559;7.82724
3.03116;8.45183
2.74884;9.49766
3.8133;8.34909
3.38164;8.11106
3.08661;7.27935
3.1792;9.96601
5.38015;9.97899
2.5983;7.70151
4.40029;8.89443
5.2969;8.183
5.64712;10.0555
4.92713;9.82663
5.62416;9.58169
2.68635;10.6916
3.39162;8.79194
3.01889;8.42278
5.74377;7.76773
6.42044;7.55707
4.61682;7.80208
4.16813;9.70343
3.58143;9.34734
4.16944;10.9616
3.82632;8.76774
3.16309;10.2266
6.16217;10.46
2.90961;9.80929
5.01549;9.83674
4.13592;8.63965
3.91843;8.82228
3.8313;9.31005
6.11422;8.85018
6.23283;9.85799
5.11791;10.6533
5.91506;7.73473
2.95534;8.0832
5.93816;8.53677
5.93053;8.10759
3.99835;7.75685
5.37533;9.16144
6.48347;9.5375
4.12143;7.39309
3.8468;7.13691
5.72983;9.98272
4.27656;7.64826
