0;932
0;941
0;1843
0;354
0;1225
1;957
1;1549
1;1664
1;814
1;1045
2;1743
2;410
2;467
2;496
2;38
3;717
3;1530
3;1445
3;583
3;1236
4;52
4;1418
4;1054
4;1216
4;528
5;1177
5;688
5;1645
5;58
5;1730
6;1998
6;191
6;1880
6;1543
6;765
7;677
7;1975
7;1314
7;1241
7;1684
8;331
8;290
8;803
8;19
8;1292
9;1788
9;2000
9;657
9;2080
9;1098
10;1520
10;1836
10;815
10;1481
10;1533
11;611
11;1266
11;1027
11;1890
11;1425
12;343
12;127
12;673
12;572
12;689
13;155
13;188
13;786
13;135
13;2056
14;936
14;1275
14;1962
14;585
14;38
15;1952
15;1799
15;1797
15;2113
15;1705
16;754
16;1883
16;558
16;1690
16;852
17;769
17;977
17;1237
17;1112
17;1040
18;651
18;961
18;1634
18;684
18;2018
19;803
19;1292
19;320
19;1765
20;1044
20;1443
20;1981
20;283
20;1525
21;698
21;184
21;111
21;1047
21;1531
22;1220
22;1142
22;2071
22;104
22;1233
23;1318
23;373
23;671
23;1238
23;518
24;1643
24;484
24;1605
24;1517
24;1609
25;2041
25;1496
25;642
25;1147
25;726
26;306
26;945
26;634
26;660
26;1613
27;2030
27;954
27;1325
27;1249
27;504
28;48
28;789
28;1353
28;1570
28;1640
29;2020
29;782
29;99
29;2059
29;1183
30;178
30;1896
30;42
30;1396
30;823
31;1635
31;1496
31;2041
31;726
31;244
32;1518
32;1768
32;1990
32;1578
32;1185
33;2071
33;1140
33;281
33;22
33;835
34;1431
34;195
34;637
34;1169
34;1213
35;1138
35;984
35;1660
35;766
35;1903
36;1408
36;685
36;1924
36;952
36;824
37;116
37;1362
37;913
37;214
37;705
38;410
38;496
38;1921
38;960
39;599
39;1859
39;371
39;516
39;1737
40;1999
40;1149
40;167
40;866
40;145
41;1904
41;2016
41;384
41;1441
41;1173
42;832
42;534
42;1654
42;624
42;380
43;1081
43;705
43;2076
43;1889
43;422
44;55
44;506
44;301
44;510
44;378
45;426
45;1331
45;1884
45;1413
45;1621
46;2134
46;1230
46;598
46;1552
46;1710
47;701
47;1943
47;1934
47;1680
47;1828
48;1353
48;1570
48;789
48;540
49;695
49;68
49;224
49;2139
49;776
50;1200
50;886
50;1985
50;606
50;1125
51;482
51;730
51;386
51;807
51;2102
52;1418
52;528
52;1546
52;1518
53;1672
53;389
53;995
53;2078
53;2110
54;976
54;2109
54;553
54;2064
54;283
55;301
55;506
55;510
55;1772
56;74
56;89
56;1566
56;751
56;2169
57;1568
57;747
57;2062
57;1319
57;1506
58;1100
58;428
58;1177
58;284
58;639
59;641
59;535
59;766
59;1003
59;1660
60;282
60;1758
60;1094
60;1376
60;543
61;1309
61;1910
61;2073
61;1835
61;783
62;1867
62;283
62;20
62;1044
62;1890
63;816
63;1813
63;384
63;1400
63;1462
64;585
64;472
64;1849
64;1946
64;1921
65;885
65;969
65;338
65;564
65;347
66;942
66;1806
66;2105
66;1308
66;305
67;544
67;1735
67;843
67;2024
67;337
68;695
68;776
68;1126
68;1502
69;1262
69;135
69;1827
69;1378
69;82
70;1359
70;793
70;869
70;1670
70;1198
71;959
71;1557
71;966
71;627
71;407
72;992
72;1057
72;1366
72;2137
72;1567
73;1919
73;1959
73;920
73;2017
73;359
74;89
74;1566
74;1509
74;751
75;2085
75;372
75;926
75;1486
75;1887
76;1176
76;317
76;345
76;7
76;1548
77;1874
77;865
77;1754
77;126
77;2010
78;2141
78;1520
78;519
78;2004
78;1515
79;375
79;553
79;2109
79;1867
79;1214
80;1822
80;292
80;609
80;1929
80;452
81;437
81;1361
81;588
81;1364
81;1135
82;1378
82;1262
82;1648
82;1572
83;705
83;1081
83;1110
83;830
83;1601
84;1191
84;346
84;635
84;1751
84;1157
85;445
85;1249
85;2030
85;1542
85;1159
86;656
86;625
86;541
86;1314
86;1684
87;1178
87;2005
87;581
87;1987
87;1700
88;596
88;2121
88;934
88;1777
88;648
89;1566
89;1509
89;1021
90;1212
90;388
90;935
90;1808
90;1589
91;98
91;879
91;2054
91;905
91;1380
92;113
92;1521
92;2084
92;1821
92;2074
93;340
93;243
93;1419
93;1118
93;2155
94;1303
94;1790
94;594
94;978
94;2162
95;1227
95;929
95;944
95;501
95;1596
96;909
96;1120
96;274
96;512
96;840
97;933
97;1842
97;1306
97;1482
97;401
98;1380
98;879
98;905
98;1347
99;782
99;1183
99;2059
99;360
99;2020
100;891
100;1114
100;1779
100;481
100;1616
101;774
101;1313
101;1629
101;432
101;473
102;872
102;1696
102;952
102;319
102;1924
103;1472
103;2063
103;123
103;1891
103;1957
104;1945
104;2129
104;632
104;281
104;1220
105;2083
105;395
105;965
105;221
105;508
106;946
106;1601
106;447
106;1013
106;830
107;2060
107;1895
107;1466
107;712
107;1287
108;250
108;790
108;1170
108;2116
108;1854
109;1961
109;223
109;1875
109;580
109;643
110;1535
110;358
110;804
110;1740
110;1046
111;1047
111;1531
111;184
111;989
112;531
112;174
112;1973
112;839
112;910
113;1521
113;2084
113;1821
113;763
114;1067
114;497
114;2092
114;580
114;126
115;1336
115;1155
115;1041
115;1052
115;242
116;214
116;1110
116;1277
116;705
117;1951
117;267
117;517
117;1356
117;1254
118;244
118;192
118;1496
118;2050
118;2041
119;2116
119;1357
119;733
119;970
119;250
120;1851
120;248
120;1838
120;1722
120;958
121;545
121;1749
121;1868
121;1141
121;1210
122;1317
122;2093
122;1843
122;1453
122;201
123;1957
123;1472
123;2063
123;1509
124;1908
124;846
124;1553
124;708
124;1218
125;1124
125;1162
125;1861
125;848
125;670
126;1067
126;580
126;865
126;223
127;575
127;1151
127;673
127;343
128;268
128;682
128;1229
128;1536
128;825
129;967
129;2075
129;1597
129;1034
129;2152
130;1615
130;1831
130;1402
130;1597
130;716
131;951
131;1164
131;2038
131;339
131;1304
132;2131
132;1168
132;850
132;403
132;1482
133;618
133;1265
133;1173
133;1441
133;592
134;2015
134;1964
134;1947
134;498
134;459
135;1827
135;155
135;2056
135;1262
136;160
136;2091
136;303
136;1777
136;1062
137;560
137;675
137;2028
137;1203
137;1966
138;1207
138;859
138;454
138;511
138;945
139;1071
139;1289
139;140
139;714
139;555
140;714
140;555
140;947
140;1289
140;1224
141;1401
141;1958
141;1423
141;1129
141;218
142;1037
142;554
142;1731
142;1323
142;434
143;690
143;1800
143;1953
143;1739
143;1068
144;416
144;272
144;549
144;914
144;1129
145;167
145;866
145;874
145;1662
145;1130
146;1394
146;217
146;918
146;556
146;1887
147;382
147;1855
147;1668
147;1113
147;230
148;350
148;2045
148;1949
148;408
148;1339
149;1479
149;1379
149;1716
149;2086
149;1327
150;708
150;2125
150;906
150;1553
150;124
151;661
151;264
151;584
151;195
151;637
152;424
152;572
152;1946
152;1000
152;689
153;2135
153;1438
153;1559
153;2015
153;1975
154;1332
154;552
154;328
154;1641
154;917
155;2056
155;1827
155;1444
156;907
156;1699
156;430
156;1300
156;448
157;226
157;1134
157;902
157;804
157;358
158;213
158;1551
158;971
158;398
158;1449
159;1086
159;1593
159;873
159;405
159;1778
160;303
160;1777
160;1062
160;2091
161;1503
161;1671
161;1917
161;1858
161;1205
162;1063
162;1608
162;1965
162;2052
162;277
163;377
163;1065
163;949
163;1352
163;280
164;814
164;1902
164;1664
164;1350
164;810
165;753
165;855
165;1620
165;2087
165;1387
166;791
166;1818
166;1389
166;781
166;547
167;1130
167;874
167;1999
168;1148
168;672
168;278
168;309
168;1038
169;361
169;1537
169;2037
169;861
169;2028
170;1690
170;208
170;1186
170;994
170;2023
171;1565
171;1370
171;1223
171;1937
171;1585
172;1780
172;2168
172;1761
172;1415
172;1450
173;1399
173;270
173;1866
173;1117
173;847
174;511
174;26
174;945
174;839
175;741
175;623
175;1213
175;1756
175;1431
176;1582
176;2103
176;239
176;1558
176;619
177;1673
177;894
177;1324
177;249
177;1187
178;1896
178;1012
178;823
178;2119
179;1456
179;1592
179;1495
179;1166
179;1428
180;1025
180;1413
180;1447
180;750
180;1077
181;820
181;1397
181;1307
181;402
181;615
182;1351
182;2144
182;1879
182;1785
182;2039
183;1765
183;1292
183;601
183;216
183;1992
184;989
184;1531
184;1047
184;429
185;1453
185;1661
185;1317
185;1717
185;1711
186;2094
186;1922
186;2173
186;1776
186;1898
187;446
187;366
187;759
187;780
187;1762
188;786
188;155
188;826
188;135
189;433
189;337
189;1796
189;1735
189;1261
190;219
190;916
190;1298
190;645
190;420
191;1880
191;1998
191;765
191;1449
192;2050
192;666
192;244
192;1496
193;722
193;1281
193;1869
193;1304
193;339
194;1464
194;1111
194;1913
194;1763
194;1931
195;637
195;1169
195;264
195;1431
196;1786
196;1193
196;215
196;1799
196;1797
197;1228
197;286
197;649
197;1285
197;263
198;2015
198;999
198;1644
198;134
198;1559
199;336
199;986
199;632
199;1125
199;1945
200;798
200;2124
200;1735
200;1165
200;1915
201;1843
201;2093
201;233
201;1225
201;1669
202;1590
202;1802
202;645
202;1007
202;1190
203;713
203;1018
203;521
203;1293
203;880
204;2157
204;614
204;205
204;883
204;387
205;883
205;2157
205;1226
205;614
205;764
206;1656
206;1832
206;1445
206;1053
206;1480
207;441
207;1414
207;1536
207;1524
207;319
208;1186
208;1690
208;850
208;2023
209;1811
209;837
209;882
209;742
209;1422
210;1618
210;1179
210;706
210;1274
210;1174
211;755
211;1646
211;1625
211;476
211;225
212;639
212;428
212;284
212;1100
212;744
213;971
213;696
213;1449
213;1551
214;1277
214;1110
214;391
215;1786
215;1193
215;515
215;1799
216;2164
216;2175
216;494
216;1776
217;918
217;1527
217;1974
217;1887
218;1129
218;914
218;1714
218;144
219;916
219;1298
219;420
219;645
220;347
220;743
220;1544
220;564
220;1925
221;395
221;1686
221;1738
221;1043
222;1096
222;1346
222;1770
222;1269
222;1117
223;580
223;1067
223;2021
223;114
224;695
224;68
224;2139
224;1837
225;755
225;457
225;1628
225;1646
226;1134
226;847
226;1740
226;804
227;1994
227;1655
227;2161
227;229
227;320
228;1764
228;1243
228;2044
228;1156
228;1612
229;320
229;1994
229;1734
229;1655
230;1113
230;382
230;1876
230;1264
231;1804
231;318
231;720
231;522
231;604
232;778
232;2055
232;784
232;348
232;1217
233;2093
233;2013
233;1320
233;1669
234;1687
234;1079
234;369
234;440
234;1424
235;912
235;2132
235;799
235;377
235;464
236;1122
236;2124
236;982
236;1409
236;463
237;2099
237;323
237;1702
237;770
237;1388
238;2067
238;1577
238;1746
238;792
238;2000
239;1010
239;619
239;1558
239;521
240;1463
240;841
240;590
240;550
240;1392
241;491
241;1119
241;1147
241;1501
241;2107
242;1052
242;1043
242;681
242;1155
242;255
243;1118
243;413
243;2155
243;1419
244;2041
244;1496
244;2050
245;2165
245;1884
245;1678
245;45
245;709
246;324
246;1421
246;1019
246;486
246;2006
247;2151
247;2091
247;780
247;1762
247;1335
248;1851
248;876
248;1131
248;1838
249;1553
249;1908
249;1673
249;1611
249;124
250;790
250;1170
250;2116
250;1854
251;1337
251;884
251;2081
251;430
251;1699
252;892
252;716
252;1637
252;1831
252;1729
253;1934
253;1551
253;691
253;1006
253;971
254;392
254;1702
254;1594
254;1039
254;1388
255;1610
255;681
255;1755
255;1043
255;1860
256;1607
256;442
256;1305
256;608
256;2170
257;1837
257;381
257;376
257;1502
257;2118
258;1490
258;2115
258;1499
258;1045
258;1581
259;1624
259;460
259;1159
259;1542
259;2019
260;1360
260;1378
260;414
260;69
260;1417
261;1030
261;2051
261;666
261;1479
261;897
262;1650
262;613
262;1691
262;842
262;1648
263;316
263;649
263;286
263;1926
263;643
264;661
264;637
264;34
265;854
265;1731
265;937
265;434
265;1649
266;775
266;2162
266;1830
266;1255
266;1303
267;1951
267;1254
267;625
267;541
268;682
268;1229
268;1536
268;825
269;1270
269;931
269;332
269;704
269;1871
270;2034
270;1399
270;557
270;1830
271;888
271;2126
271;1116
271;669
271;1160
272;549
272;416
272;914
272;1355
273;710
273;981
273;2177
273;1494
273;1357
274;936
274;512
274;1436
274;14
275;1617
275;1427
275;626
275;1983
275;732
276;2003
276;2080
276;919
276;1206
276;562
277;1965
277;2090
277;1237
277;977
278;309
278;332
278;1148
278;269
279;927
279;1318
279;373
279;23
279;524
280;1065
280;1352
280;377
280;420
281;2129
281;632
281;1945
282;1758
282;1094
282;1376
282;543
283;976
283;925
283;1525
284;639
284;428
284;1100
284;524
285;2098
285;1204
285;2049
285;1623
285;1600
286;649
286;1285
286;316
287;1727
287;1711
287;664
287;577
287;1661
288;908
288;662
288;758
288;1248
288;2061
289;1625
289;311
289;476
289;694
289;211
290;331
290;803
290;2173
290;1292
291;570
291;797
291;1166
291;998
291;930
292;1822
292;452
292;636
292;1932
293;606
293;1985
293;50
293;1200
293;2058
294;1251
294;589
294;1974
294;1527
294;1256
295;466
295;1533
295;314
295;734
295;1481
296;1936
296;2006
296;515
296;486
296;324
297;1260
297;1640
297;1158
297;1402
297;1301
298;1400
298;1462
298;2147
298;878
298;1011
299;2166
299;923
299;792
299;1550
299;1577
300;688
300;1645
300;1730
300;5
300;1177
301;506
301;510
301;378
302;1093
302;1848
302;474
302;1027
302;525
303;1777
303;596
303;1123
304;1035
304;1427
304;401
304;1617
304;890
305;1554
305;1806
305;326
305;1528
305;942
306;1613
306;945
306;501
306;399
307;615
307;1679
307;402
307;548
307;820
308;1588
308;1704
308;406
308;1451
308;369
309;332
309;1148
309;672
309;1539
310;1675
310;2087
310;1195
310;2057
310;394
311;1625
311;476
311;1646
311;211
312;1233
312;1142
312;2071
312;2047
312;22
313;2076
313;351
313;2033
313;2051
313;272
314;466
314;1324
314;698
314;21
315;1993
315;360
315;1928
315;1183
315;737
316;649
316;1926
316;643
317;1176
317;1684
317;1314
317;461
318;522
318;2009
318;344
318;1804
318;1955
319;1252
319;1536
319;1414
319;268
320;1734
320;1994
321;987
321;1845
321;1935
321;2136
321;1283
322;502
322;822
322;493
322;438
322;393
323;2099
323;770
323;1702
323;1852
324;486
324;1936
324;2006
324;588
325;1004
325;1636
325;2143
325;1646
325;1524
326;1493
326;1767
326;1580
326;1528
326;1632
327;1469
327;1760
327;1189
327;1852
327;1008
328;1332
328;1641
328;771
328;2149
329;468
329;2095
329;1506
329;391
329;718
330;1798
330;811
330;495
330;411
330;1877
331;803
331;1292
331;19
332;1148
332;672
332;1270
332;1539
333;2107
333;949
333;912
333;235
333;1020
334;1136
334;2077
334;431
334;2088
334;1340
335;1857
335;527
335;1196
335;1234
335;1279
336;1308
336;986
336;2105
336;1393
337;1796
337;433
337;1735
337;1261
338;885
338;969
338;836
338;1614
339;951
339;1304
339;2038
340;243
340;1419
340;2167
340;1395
341;489
341;435
341;857
341;1161
341;1390
342;1489
342;542
342;721
342;1918
342;2036
343;673
343;689
343;590
344;2009
344;1038
344;522
344;1955
345;1241
345;1473
345;435
345;7
346;1191
346;1157
346;1751
346;2106
347;1544
347;564
347;743
347;1412
348;2055
348;707
348;1097
348;367
349;1086
349;405
349;873
349;159
349;1970
350;2045
350;1949
350;408
350;1339
351;2033
351;2076
351;2086
351;2051
352;1547
352;1571
352;1056
352;425
352;1005
353;1501
353;1020
353;1119
353;1898
353;491
354;941
354;932
354;1278
354;935
355;1126
355;776
355;1502
355;68
355;1619
356;1514
356;497
356;1622
356;1312
356;2021
357;1584
357;1395
357;2155
357;1963
357;1750
358;804
358;1740
358;1535
358;226
359;1905
359;1959
359;1919
359;2022
360;1183
360;782
360;2020
361;2037
361;2028
361;1537
361;861
362;1269
362;1096
362;222
362;1070
362;2
363;658
363;1954
363;1631
363;1450
363;889
364;1342
364;1805
364;1215
364;1182
364;1349
365;1519
365;1862
365;509
365;1559
365;1680
366;759
366;446
366;508
366;780
367;1097
367;1457
367;707
367;1302
367;654
368;858
368;1122
368;537
368;463
368;236
369;406
369;1687
369;1588
370;1082
370;2114
370;1014
370;1630
370;565
371;516
371;599
371;1369
371;1737
372;1569
372;2085
372;1887
372;1486
373;1318
373;1238
373;671
374;1773
374;1205
374;1245
374;397
374;633
375;553
375;2109
375;1867
375;1214
376;381
376;2118
376;1837
376;968
377;1352
377;799
377;1065
378;1384
378;506
378;622
378;1247
379;1714
379;1789
379;980
379;1424
379;1757
380;624
380;534
380;1864
380;1654
380;2117
381;2118
381;1837
381;968
382;1113
382;1876
382;600
383;555
383;714
383;947
383;140
383;1820
384;1904
384;2016
384;1441
384;1173
385;616
385;962
385;1455
385;1539
385;672
386;807
386;2102
386;730
386;1242
386;1592
387;2007
387;1772
387;2157
387;1686
388;1212
388;1808
388;1819
388;935
389;2078
389;1672
389;995
389;2110
390;1338
390;1870
390;1627
390;1603
390;607
391;718
391;468
391;830
391;1803
391;1110
392;1388
392;1612
392;1941
392;1702
393;438
393;822
393;1856
393;502
394;855
394;2087
394;753
394;1195
394;165
395;2083
395;1686
395;965
396;1538
396;1042
396;1781
396;711
396;1069
397;633
397;904
397;1188
397;1245
398;991
398;1232
398;1551
398;1055
399;501
399;945
399;454
399;1227
400;768
400;753
400;425
400;165
400;1152
401;1084
401;1306
401;890
402;615
402;820
402;1397
402;1679
403;2131
403;1328
403;1523
403;850
403;2023
404;1184
404;860
404;473
404;1296
404;1313
405;1086
405;1674
405;1593
406;1588
406;1250
406;1704
407;1557
407;959
407;627
407;1263
408;2045
408;1416
408;1194
409;1210
409;1953
409;1800
409;1868
409;690
410;496
410;1743
410;1962
411;1131
411;1798
411;248
411;811
412;663
412;1550
412;792
412;1577
412;2166
413;1118
413;2155
413;881
413;1750
414;1272
414;1360
414;921
414;1160
415;1083
415;1891
415;1901
415;1472
415;586
416;549
416;914
416;1129
417;1970
417;1240
417;34
417;1431
417;1213
418;1647
418;1944
418;1454
418;1365
418;1337
419;665
419;610
419;719
419;1430
419;2048
420;916
420;1298
420;658
421;1939
421;896
421;1968
421;1101
421;1036
422;1889
422;1081
422;1601
422;106
422;946
423;866
423;1377
423;1143
423;1149
423;40
424;689
424;1000
424;572
424;960
425;768
425;1547
425;1387
425;1571
426;1331
426;1621
426;1695
426;1447
427;809
427;469
427;613
427;1650
427;495
428;1100
428;639
429;1435
429;989
429;1632
429;1767
429;1493
430;1699
430;884
430;907
430;448
431;895
431;1136
431;2021
431;1312
432;1629
432;1313
432;1073
432;774
433;1796
433;1735
433;1261
434;911
434;937
434;1731
434;1037
435;489
435;857
435;1916
435;1685
436;1327
436;1716
436;1573
436;1589
436;1996
437;1361
437;588
437;1135
437;1364
438;822
438;502
438;1856
439;1507
439;1873
439;597
439;777
439;1882
440;1079
440;1316
440;1687
440;1424
441;1414
441;1536
441;1524
441;319
442;2163
442;1607
442;2170
442;459
443;711
443;678
443;1268
443;1781
443;1042
444;1032
444;1267
444;1541
444;821
444;1283
445;1249
445;2030
445;1542
445;1172
446;1762
446;780
446;759
447;946
447;1917
447;1601
447;1013
448;1699
448;1300
448;907
449;1046
449;1591
449;1058
449;1810
449;1535
450;1106
450;1253
450;1452
450;2148
450;1333
451;1812
451;1343
451;1216
451;1085
451;1054
452;1822
452;1064
452;1932
453;983
453;54
453;1412
453;2064
453;806
454;1207
454;945
454;859
455;1697
455;1137
455;1089
455;1688
455;1029
456;964
456;2069
456;1854
456;790
456;1170
457;1628
457;755
457;1625
457;211
458;1112
458;943
458;1633
458;647
458;2174
459;1947
459;1964
459;498
459;2015
460;1624
460;1159
460;1542
460;1681
461;1491
461;2134
461;598
461;1176
462;971
462;696
462;691
462;785
462;765
463;982
463;1545
463;1259
463;2066
463;1409
464;799
464;692
464;1128
464;1720
464;2132
465;924
465;1701
465;676
465;23
465;279
466;1533
466;734
466;1481
467;1743
467;1102
467;1986
467;410
468;718
468;1013
468;2095
469;495
469;809
469;1650
469;1877
470;727
470;1153
470;725
470;2136
470;2158
471;1692
471;1031
471;1244
471;631
471;1678
472;585
472;2043
472;1275
472;1701
473;1184
473;774
473;1313
473;1296
474;1865
474;503
474;1093
474;1989
475;712
475;1466
475;1487
475;1895
475;1350
476;1646
476;1625
476;1667
477;818
477;1119
477;1440
477;1501
477;494
478;1703
478;1386
478;1564
478;636
478;1437
479;1513
479;1143
479;953
479;1674
479;1208
480;1512
480;726
480;25
480;1635
480;912
481;1779
481;2019
481;891
481;1542
482;1893
482;730
482;1242
482;386
483;2053
483;561
483;2140
483;1465
483;686
484;1605
484;1609
484;1643
484;383
484;1909
485;833
485;1498
485;1211
485;699
485;1683
486;1936
486;588
486;2006
487;1310
487;595
487;659
487;1808
487;2171
488;1192
488;1135
488;629
488;1931
488;1913
489;857
489;1916
489;1390
490;829
490;674
490;1466
490;712
490;1895
491;2107
491;1020
491;1501
491;1119
492;1848
492;1890
492;1867
492;62
492;1219
493;502
493;822
493;438
493;393
494;1440
494;1776
494;818
494;2164
494;2175
495;809
495;1877
496;1962
496;1677
497;1514
497;1622
497;2092
498;1947
498;1964
498;2015
499;1225
499;1669
499;1583
499;1278
499;941
500;1733
500;1383
500;567
500;587
500;1742
501;1227
501;1613
502;822
503;1865
503;659
503;2029
503;487
504;1114
504;2038
504;891
504;100
504;1779
505;773
505;968
505;1621
505;1695
505;1447
506;510
507;1548
507;513
507;1372
507;1004
507;1636
508;965
508;780
508;1335
508;2151
509;1519
509;794
509;940
509;1334
510;622
510;614
511;1018
511;454
511;713
512;1338
512;936
512;1962
512;390
513;1548
513;1372
513;1685
513;2012
514;1736
514;1458
514;455
514;1294
514;1688
515;1936
515;2006
515;486
515;2018
516;599
516;1369
516;1737
517;1792
517;1951
517;1254
517;831
518;671
518;1238
518;373
518;1318
519;2141
519;1941
519;939
519;1656
520;1347
520;322
520;1380
520;502
520;822
521;1293
521;1010
521;1556
522;1955
522;2009
522;1804
523;928
523;749
523;684
523;1634
523;845
524;539
524;58
524;1100
525;1532
525;1848
525;2178
525;1093
526;1381
526;1385
526;1787
526;1264
526;1113
527;1196
527;1234
527;1857
527;1363
528;1418
528;1546
528;1578
528;1518
529;1078
529;1071
529;1979
529;1289
529;139
530;1049
530;1595
530;1517
530;1956
530;1078
531;1973
531;1145
531;1894
531;910
532;1734
532;1760
532;1469
532;937
532;229
533;1415
533;1761
533;880
533;702
533;1780
534;624
534;1654
534;832
535;641
535;1003
535;766
535;1903
536;958
536;1663
536;871
536;2156
536;988
537;858
537;2066
537;463
537;1869
538;1354
538;1752
538;1416
538;1510
538;408
539;573
539;1238
539;284
539;2101
540;1405
540;998
540;789
540;1570
541;625
541;1254
541;656
542;2036
542;1918
542;1163
542;721
543;1376
543;797
543;570
543;291
543;1166
544;843
544;2024
544;1735
544;337
545;1749
545;1868
545;1011
545;1141
546;1839
546;1056
546;864
546;1005
546;352
547;950
547;1759
547;1732
547;1911
547;791
548;1956
548;1078
548;1595
548;615
549;914
549;313
550;2002
550;841
550;1463
550;590
551;1882
551;1507
551;439
551;1753
551;597
552;1332
552;917
552;628
552;1484
553;2109
553;1867
554;1037
554;1323
554;1731
554;975
555;947
555;714
555;1224
556;1394
556;1510
556;1416
556;1433
557;1770
557;1346
557;1833
557;607
557;222
558;647
558;2174
558;1883
558;1112
559;640
559;2008
559;852
559;1040
559;2026
560;675
560;2028
560;1203
560;361
561;686
561;2140
561;2053
561;1465
562;919
562;1844
562;1750
562;881
562;1768
563;1076
563;963
563;1762
563;1460
563;1721
564;2025
564;764
564;743
565;2055
565;1014
565;1082
565;969
566;921
566;1272
566;1003
566;414
566;641
567;1733
567;1294
567;1458
567;1736
568;1972
568;1388
568;1815
568;1612
568;1276
569;1382
569;1930
569;1390
569;2159
569;2104
570;797
570;1166
570;998
570;930
571;993
571;1407
571;1682
571;1718
571;1665
572;1946
572;1849
573;2101
573;1657
573;1666
573;920
574;2072
574;1208
574;1709
574;686
574;683
575;676
575;927
575;1151
575;12
576;1140
576;1108
576;650
576;1499
576;835
577;2145
577;652
577;1214
577;1727
578;1382
578;2159
578;2153
578;1991
578;569
579;2096
579;1993
579;1928
579;1744
579;315
580;1067
580;2021
581;660
581;1700
581;1613
581;306
582;1563
582;1254
582;2176
582;1792
582;517
583;1530
583;717
583;1236
583;1712
584;1658
584;1783
584;1279
584;661
585;2043
585;1275
585;1849
586;1901
586;1763
586;1111
586;1464
586;906
587;1383
587;1476
587;1665
587;817
588;1936
588;2006
589;1256
589;1974
589;1527
589;918
590;1392
590;1463
590;1824
590;841
591;1395
591;1963
591;340
591;1584
591;357
592;2061
592;1511
592;1265
592;915
593;1971
593;1988
593;838
593;1976
593;1371
594;1790
594;978
594;2162
594;1303
594;1026
595;1808
595;2171
595;659
595;1310
596;1777
596;1104
596;1051
596;2121
597;777
597;1969
597;1507
597;1882
598;1710
598;1230
598;2134
598;1491
599;1859
599;1737
600;1960
600;1906
600;808
600;1477
600;1876
601;1992
601;1765
601;1907
601;19
602;1175
602;1483
602;1316
602;447
602;161
603;1109
603;819
603;1298
603;1720
603;916
604;1804
604;318
604;522
604;1955
605;955
605;1285
605;197
605;1228
605;1240
606;1985
606;770
606;2058
607;1833
607;1870
607;1070
607;1770
608;2160
608;1473
608;1916
608;1241
609;1929
609;787
609;1892
609;1297
610;665
610;1823
610;1029
610;1688
611;1266
611;1890
611;1425
611;1219
612;1966
612;2179
612;675
612;956
612;1203
613;1650
613;1691
613;842
614;883
614;2025
614;2157
615;1679
615;820
615;1397
616;1455
616;2063
616;962
616;1957
617;1516
617;808
617;1878
617;1334
617;1345
618;1173
618;1441
618;1265
618;1088
619;1010
619;1558
619;2027
619;2103
620;2031
620;1231
620;1290
620;1434
620;1149
621;1801
621;1622
621;1514
621;1540
621;1002
622;1247
622;301
622;506
623;741
623;1213
623;899
623;1756
624;1654
624;1864
625;656
625;1951
626;762
626;2106
626;1617
626;1427
627;966
627;959
627;1557
628;2150
628;154
628;2179
628;1332
629;1192
629;1135
629;1361
629;437
630;1480
630;2001
630;1053
630;1832
630;1656
631;1031
631;1244
631;1692
631;1340
632;1945
632;2129
632;1220
633;904
633;1245
633;1773
634;660
634;1932
634;581
634;478
635;1576
635;2128
635;346
635;1909
636;1386
636;1703
636;1437
636;1564
637;1169
637;1431
638;1467
638;2122
638;1384
638;1886
638;1247
639;1100
640;2008
640;852
640;2026
640;1883
641;1003
641;766
641;1903
642;1147
642;2041
642;241
642;1587
643;1875
643;985
643;1961
643;1022
644;1439
644;1465
644;683
644;1508
644;2140
645;1590
645;1802
645;1007
645;1190
646;1659
646;1174
646;1274
646;1715
646;934
647;2174
647;1105
647;1023
648;1715
648;1659
648;934
648;1051
648;646
649;1022
650;1140
650;1505
650;1108
650;1741
651;961
651;1634
651;684
651;928
652;2133
652;1727
652;728
652;1444
653;1631
653;1954
653;1059
653;2172
653;1302
654;1457
654;707
654;1097
654;1817
655;1529
655;1307
655;2152
655;1679
655;820
656;1314
656;1684
657;1881
657;1474
657;1788
657;2000
658;1450
658;2168
658;889
659;1808
659;1865
660;1613
660;1700
661;637
661;1658
662;758
662;908
662;1111
662;194
663;1550
663;792
663;1577
663;2166
664;1727
664;1711
664;1532
664;2178
665;1823
665;719
665;1430
666;2051
666;1030
666;2050
667;1571
667;1547
667;1387
667;1061
667;352
668;1128
668;1310
668;2171
668;893
668;2132
669;1116
669;1160
669;888
669;1651
670;848
670;1861
670;1124
670;1574
671;1238
671;1318
672;1148
672;1539
672;962
673;1151
673;1824
673;1392
674;829
674;1466
674;712
674;1171
675;1966
675;2179
676;924
676;1701
676;1849
677;1975
677;2135
677;1314
677;1241
678;1268
678;1747
678;849
678;711
679;1537
679;1036
679;169
679;861
679;1885
680;1814
680;1461
680;2088
680;1369
680;431
681;1043
681;1755
681;1610
682;1229
682;825
682;1536
683;1508
683;2140
683;2072
683;1439
684;1634
684;928
684;749
685;1924
685;1408
685;952
685;824
686;2140
686;1465
686;683
687;1633
687;740
687;943
687;1073
687;1863
688;1177
688;58
688;1645
689;572
689;1000
690;1800
690;1953
690;1739
690;1068
691;785
691;1006
691;971
692;1720
692;819
692;799
692;893
693;2143
693;1524
693;1552
693;1636
693;926
694;801
694;1826
694;1625
694;1628
695;2139
695;776
696;1449
696;971
696;158
697;1144
697;876
697;1669
697;499
697;1225
698;184
698;989
698;1632
698;111
699;833
699;1654
699;832
699;1498
700;837
700;882
700;1581
700;875
700;1748
701;1680
701;1828
701;1862
701;1943
702;1202
702;839
702;1406
702;910
702;880
703;1485
703;900
703;1326
703;1787
703;1309
704;1871
704;751
704;1270
704;1566
705;1081
705;1110
706;1950
706;922
706;1179
706;1274
706;1174
707;1097
707;1457
708;1908
708;1553
708;846
709;1619
709;1126
709;1502
709;355
709;776
710;2177
710;981
710;1357
710;1899
711;1042
711;1781
711;1538
712;1466
712;1895
712;829
713;1018
713;521
713;880
714;947
714;1289
715;1341
715;2065
715;859
715;1207
715;1146
716;892
716;1260
716;1637
716;1831
717;1236
717;1515
717;1445
717;1530
718;830
718;1110
719;1430
719;1915
719;798
720;838
720;1038
720;318
720;344
721;1756
721;1489
721;175
722;1869
722;1281
722;858
722;2048
723;1477
723;1006
723;1906
723;1334
723;808
724;868
724;877
724;767
724;270
724;2034
725;727
725;2136
725;1701
725;2043
726;1635
726;1512
727;2136
727;1153
727;1701
728;1444
728;1475
728;2133
728;1317
729;943
729;1923
729;977
729;769
729;458
730;807
730;1428
731;1329
731;1161
731;1271
731;1263
731;341
732;1983
732;1938
732;878
732;890
733;2116
733;1616
733;1095
733;970
734;1528
734;1632
734;1767
734;1806
734;1493
735;2039
735;1301
735;1640
735;1233
735;312
736;1461
736;1814
736;2040
736;1075
736;748
737;1928
737;1993
737;1123
737;1744
738;1319
738;1506
738;2095
738;747
738;1568
739;1940
739;1888
739;1209
739;1820
739;1604
740;1103
740;1863
740;1398
740;1333
740;2148
741;1213
741;1756
741;899
742;1422
742;1582
742;882
742;2065
742;1341
743;1544
743;1925
743;2042
744;2089
744;1872
744;2112
744;844
744;1666
745;1209
745;1604
745;931
745;1940
745;1820
746;1725
746;1741
746;1024
746;1009
746;1505
747;1568
747;1319
747;1506
748;1248
748;1075
748;1461
748;1814
749;928
749;1927
749;845
749;795
750;1413
750;1025
750;1884
750;45
750;2165
751;2169
751;1871
751;1566
752;1791
752;760
752;1753
752;1028
752;1795
753;855
753;1620
753;2087
754;1690
754;97
754;933
754;1883
755;1625
755;1646
756;1746
756;1578
756;2067
756;1185
756;1518
757;1887
757;75
757;372
757;1230
757;1710
758;1111
758;908
758;194
759;1847
759;1698
760;1791
760;1795
760;1753
760;1028
761;813
761;1095
761;1856
761;1154
761;108
762;2106
762;1751
762;1191
762;275
763;2084
763;1821
763;1521
763;1898
764;1226
764;883
764;2157
764;614
765;1543
765;1133
765;785
766;1660
766;1903
767;877
767;868
767;1995
767;1061
768;1387
768;352
768;1547
769;977
769;1237
769;277
769;1112
770;1985
770;1852
770;1702
771;1696
771;917
771;1332
771;952
772;1826
772;801
772;1082
772;654
772;348
773;968
773;899
773;1695
773;1621
774;1313
774;1629
775;1255
775;1603
775;1833
775;1830
776;1126
776;1502
776;1619
777;1969
777;1507
777;1591
778;784
778;1217
778;1015
778;2055
779;1579
779;1977
779;1910
779;1309
779;61
780;2151
781;1389
781;791
781;1818
781;828
782;2020
782;2059
782;1183
783;2073
783;1309
783;1835
783;1356
784;1015
784;1217
784;1981
785;1133
785;1543
786;135
786;155
786;1417
787;1929
787;1892
787;1297
787;80
788;1778
788;1280
788;1662
788;1593
788;145
789;1570
789;1353
790;1170
790;1854
791;1389
791;1818
792;1550
792;1577
792;2166
793;1359
793;1794
793;1033
793;1198
794;1334
794;940
794;1519
794;1006
795;2079
795;851
795;1766
795;867
795;1927
796;1367
796;2146
796;2169
796;1626
796;1322
797;930
797;1166
798;1915
798;1430
798;1165
799;1720
799;2132
800;906
800;2125
800;1763
800;1135
800;150
801;1826
801;289
801;1297
802;1599
802;1809
802;1470
802;1375
802;1782
803;1292
804;1740
804;1535
805;2130
805;1602
805;903
805;2127
805;1841
806;1925
806;983
806;1261
806;1796
806;2042
807;2102
807;1592
807;179
807;1242
808;1960
808;2176
809;1877
809;1320
809;613
810;1902
810;1912
810;814
810;1664
811;1877
811;1320
811;2013
811;876
812;1943
812;2154
812;1897
812;47
812;701
813;1095
813;1154
813;1856
813;1616
814;1902
814;1664
814;1549
815;1836
815;1706
815;1520
815;1533
816;1813
816;1011
816;1859
816;298
817;1742
817;1476
817;1383
817;2032
817;669
818;1440
818;2175
818;1119
819;1109
819;1720
819;1298
820;1397
820;1679
821;1267
821;1032
821;1541
821;1283
822;1856
823;2119
823;1012
823;380
823;624
824;148
824;1949
824;350
824;2045
824;1408
825;1315
825;1229
825;1500
825;1072
826;1726
826;2024
826;786
826;1221
827;922
827;849
827;1747
827;706
827;1950
828;856
828;1045
828;791
828;1581
829;1466
829;1895
830;1601
830;1013
831;1792
831;582
831;1563
831;1264
832;1654
832;1498
833;1211
833;1498
833;1654
834;996
834;1150
834;1864
834;1713
834;380
835;1561
835;2047
835;1499
835;2115
835;2071
836;1614
836;1525
836;1443
836;885
837;882
837;1811
837;1422
837;875
838;1971
838;1988
838;962
838;1455
839;1202
839;880
839;1406
840;1120
840;909
840;2110
840;2078
840;995
841;1463
841;2002
842;1691
842;1650
842;82
843;2024
843;1735
843;948
844;1872
844;1816
844;2089
844;1658
845;887
845;1719
845;1058
845;1927
846;1908
846;1187
846;1218
846;1553
847;1982
847;1134
847;1740
847;804
848;1861
848;1124
848;1325
849;1747
849;1162
849;1268
850;2131
850;2023
850;1328
850;1186
851;1766
851;867
851;630
851;2001
852;2026
852;1883
852;97
853;1033
853;2097
853;1198
853;901
853;1980
854;1731
854;1649
854;937
854;434
855;2087
855;1620
856;1391
856;950
856;547
856;791
857;1916
857;2160
858;1869
858;1281
858;2048
859;1207
859;1018
860;1184
860;473
860;1296
860;774
861;1080
861;863
861;1885
861;1537
862;1645
862;1730
862;1151
862;673
862;5
863;1080
863;1885
863;1670
863;1537
864;1839
864;1997
864;868
864;1074
865;1874
865;1754
865;109
866;1662
866;1377
866;167
867;1712
867;2001
867;1053
867;1445
868;877
868;667
869;1201
869;1171
869;901
869;1198
870;1411
870;1132
870;1626
870;1840
870;2146
871;958
871;2156
871;1722
871;120
872;1442
872;1696
872;1987
872;1769
873;1240
873;1086
873;1778
874;1130
874;1280
874;1713
875;1748
875;882
875;1422
875;1581
876;1144
876;1851
877;1995
877;1061
878;1400
878;1462
878;1938
878;2147
879;2054
879;2177
879;905
879;1899
880;1018
881;1844
881;1750
881;919
882;1422
882;1748
883;2157
883;1226
884;907
884;156
884;1699
884;1454
885;969
885;1614
886;1200
886;1724
886;1125
886;1555
887;1719
887;1927
887;1058
887;1873
888;1116
888;2126
888;1160
889;2168
889;1954
889;1450
889;1059
890;1084
890;1938
891;1114
891;1779
892;1637
892;1831
892;1615
893;1310
893;487
893;464
894;1673
894;1611
894;249
894;1324
895;2021
895;1136
895;1312
895;1077
896;1939
896;1101
896;1968
896;1036
897;938
897;1573
897;1716
897;1327
898;1807
898;1258
898;938
898;1819
898;897
899;1756
899;721
900;1485
900;1326
900;1787
900;1977
901;1198
901;1287
901;2097
902;1952
902;358
902;226
902;804
903;2127
903;430
903;1699
903;2130
903;1602
904;1245
904;1005
904;1188
905;1899
905;1380
905;2069
905;2177
905;2054
906;2125
906;1901
907;1300
907;1454
907;1699
908;2061
908;915
908;1021
909;1120
909;1338
909;2110
910;1406
910;972
910;1973
910;1202
910;1048
911;937
911;1037
911;1731
911;265
912;2132
912;1512
912;1128
913;1362
913;1723
913;1663
913;988
913;2086
914;1129
915;1021
915;1265
915;2061
915;133
916;1298
917;1092
917;1332
917;1484
918;1256
918;1974
918;1527
919;1768
919;1844
919;1206
920;1919
920;1959
920;2101
920;412
921;1272
921;1160
921;1003
922;1950
922;849
922;1747
923;2166
923;1578
923;756
923;1546
924;1701
924;23
924;279
925;2064
925;976
925;1525
925;1429
926;2085
926;1486
926;1230
926;372
927;1177
927;5
927;524
928;1634
928;845
929;944
929;1596
929;1689
929;1227
930;998
930;1115
931;1270
931;704
931;1224
932;941
932;499
932;1225
933;1482
933;1842
933;1306
933;1168
934;1715
934;1659
934;2121
935;1212
935;941
936;1962
936;1436
938;1819
938;1807
938;1258
939;1555
939;1594
939;1039
939;886
940;1345
940;1878
940;1516
940;1334
941;1278
942;2105
942;1308
942;1806
943;1633
943;1863
944;1227
944;1391
944;501
945;1207
946;1601
946;1013
946;830
947;1224
948;2032
948;2126
948;1165
948;2024
949;1020
949;1521
949;2107
950;1759
950;1732
950;1911
951;1164
951;2038
951;1304
952;1696
952;1924
953;1560
953;1208
953;1674
953;405
954;1325
954;2030
954;1861
954;848
955;1285
955;1526
955;1240
955;286
956;2179
956;1966
956;1203
956;2137
957;1549
957;1664
957;1045
957;814
958;2156
958;1838
959;1557
959;966
960;1000
960;1921
960;152
961;2018
961;1459
961;928
962;1539
962;1455
963;1076
963;1762
963;446
963;187
964;2069
964;1854
964;790
964;1170
965;1335
965;366
965;2083
966;407
966;1557
967;1034
967;1534
967;2075
967;252
968;1695
968;1621
968;1331
969;1014
970;1562
970;1257
970;1089
970;1137
971;1551
972;1048
972;1406
972;1973
972;1202
973;1586
973;1771
973;2173
973;2027
973;186
974;1784
974;1363
974;1196
974;1234
974;1905
975;1451
975;1323
975;2108
975;1704
975;1588
976;2064
976;62
977;1237
977;2090
978;1790
978;2162
978;1026
978;1623
979;1693
979;1167
979;1850
979;1984
979;1098
980;1757
980;1907
980;216
980;2070
980;2175
981;1050
981;1682
981;1494
981;1718
981;1407
982;1259
982;1545
982;1409
982;1122
983;1925
983;1544
983;743
984;1138
984;1660
984;1903
984;766
985;1875
985;1961
985;1022
985;1077
986;1125
986;1200
986;1393
987;1845
987;1935
987;2136
987;1091
988;1825
988;1663
988;1723
988;1379
989;1435
989;1531
990;1211
990;1608
990;833
990;1063
990;162
991;1232
991;1055
991;2154
991;158
992;1366
992;1567
992;1057
992;2137
993;1407
993;1718
993;1665
993;1682
994;1239
994;2082
994;1105
994;1690
995;2078
995;2110
995;1672
996;1150
996;1864
996;1713
996;380
997;1114
997;1164
997;1257
997;131
997;504
998;1405
999;1644
999;2015
999;1559
999;134
1000;1921
1000;1946
1001;1215
1001;1182
1001;1775
1001;1665
1001;1718
1002;1540
1002;1801
1002;1622
1002;1312
1003;1272
1004;1636
1004;2143
1004;1372
1005;1056
1005;1188
1005;1839
1006;1334
1006;1477
1007;1802
1007;1590
1007;1190
1008;2058
1008;1852
1008;1189
1008;2161
1009;1725
1009;2161
1009;1432
1009;227
1010;2027
1010;1558
1010;2103
1011;1813
1011;2147
1011;1749
1012;2119
1012;1896
1012;1290
1013;1601
1014;1630
1014;1886
1014;2114
1014;1082
1015;1217
1015;1981
1015;1443
1016;1600
1016;2062
1016;57
1016;747
1016;397
1017;1817
1017;1297
1017;609
1017;1929
1017;1892
1018;521
1019;1410
1019;1421
1019;1459
1019;324
1020;2107
1020;1501
1021;1265
1021;592
1021;2061
1021;133
1022;263
1022;316
1023;1105
1023;2082
1023;2174
1023;1239
1024;1741
1024;1725
1024;1505
1024;650
1025;1413
1025;2077
1025;334
1026;2162
1026;1623
1026;2049
1027;1989
1027;1093
1027;611
1028;1448
1028;1791
1028;1753
1029;1688
1029;1697
1029;1823
1029;1137
1030;2051
1030;1479
1030;2050
1031;1692
1031;1244
1031;2165
1032;1267
1032;1541
1032;1375
1033;2097
1033;1980
1033;1198
1034;1282
1034;1534
1034;1580
1035;1427
1035;1617
1035;1967
1035;275
1036;1246
1036;1939
1037;1731
1038;2009
1038;318
1038;522
1038;1955
1039;1594
1039;1985
1039;1555
1040;2008
1040;2090
1040;277
1041;1336
1041;1155
1041;1052
1041;1090
1042;1538
1042;1781
1043;1052
1043;1610
1044;1219
1044;1425
1044;1890
1045;1490
1045;1581
1046;1810
1046;1591
1046;1535
1047;1531
1047;989
1047;1988
1048;1406
1048;1202
1048;1761
1049;1956
1049;1197
1049;1517
1049;1595
1050;1494
1050;1718
1050;1682
1050;1407
1051;1104
1051;1715
1051;1659
1052;1090
1052;681
1052;1155
1053;2001
1053;1480
1053;1832
1053;1656
1053;1445
1054;1085
1054;1216
1054;1343
1055;2154
1055;1232
1055;1934
1055;1943
1056;1571
1056;1547
1057;2137
1057;1366
1057;1911
1058;1719
1058;1873
1058;1591
1059;2172
1059;1954
1059;1302
1059;1631
1060;1153
1060;2158
1060;470
1060;1470
1060;1374
1061;1373
1061;1653
1061;1387
1062;1123
1062;1460
1062;1744
1062;303
1063;1608
1063;1965
1063;277
1063;2052
1064;1894
1064;1468
1064;531
1064;1822
1065;1352
1065;420
1066;1090
1066;1446
1066;1698
1066;1052
1066;242
1067;497
1068;1739
1068;2052
1068;1800
1068;1953
1069;1335
1069;1781
1069;1042
1069;1538
1070;1677
1070;222
1070;1269
1071;1289
1071;140
1071;1979
1071;714
1072;2011
1072;1667
1072;1315
1072;1295
1073;1452
1073;1333
1073;1629
1074;1997
1074;1830
1074;2034
1074;1026
1075;2040
1075;2016
1075;1461
1075;41
1076;1762
1076;1460
1076;446
1077;1136
1077;431
1077;334
1078;1595
1078;1071
1078;1956
1079;1316
1079;1424
1079;1687
1080;1885
1080;1670
1080;1537
1081;1889
1082;2114
1082;1630
1083;1891
1083;1472
1083;1901
1083;103
1084;2026
1084;97
1084;304
1085;1343
1085;1216
1085;1465
1086;1593
1087;1816
1087;1658
1087;844
1087;1872
1087;661
1088;1426
1088;1322
1088;1173
1088;384
1089;1137
1089;1257
1089;1697
1089;1029
1090;1446
1090;242
1091;1935
1091;1984
1091;1845
1091;1881
1092;1484
1092;1769
1092;552
1092;2005
1093;1848
1094;1758
1094;674
1094;1376
1095;1616
1095;100
1095;1154
1096;1269
1096;1117
1096;1346
1097;1457
1097;1302
1098;1984
1098;1850
1098;657
1098;1167
1099;1348
1099;1668
1099;1133
1099;1543
1099;1855
1101;1939
1101;1968
1101;1510
1102;1986
1102;1743
1102;2113
1102;2
1103;1398
1103;1863
1103;2148
1103;1333
1104;648
1104;1777
1104;1715
1105;2082
1105;1239
1105;2174
1106;1452
1106;1333
1106;1253
1106;2148
1107;2111
1107;1368
1107;2029
1107;1717
1107;185
1108;1499
1108;700
1108;258
1109;1720
1109;1298
1109;692
1110;1277
1111;1464
1111;1763
1111;1901
1112;1883
1112;647
1113;1876
1113;1264
1114;1779
1115;2142
1115;1181
1115;998
1115;1353
1116;1160
1116;817
1117;1866
1117;1399
1117;1346
1117;1770
1118;2155
1118;357
1119;1501
1120;2110
1120;1627
1121;2163
1121;2170
1121;1847
1121;1644
1121;442
1122;463
1122;2124
1123;1978
1123;1708
1124;1861
1124;1162
1125;1724
1125;1393
1125;1200
1126;1502
1126;1619
1127;1273
1127;1218
1127;1187
1127;1371
1127;1976
1128;2132
1128;799
1128;235
1129;1355
1129;1423
1130;1713
1130;1150
1131;1798
1131;1722
1131;876
1132;1497
1132;1411
1132;1626
1132;2146
1133;1543
1133;1348
1133;1668
1134;1866
1134;1740
1135;1192
1135;1361
1136;2077
1137;1257
1137;1697
1138;1660
1138;766
1138;1903
1139;1365
1139;1307
1139;1647
1139;1454
1139;418
1140;1741
1140;1108
1141;1639
1141;1210
1141;1868
1142;1233
1142;2071
1142;2047
1143;1674
1143;1377
1143;1513
1144;1669
1144;1225
1144;499
1145;1973
1145;1468
1145;910
1145;972
1146;1391
1146;856
1146;1341
1146;2065
1147;1119
1147;1587
1148;1539
1149;1999
1149;1231
1149;2031
1149;1434
1150;1713
1150;1864
1150;2010
1151;1645
1151;1730
1152;394
1152;1195
1152;855
1152;1671
1153;2158
1153;1275
1153;2136
1154;2019
1154;1235
1154;1598
1154;1856
1155;1336
1156;1764
1156;2044
1156;630
1156;1480
1157;1751
1157;1191
1157;1707
1158;1402
1158;1948
1158;130
1158;1615
1159;1542
1159;2019
1159;481
1161;1329
1161;1263
1161;1271
1162;1747
1162;1268
1163;2036
1163;342
1163;300
1163;721
1164;1823
1164;339
1164;610
1165;843
1165;1735
1165;544
1166;1456
1166;1495
1167;1850
1167;1984
1167;1693
1167;821
1168;1306
1168;1482
1168;1842
1169;1431
1169;1489
1170;1854
1171;1201
1171;1094
1171;490
1172;1179
1172;706
1172;922
1172;827
1172;1618
1173;1441
1173;1511
1174;1274
1174;1950
1174;1659
1174;1715
1175;1671
1175;1316
1175;440
1175;161
1176;2134
1176;1684
1177;1645
1178;2005
1178;2014
1178;1700
1178;1769
1179;1618
1179;1950
1180;2103
1180;1558
1180;619
1180;2027
1180;1010
1181;2142
1181;1676
1181;1504
1181;1912
1182;1215
1182;1665
1182;1775
1183;2020
1184;1296
1184;774
1185;1990
1185;1746
1185;1578
1185;1518
1186;2023
1186;2131
1186;1328
1187;1218
1187;1908
1187;1324
1188;1204
1188;633
1189;2161
1189;1655
1189;1760
1190;1802
1190;1590
1191;1751
1191;2106
1192;1931
1192;1913
1193;1786
1193;1799
1193;1797
1194;1433
1194;1416
1194;2045
1194;538
1195;1250
1195;2087
1195;1675
1196;1234
1196;1363
1196;1784
1197;1330
1197;1834
1197;1403
1197;1956
1198;2097
1198;1287
1199;1574
1199;1942
1199;1304
1199;193
1199;1281
1200;1724
1201;674
1201;70
1201;490
1202;1406
1203;1966
1203;675
1203;2179
1204;2049
1204;2098
1204;1623
1205;1773
1205;1245
1205;1858
1205;1503
1206;1990
1206;1185
1206;1768
1206;2080
1206;32
1207;399
1208;1560
1208;2072
1208;527
1209;1604
1209;1820
1209;1940
1210;1868
1210;1639
1211;699
1211;1498
1212;354
1212;1808
1213;1431
1213;1489
1214;2145
1214;2178
1215;1665
1215;1775
1216;1343
1217;1190
1218;1273
1218;1371
1219;1425
1219;1890
1219;20
1220;1945
1220;1879
1220;2144
1221;1728
1221;1417
1221;2024
1221;1726
1221;2126
1222;2123
1222;1860
1222;1755
1222;2153
1222;1930
1223;1565
1223;1370
1223;1937
1223;1585
1224;1289
1224;1979
1225;1669
1226;2157
1226;614
1228;286
1228;1285
1228;649
1229;1500
1230;1710
1230;1552
1230;2134
1231;1434
1231;2031
1231;1290
1231;1999
1232;2154
1232;1934
1233;2071
1233;2047
1234;1784
1234;1363
1235;1598
1235;1681
1235;1856
1235;1624
1236;1515
1236;2004
1237;2090
1238;1318
1239;2082
1239;101
1240;159
1241;1473
1241;1975
1242;2102
1242;1893
1242;1948
1243;1815
1243;1764
1243;1612
1243;2044
1244;1692
1244;2165
1245;1773
1246;1101
1246;896
1246;421
1246;1939
1247;1384
1247;1467
1248;736
1248;1075
1248;908
1249;2030
1249;1542
1250;1687
1250;369
1250;1675
1251;1344
1251;1835
1251;1910
1251;779
1252;1924
1252;1404
1252;685
1252;36
1253;1452
1253;1073
1253;432
1254;1951
1254;1563
1255;1603
1255;1833
1255;1870
1255;1627
1256;1974
1256;1527
1257;455
1257;1697
1257;1029
1258;1807
1258;1819
1258;2171
1259;1409
1259;1545
1259;2042
1260;1301
1260;1640
1260;1615
1261;1796
1261;2042
1262;1648
1262;1827
1263;1271
1263;1329
1263;1557
1264;1876
1264;2176
1266;645
1266;1425
1266;1590
1267;1541
1267;1283
1268;1747
1269;1117
1270;1871
1271;1329
1271;1557
1272;1160
1273;1371
1273;1976
1273;1971
1274;1950
1274;1659
1275;2043
1275;470
1276;1448
1276;1815
1276;1243
1276;1028
1276;1612
1277;1803
1277;391
1277;718
1278;1583
1278;932
1279;1783
1279;1857
1279;2022
1279;151
1280;145
1280;1754
1280;1286
1281;1869
1282;1580
1282;1435
1282;429
1282;326
1282;1493
1283;1845
1283;1374
1283;1032
1284;1705
1284;2113
1284;689
1284;1463
1284;15
1285;1526
1286;1926
1286;1526
1286;788
1286;316
1287;1288
1287;2097
1288;2097
1288;1853
1288;1567
1288;853
1290;1434
1290;2031
1290;2119
1291;1149
1291;620
1291;2031
1291;423
1291;40
1292;1765
1293;1556
1293;2074
1293;1010
1294;1458
1294;1736
1294;1688
1294;1733
1295;1315
1295;1500
1295;1437
1295;1564
1295;825
1296;1313
1296;1629
1297;1892
1297;1929
1299;2149
1299;1641
1299;328
1299;421
1299;1939
1300;1454
1300;884
1301;1640
1301;1637
1301;716
1302;2172
1302;1457
1303;1790
1303;978
1303;2162
1304;2038
1304;1574
1305;1607
1305;2170
1305;442
1305;1041
1306;1842
1306;1482
1307;1365
1307;820
1308;1393
1308;2105
1308;1125
1309;1910
1309;2073
1309;1579
1309;1835
1310;2171
1311;1678
1311;1931
1311;1913
1311;194
1311;488
1312;1514
1312;1622
1312;2021
1312;497
1313;1629
1314;1684
1315;2011
1315;1500
1316;1958
1316;1401
1316;1424
1317;1661
1317;1453
1317;1711
1319;1506
1319;1568
1319;2095
1320;1877
1320;2013
1320;2093
1321;1709
1321;574
1321;1513
1321;479
1321;1208
1322;1367
1322;2169
1322;56
1323;1451
1323;1731
1324;1673
1324;1127
1324;846
1325;1861
1325;670
1326;1485
1326;1309
1326;61
1327;1716
1327;1573
1327;1589
1328;2023
1328;1523
1328;2131
1329;341
1330;1834
1330;1403
1330;1397
1330;2100
1331;1621
1331;1695
1331;1447
1333;1452
1334;1516
1334;1878
1335;2151
1335;2083
1336;1052
1336;242
1337;2081
1337;1829
1337;884
1338;1627
1338;1870
1338;1603
1339;1949
1339;1404
1339;2045
1340;2088
1340;2077
1340;750
1341;2065
1341;1422
1341;1748
1342;1805
1342;1349
1342;1651
1342;1215
1343;1465
1344;1835
1344;1910
1344;61
1344;2073
1345;1878
1345;1516
1345;1438
1346;1770
1346;1399
1347;1380
1347;905
1347;2069
1348;1543
1348;1668
1348;1855
1349;1805
1349;1651
1349;921
1350;1487
1350;1902
1350;810
1351;2144
1351;1879
1351;1220
1351;2039
1352;1720
1353;1570
1353;540
1354;1752
1354;1510
1354;1416
1354;1968
1355;1423
1355;144
1355;1889
1355;218
1356;517
1356;1951
1356;2073
1357;2116
1357;250
1357;1170
1357;108
1358;1218
1358;124
1358;1371
1358;846
1358;1908
1359;1794
1359;1198
1359;1670
1360;1417
1360;1378
1360;69
1361;588
1362;1723
1362;1663
1362;988
1363;1784
1364;588
1364;246
1364;486
1365;1647
1365;1454
1366;1567
1366;1853
1367;2146
1367;1626
1367;2169
1368;2111
1368;2029
1368;1532
1368;1865
1369;1814
1369;1461
1369;1002
1370;1565
1370;1937
1370;1694
1371;1971
1371;1976
1372;1685
1372;1548
1372;2012
1373;1653
1373;1387
1373;1620
1373;667
1374;2136
1374;1470
1374;2158
1374;1845
1375;1782
1375;1809
1375;444
1376;1758
1376;797
1377;1662
1377;1674
1378;1262
1378;1572
1379;1825
1379;1914
1379;436
1381;1385
1381;1787
1381;1113
1381;1264
1382;2159
1382;1390
1382;1930
1383;1476
1383;1742
1384;1467
1384;2122
1385;1113
1385;1787
1385;230
1386;1703
1386;1564
1386;1437
1387;1547
1387;1571
1388;1702
1388;1612
1389;1818
1389;164
1390;2104
1390;2159
1391;950
1391;929
1392;1824
1392;1463
1393;1724
1394;217
1394;918
1394;1433
1395;1584
1395;1963
1395;2155
1396;1420
1396;1471
1396;1900
1396;1683
1397;1403
1397;1834
1398;2148
1398;1863
1398;1333
1399;1866
1399;1770
1400;1462
1400;1813
1400;2147
1401;1958
1401;1423
1401;218
1402;1615
1402;1260
1403;1834
1403;402
1403;1956
1404;1949
1404;2045
1404;350
1405;789
1405;1570
1405;1592
1407;1718
1407;1682
1407;1775
1408;1924
1408;952
1409;1545
1409;2042
1410;1421
1410;1459
1410;246
1410;324
1411;1626
1411;2146
1411;1497
1412;1429
1412;1492
1412;2064
1412;925
1412;976
1413;1884
1414;1536
1414;1524
1415;1761
1415;1780
1415;2074
1416;1433
1417;1728
1417;414
1418;1546
1418;1518
1419;2167
1419;1812
1419;451
1420;1471
1420;2148
1420;1398
1420;1900
1421;324
1421;583
1422;1748
1423;1483
1424;1958
1424;1401
1425;1890
1425;20
1426;1840
1426;870
1426;1626
1426;2146
1427;1617
1427;732
1428;1495
1428;1456
1428;807
1428;1166
1429;1492
1429;2064
1429;976
1430;1915
1432;1505
1432;1725
1432;209
1432;746
1433;408
1433;1569
1433;538
1434;2031
1434;1999
1434;2119
1435;1580
1435;1493
1436;1478
1436;96
1436;1599
1437;1564
1437;1703
1438;1878
1438;2135
1438;940
1439;1465
1439;1508
1439;1054
1440;1776
1440;2175
1441;1511
1442;1987
1442;1769
1442;2005
1442;1092
1443;1981
1443;1525
1443;1614
1443;925
1444;1475
1444;2056
1444;2133
1445;1712
1445;2001
1445;1832
1446;1698
1446;1847
1446;759
1447;1621
1447;1695
1448;1793
1448;1815
1448;1243
1449;971
1449;1880
1450;2168
1450;420
1451;1704
1451;1588
1451;2108
1453;1661
1453;1717
1453;1843
1454;156
1455;2063
1456;1592
1456;1495
1458;1736
1458;1733
1459;2006
1459;2018
1459;296
1459;1936
1459;324
1460;1744
1460;963
1461;1814
1461;2040
1462;1813
1462;2147
1464;1763
1464;1913
1464;1931
1465;2140
1466;1895
1466;2060
1467;2122
1467;1886
1467;2035
1468;531
1468;1973
1468;1894
1469;1760
1469;937
1469;1649
1470;1599
1470;2158
1471;30
1471;2148
1471;1900
1472;1891
1473;2160
1473;857
1474;1881
1474;1657
1474;1935
1474;1091
1475;2056
1475;2133
1475;1827
1476;1651
1476;1742
1476;669
1477;1906
1477;1960
1477;808
1478;1809
1478;96
1478;274
1478;1599
1479;1716
1479;2086
1480;1832
1480;1656
1480;2001
1481;1533
1481;1836
1481;815
1481;66
1482;1842
1483;141
1483;1889
1483;1401
1484;1769
1484;2005
1485;1787
1485;1309
1486;2085
1486;1522
1487;2060
1487;1895
1487;164
1488;116
1488;214
1488;37
1488;536
1488;2156
1489;1431
1490;1581
1490;700
1490;2115
1491;1710
1491;2134
1491;46
1492;2064
1492;925
1492;836
1493;1767
1493;1632
1493;1528
1494;1718
1494;1775
1494;1682
1495;1592
1496;2041
1497;870
1497;1626
1497;2146
1498;1683
1499;2115
1499;1561
1500;1437
1502;1619
1503;1858
1503;1917
1503;1671
1504;1676
1504;1549
1504;814
1504;810
1505;1725
1505;1741
1506;2095
1506;1568
1507;1873
1508;1363
1508;974
1509;1566
1509;1957
1509;56
1510;1752
1510;1416
1511;2061
1511;133
1512;1635
1512;2132
1513;1674
1513;423
1513;953
1514;1622
1515;2004
1515;206
1515;2141
1516;1878
1517;1643
1517;1605
1517;1595
1518;1578
1518;1546
1518;1990
1519;1862
1519;1680
1520;1836
1520;2004
1521;2084
1522;1569
1522;2085
1522;372
1522;1194
1523;2131
1523;2023
1523;850
1524;2143
1525;1981
1525;1614
1526;1778
1526;286
1527;1974
1528;1632
1528;1767
1529;2152
1529;2075
1529;1034
1529;129
1530;1712
1530;1445
1531;1988
1532;2178
1532;1848
1533;1836
1534;1729
1534;1554
1534;252
1535;1740
1537;2037
1538;1781
1538;443
1540;1801
1540;1622
1540;143
1541;1375
1542;2019
1543;1998
1544;1925
1544;1412
1545;2066
1546;1578
1547;1571
1548;1685
1548;1004
1549;1664
1550;2166
1550;1577
1551;1934
1552;2134
1552;598
1553;1908
1554;1806
1554;326
1554;942
1555;1594
1555;1724
1556;2074
1556;1771
1556;1010
1558;2103
1558;2027
1559;2015
1559;134
1560;527
1560;335
1560;1857
1561;2047
1561;2115
1561;2071
1562;1089
1562;1137
1562;455
1562;1257
1563;517
1563;1792
1563;2176
1564;1703
1565;1937
1565;1585
1566;1871
1567;1853
1567;1057
1568;2095
1569;1486
1569;1194
1572;1903
1572;535
1572;1003
1573;1716
1573;1589
1574;1942
1574;848
1575;972
1575;1048
1575;1059
1575;889
1575;2172
1576;1909
1576;1606
1576;2128
1576;1609
1577;2067
1578;1746
1579;1910
1579;1977
1579;61
1580;429
1580;1493
1582;239
1582;2103
1582;1422
1583;1996
1583;1225
1583;354
1584;1963
1584;2155
1584;1750
1585;1846
1585;1937
1585;1370
1586;2173
1586;1771
1586;2027
1586;290
1587;2070
1587;244
1587;1119
1588;1704
1589;1278
1589;354
1590;1802
1591;1810
1592;2102
1593;1778
1594;886
1595;1956
1596;1689
1596;1911
1596;1732
1597;1944
1597;2075
1597;1831
1597;1615
1598;1856
1598;393
1598;1681
1598;438
1599;1809
1599;1375
1599;1782
1600;2062
1600;397
1600;57
1602;1841
1602;2138
1602;2130
1603;1627
1603;1870
1603;2120
1604;1820
1604;1940
1605;1609
1605;1643
1605;714
1605;383
1606;1909
1606;1888
1606;2128
1606;1609
1607;2170
1607;2163
1608;1965
1608;2052
1608;277
1609;1909
1609;383
1610;1755
1610;1860
1610;1738
1611;1364
1611;177
1611;1673
1612;1815
1612;1764
1613;1700
1614;1981
1615;1831
1615;716
1616;891
1618;706
1618;1274
1620;2087
1620;394
1621;1695
1623;2049
1623;594
1624;1681
1624;1159
1626;2146
1627;2120
1627;2110
1627;2078
1628;755
1628;1625
1628;211
1630;1886
1630;2114
1631;1954
1631;1802
1632;1767
1633;1863
1633;2174
1635;1496
1635;2041
1636;2143
1637;1785
1637;1729
1638;783
1638;1835
1638;2073
1638;1344
1638;1356
1639;2008
1639;1868
1639;409
1641;2149
1641;1332
1641;675
1642;1721
1642;1745
1642;2096
1642;1121
1642;563
1643;1609
1644;2163
1644;2015
1644;134
1645;1730
1646;1625
1646;1667
1647;1944
1647;1454
1648;1827
1648;69
1649;937
1649;1731
1650;1691
1651;1116
1651;817
1652;1738
1652;1772
1652;2007
1652;1610
1652;1686
1653;1969
1653;1995
1653;597
1655;1994
1655;2161
1656;1832
1656;2001
1657;1881
1657;518
1657;1238
1658;1816
1659;1715
1660;1903
1661;1711
1662;1593
1663;1825
1663;1723
1665;1775
1665;1718
1666;2112
1666;2017
1666;2089
1666;2101
1667;2011
1667;1315
1668;1855
1670;1794
1670;861
1670;793
1671;1205
1671;1858
1672;2078
1672;2110
1673;1187
1674;1086
1674;1593
1675;2057
1675;2108
1675;2046
1676;2142
1676;1115
1676;2047
1677;1962
1677;410
1677;2
1678;1692
1678;1931
1679;548
1680;1828
1680;1862
1681;259
1681;1154
1682;1718
1683;832
1683;1923
1683;699
1685;2012
1685;507
1686;2007
1686;1738
1686;1772
1687;406
1688;1697
1688;1823
1688;1137
1689;1911
1689;1057
1689;1732
1690;1186
1691;82
1693;1850
1693;1984
1693;1098
1694;1937
1694;1565
1694;1223
1694;171
1696;917
1698;1847
1698;366
1700;2014
1702;2099
1704;2108
1705;2113
1705;689
1705;1986
1706;1836
1706;2004
1706;1236
1706;1520
1707;1751
1707;1035
1707;1617
1707;1427
1708;1978
1708;737
1708;303
1708;360
1709;686
1709;561
1709;2072
1711;1727
1712;2001
1712;1053
1713;2010
1714;914
1714;1958
1714;1401
1717;0
1717;932
1718;1775
1719;1873
1719;439
1721;1745
1721;1460
1721;2096
1722;248
1722;958
1722;1851
1723;1825
1724;986
1724;1308
1725;1741
1726;2024
1726;544
1726;67
1727;1661
1728;2126
1728;271
1728;888
1729;1785
1729;892
1732;1759
1732;1911
1732;1366
1733;1736
1734;1760
1734;1994
1735;1796
1737;1859
1738;1772
1738;255
1738;2007
1739;2052
1739;1800
1739;1953
1742;2032
1742;888
1743;496
1744;1928
1744;1993
1745;999
1745;1644
1745;2096
1746;2067
1746;1577
1748;837
1749;1868
1749;1141
1750;1844
1750;2155
1751;2106
1752;1968
1752;148
1753;1791
1754;1874
1754;874
1755;1860
1755;1043
1757;2070
1757;2175
1757;216
1757;2164
1758;543
1759;1911
1759;1366
1761;1780
1761;1202
1761;1406
1762;780
1763;1913
1764;2044
1764;1941
1765;1992
1765;216
1766;630
1766;867
1766;2001
1768;1990
1768;1518
1768;1185
1769;2005
1769;917
1771;2027
1771;1010
1772;2007
1773;1858
1774;1846
1774;1124
1774;1942
1774;1585
1774;670
1775;993
1776;1922
1776;2094
1776;2164
1780;2168
1782;1809
1782;1032
1782;444
1783;2022
1783;1905
1783;359
1784;1905
1785;252
1785;892
1785;716
1786;1799
1786;1797
1788;2000
1788;238
1788;2067
1789;1920
1789;1907
1789;1588
1789;308
1790;2162
1790;1026
1791;1795
1792;1254
1793;1028
1793;1276
1793;2044
1793;887
1794;2037
1794;861
1794;361
1795;2046
1795;2057
1797;1799
1797;215
1798;811
1798;1877
1800;1953
1801;1622
1801;143
1803;718
1803;468
1803;329
1804;1955
1805;1651
1805;669
1806;1528
1807;1819
1807;2171
1808;2171
1809;1470
1810;1982
1810;1995
1811;882
1811;700
1811;1422
1812;1343
1812;1216
1812;1085
1812;1054
1813;298
1814;371
1815;228
1816;1872
1816;744
1817;1297
1817;1457
1817;609
1818;2060
1820;1940
1820;1888
1821;2084
1821;1898
1821;1521
1822;636
1822;1932
1823;1697
1824;240
1824;1151
1825;1914
1826;1297
1826;1892
1827;2056
1828;1862
1828;365
1828;1519
1829;2081
1829;251
1829;1402
1829;1948
1830;2034
1830;1997
1832;2001
1833;1870
1833;1770
1834;402
1835;2073
1835;1910
1837;2118
1837;2002
1837;68
1838;1851
1838;1914
1839;1056
1839;1188
1840;1411
1840;1626
1840;2146
1841;2138
1841;2130
1841;903
1841;2127
1843;1225
1843;932
1843;2093
1844;1768
1845;1935
1846;1223
1846;1124
1846;125
1847;366
1847;187
1849;1946
1849;152
1849;1000
1850;1984
1850;821
1851;1914
1852;2058
1852;1189
1853;992
1853;72
1855;382
1857;1234
1857;1196
1858;1917
1859;516
1860;681
1865;2029
1865;2111
1866;1346
1866;222
1869;368
1872;2089
1872;2112
1874;126
1874;2010
1875;1961
1875;316
1876;2176
1876;1960
1877;2013
1877;233
1879;2144
1879;2039
1880;1998
1880;696
1881;1935
1882;1507
1882;1753
1883;559
1884;2165
1885;1537
1886;2122
1887;2085
1888;2128
1888;1909
1891;1901
1892;1929
1893;1948
1893;51
1893;2102
1894;452
1894;1145
1894;1932
1895;2060
1896;823
1896;2119
1897;2096
1897;1828
1897;579
1897;1680
1898;2084
1899;2177
1899;1854
1899;2054
1899;456
1900;1923
1900;1683
1900;729
1901;1763
1902;1912
1902;1664
1904;2016
1904;1441
1904;1173
1905;2022
1905;1234
1906;1960
1906;808
1907;1920
1907;1992
1909;2128
1911;992
1911;1366
1912;814
1912;2142
1913;1931
1914;1996
1915;419
1916;2104
1916;2160
1916;341
1917;946
1918;2036
1918;1489
1918;1169
1919;1959
1919;412
1920;142
1920;1451
1920;1588
1921;1946
1922;2094
1922;494
1922;2164
1923;1498
1923;485
1925;2042
1925;1261
1926;1961
1926;649
1927;1766
1927;851
1928;1993
1930;2123
1930;578
1931;1763
1932;1703
1932;636
1933;29
1933;2020
1933;2059
1933;2154
1933;812
1934;1943
1936;2006
1938;2147
1938;298
1938;1400
1939;1968
1939;1752
1941;228
1941;1612
1942;1281
1942;1585
1943;2154
1944;1365
1944;1454
1945;2129
1947;1964
1947;2015
1948;1402
1949;2045
1950;646
1951;1563
1952;2113
1952;157
1952;1986
1954;2172
1955;2009
1956;307
1957;2063
1958;1423
1959;412
1960;2176
1961;316
1962;38
1963;1750
1963;2155
1964;2015
1965;2052
1965;2090
1966;2179
1967;132
1967;1168
1967;1306
1967;1842
1968;538
1968;1510
1969;1995
1969;439
1970;873
1970;1240
1970;151
1970;264
1971;1976
1972;1649
1972;854
1972;1388
1972;237
1973;1406
1975;2135
1976;1988
1977;1910
1977;1309
1977;61
1978;737
1978;1928
1978;303
1979;1289
1979;947
1980;2137
1980;1057
1980;72
1980;956
1980;1203
1982;1740
1982;1995
1982;804
1983;878
1983;1938
1983;2147
1986;2113
1986;1743
1987;1769
1987;2005
1988;1971
1988;1273
1989;302
1989;1093
1989;11
1991;2153
1991;2035
1991;2122
1991;378
1992;19
1993;360
1994;2161
1996;1379
1996;697
1997;2034
1997;1026
1998;765
2000;2067
2000;1206
2002;240
2002;1463
2003;2080
2003;1206
2003;919
2003;9
2004;717
2004;2141
2008;2090
2010;2117
2010;996
2010;1864
2011;825
2011;476
2012;435
2012;489
2013;2093
2013;201
2014;95
2014;2005
2014;87
2016;2040
2017;2112
2017;2089
2017;744
2018;296
2018;2006
2020;2059
2021;497
2022;584
2023;2131
2025;205
2025;622
2025;510
2025;883
2026;97
2027;2103
2028;2037
2029;2111
2032;2126
2032;271
2033;2076
2033;2086
2033;913
2035;2122
2035;2153
2035;638
2036;300
2039;2144
2039;1233
2040;599
2040;39
2042;1796
2043;1701
2043;470
2044;630
2046;2057
2046;2108
2046;975
2048;339
2048;951
2049;978
2049;2098
2050;1496
2051;2086
2052;2090
2053;1812
2053;1465
2053;451
2054;2177
2055;707
2057;2108
2057;975
2058;1189
2058;2161
2059;1183
2059;360
2060;712
2061;1265
2062;1568
2062;747
2062;1319
2063;1472
2065;1422
2065;1748
2066;982
2066;1259
2067;1185
2068;448
2068;2100
2068;1300
2068;156
2068;1699
2069;1854
2069;1899
2070;2175
2070;477
2070;1119
2071;2047
2072;1508
2072;2140
2072;686
2074;533
2074;880
2075;2152
2075;1139
2076;272
2077;2088
2078;2110
2079;867
2079;851
2079;1766
2079;749
2080;1788
2081;2127
2081;884
2082;2174
2083;508
2086;1723
2088;1136
2089;2112
2091;396
2091;1538
2091;1042
2092;1067
2092;1514
2092;356
2094;494
2094;1440
2096;1993
2096;1744
2098;1623
2098;978
2099;770
2099;1388
2100;805
2100;448
2100;1834
2101;2112
2102;179
2104;2160
2104;857
2105;1393
2106;84
2108;308
2109;1867
2110;2120
2111;1717
2114;966
2117;1864
2117;624
2117;534
2118;2002
2119;834
2119;996
2120;2078
2120;389
2120;995
2121;1715
2121;1659
2121;648
2123;569
2123;1755
2123;1382
2124;1409
2124;798
2125;708
2125;249
2126;1742
2127;430
2127;1699
2127;251
2127;1602
2128;739
2129;1220
2130;2127
2133;577
2135;498
2135;1947
2136;2158
2137;1366
2138;2130
2138;2127
2138;903
2139;68
2139;355
2141;206
2142;1504
2143;507
2145;2178
2145;652
2145;664
2148;1333
2149;560
2149;137
2150;2179
2150;956
2150;612
2150;1966
2151;446
2152;1034
2153;2122
2156;1722
2159;1263
2163;2170
2163;459
2164;2175
2164;1440
2165;45
2166;1577
2167;93
2167;243
2167;1812
2167;451
2168;363
2172;1631
2173;2094
2177;1854
2180;2029
2180;1368
2180;2111
2180;1865
2180;503
2181;1631
2181;653
2181;1954
2181;1059
2181;363
2182;2064
2182;1412
2182;1429
2182;976
2182;1492
2183;2182
2183;54
2183;2064
2183;976
2183;453
2184;603
2184;1109
2184;1298
2184;819
2184;916
2185;1212
2185;90
2185;935
2185;388
2185;1808
2186;1107
2186;2111
2186;1368
2186;1717
2186;2029
2187;367
2187;1097
2187;1302
2187;707
2187;1457
2188;1717
2188;1107
2188;2186
2188;2111
2188;2185
2189;1819
2189;938
2189;898
2189;1807
2189;1258
2190;1848
2190;1093
2190;302
2190;492
2190;525
2191;1298
2191;603
2191;1109
2191;2184
2191;219
2192;492
2192;2190
2192;1890
2192;1848
2192;1219
2193;1214
2193;2145
2193;2178
2193;375
2193;1867
2194;2171
2194;595
2194;1310
2194;487
2194;1808
2195;525
2195;1848
2195;2178
2195;1532
2195;492
2196;799
2196;464
2196;692
2196;1720
2196;819
2197;1327
2197;1716
2197;1573
2197;436
2197;1589
2198;2186
2198;185
2198;1661
2198;1107
2198;1453
2199;348
2199;707
2199;1097
2199;367
2199;2055
2200;1065
2200;1352
2200;280
2200;377
2200;163
2201;2055
2201;565
2201;348
2201;2199
2201;232
2202;283
2202;925
2202;1525
2202;976
2202;20
2203;2192
2203;492
2203;1890
2203;62
2203;1219
2204;577
2204;287
2204;2145
2204;664
2204;1727
2205;1190
2205;1007
2205;1590
2205;1015
2205;645
2206;2185
2206;1212
2206;90
2206;935
2206;388
2207;367
2207;1302
2207;2187
2207;1097
2207;1457
2208;2168
2208;1450
2208;658
2208;172
2208;1065
2209;2171
2209;1808
2209;595
2209;2194
2209;388
2210;2195
2210;1848
2210;525
2210;2178
2210;492
2211;1614
2211;836
2211;338
2211;1525
2211;1443
2212;784
2212;1015
2212;778
2212;1981
2212;1217
2213;2055
2213;2201
2213;232
2213;348
2213;565
2214;188
2214;13
2214;1214
2214;652
2214;577
2215;2202
2215;925
2215;283
2215;976
2215;1525
2216;2172
2216;1059
2216;1302
2216;1954
2216;2207
2217;645
2217;1590
2217;202
2217;1802
2217;1007
2218;2171
2218;2194
2218;2209
2218;595
2218;1310
2219;2186
2219;2198
2219;664
2219;1661
2219;1711
2220;1614
2220;2211
2220;2212
2220;1981
2220;1443
2221;13
2221;188
2221;155
2221;786
2221;2214
2222;786
2222;188
2222;13
2222;2221
2222;135
2223;976
2223;54
2223;283
2223;2183
2223;2215
2224;577
2224;2145
2224;1214
2224;652
2224;2204
2225;2216
2225;2172
2225;1302
2225;1457
2225;1059
2226;2193
2226;1214
2226;2145
2226;375
2226;79
2227;453
2227;983
2227;2183
2227;54
2227;2182
2228;893
2228;1310
2228;487
2228;692
2228;668
2229;1217
2229;2187
2229;653
2229;1190
2229;2207
2230;1717
2230;2188
2230;0
2230;932
2230;1453
2231;453
2231;2227
2231;2183
2231;2182
2231;983
2232;1065
2232;2208
2232;2200
2232;172
2232;280
2233;1128
2233;464
2233;668
2233;2132
2233;2196
2234;2204
2234;664
2234;2178
2234;287
2234;2145
2235;1492
2235;925
2235;1429
2235;2064
2235;2215
2236;492
2236;2203
2236;2192
2236;1867
2236;2210
2237;363
2237;1631
2237;2181
2237;653
2237;1954
2238;2184
2238;1109
2238;603
2238;819
2238;1720
2239;79
2239;375
2239;553
2239;2226
2239;2109
2240;2168
2240;889
2240;2208
2240;172
2240;1450
2241;595
2241;1808
2241;2209
2241;659
2241;2171
2242;1097
2242;707
2242;367
2242;1457
2242;2199
2243;1107
2243;2111
2243;2188
2243;2029
2243;1368
2244;969
2244;565
2244;338
2244;885
2244;65
2245;565
2245;2244
2245;2201
2245;370
2245;2213
2246;1865
2246;503
2246;474
2246;2180
2246;2029
2247;172
2247;1780
2247;2232
2247;2208
2247;2240
2248;474
2248;1989
2248;1027
2248;302
2248;1093
2249;2178
2249;2234
2249;2145
2249;2204
2249;2193
2250;2201
2250;2055
2250;2213
2250;565
2250;348
2251;2191
2251;1989
2251;1027
2251;603
2251;1298
2252;2251
2252;1989
2252;2191
2252;2248
2252;2228
2253;1065
2253;2200
2253;280
2253;2232
2253;163
2254;1412
2254;1429
2254;2182
2254;1492
2254;2064
2255;1954
2255;1059
2255;2181
2255;2172
2255;2216
2256;2209
2256;1808
2256;2241
2256;595
2256;2171
2257;2238
2257;2184
2257;1109
2257;603
2257;819
2258;232
2258;2220
2258;2213
2258;2055
2258;778
2259;1044
2259;1425
2259;1219
2259;20
2259;1890
2260;1190
2260;1007
2260;1802
2260;2229
2260;202
2261;377
2261;235
2261;799
2261;912
2261;2196
2262;653
2262;2255
2262;1302
2262;2216
2262;2181
2263;2185
2263;2206
2263;2243
2263;2188
2263;1107
2264;1954
2264;2255
2264;2181
2264;1059
2264;1631
2265;2055
2265;2213
2265;2201
2265;2250
2265;348
2266;2180
2266;1368
2266;2029
2266;2111
2266;1532
2267;2224
2267;577
2267;1214
2267;652
2267;2145
2268;2211
2268;836
2268;1614
2268;338
2268;2220
2269;1450
2269;2168
2269;658
2269;2208
2269;2240
2270;2199
2270;348
2270;232
2270;707
2270;2055
2271;280
2271;2200
2271;1065
2271;1352
2271;2253
2272;889
2272;2168
2272;2269
2272;1450
2272;2240
2273;2236
2273;2193
2273;492
2273;1867
2273;2203
2274;188
2274;786
2274;2221
2274;2222
2274;13
2275;2109
2275;553
2275;79
2275;54
2275;375
2276;2183
2276;2182
2276;2064
2276;976
2276;2223
2277;889
2277;2272
2277;2240
2277;2168
2277;1954
2278;668
2278;1128
2278;2233
2278;1310
2278;464
2279;1298
2279;2184
2279;603
2279;1109
2279;916
2280;611
2280;11
2280;1266
2280;1890
2280;1027
2281;2214
2281;2267
2281;2221
2281;13
2281;652
2282;2240
2282;172
2282;2168
2282;2277
2282;889
2283;1044
2283;1219
2283;1425
2283;1890
2283;2259
2284;2188
2284;1107
2284;1717
2284;2243
2284;2230
2285;92
2285;1415
2285;113
2285;1780
2285;2247
2286;2133
2286;652
2286;1727
2286;728
2286;1711
2287;2274
2287;188
2287;2214
2287;2221
2287;786
2288;2216
2288;1302
2288;2172
2288;2225
2288;1059
2289;2261
2289;377
2289;235
2289;912
2289;799
2290;2183
2290;2276
2290;54
2290;2182
2290;2223
2291;565
2291;2245
2291;2213
2291;2265
2291;2250
2292;2213
2292;2258
2292;2055
2292;2265
2292;232
2293;2185
2293;2263
2293;2206
2293;659
2293;1808
2294;2201
2294;2250
2294;2265
2294;2055
2294;2213
2295;11
2295;2280
2295;611
2295;1027
2295;1266
2296;2210
2296;2195
2296;2273
2296;2236
2296;492
2297;2293
2297;503
2297;659
2297;2263
2297;1865
2298;232
2298;2258
2298;2055
2298;2292
2298;2270
2299;2245
2299;565
2299;370
2299;1014
2299;2244
2300;188
2300;2274
2300;2287
2300;2221
2300;2214
2301;172
2301;1780
2301;2247
2301;2282
2301;1761
2302;799
2302;464
2302;2196
2302;2233
2302;692
2303;2198
2303;2219
2303;1661
2303;2186
2303;185
2304;2259
2304;1981
2304;1044
2304;1425
2304;20
2305;2132
2305;235
2305;912
2305;2302
2305;799
2306;219
2306;190
2306;2191
2306;1027
2306;2295
2307;1059
2307;2172
2307;2216
2307;2255
2307;1954
2308;2256
2308;2209
2308;1808
2308;2241
2308;388
2309;1352
2309;2271
2309;280
2309;2200
2309;1065
2310;2301
2310;2282
2310;172
2310;1780
2310;2240
2311;1298
2311;916
2311;2279
2311;2184
2311;219
2312;2292
2312;2268
2312;338
2312;2258
2312;2211
2313;2259
2313;1425
2313;2304
2313;1044
2313;1219
2314;2205
2314;1266
2314;645
2314;1590
2314;2217
2315;1981
2315;1443
2315;20
2315;2304
2315;1525
2316;2192
2316;492
2316;2190
2316;1890
2316;2203
2317;2244
2317;2245
2317;2299
2317;565
2317;2291
2318;885
2318;338
2318;65
2318;2268
2318;836
2319;2248
2319;2252
2319;474
2319;1989
2319;2228
2320;836
2320;2235
2320;2318
2320;2211
2320;2268
2321;2228
2321;893
2321;487
2321;1310
2321;2319
2322;2246
2322;1865
2322;474
2322;503
2322;2319
2323;2205
2323;2314
2323;1190
2323;1007
2323;1590
2324;2252
2324;1989
2324;2251
2324;2319
2324;2248
2325;1802
2325;202
2325;1007
2325;1590
2325;2217
2326;2251
2326;2191
2326;2324
2326;1989
2326;1027
2327;658
2327;363
2327;1450
2327;2237
2327;420
2328;2029
2328;2111
2328;2180
2328;1368
2328;2243
2329;2250
2329;2201
2329;2294
2329;565
2329;2245
2330;2207
2330;2187
2330;367
2330;1302
2330;1097
2331;2311
2331;2191
2331;1298
2331;219
2331;2279
2332;664
2332;2219
2332;2186
2332;287
2332;2303
2333;2109
2333;2275
2333;553
2333;79
2333;2239
2334;62
2334;2283
2334;1044
2334;2203
2334;20
2335;2308
2335;388
2335;2256
2335;2209
2335;90
2336;2205
2336;2323
2336;2314
2336;2313
2336;2304
2337;2231
2337;453
2337;2227
2337;2183
2337;2290
2338;2247
2338;1780
2338;2285
2338;172
2338;2232
2339;1027
2339;2326
2339;2306
2339;1989
2339;2251
2340;2228
2340;2321
2340;2319
2340;893
2340;2252
2341;2244
2341;2317
2341;2291
2341;565
2341;338
2342;2336
2342;2313
2342;2304
2342;2205
2342;2259
2343;2333
2343;553
2343;2109
2343;2275
2343;79
2344;2282
2344;2310
2344;2240
2344;2301
2344;2277
2345;2211
2345;2268
2345;836
2345;1614
2345;2320
2346;658
2346;2272
2346;1450
2346;363
2346;2269
2347;826
2347;2287
2347;2274
2347;188
2347;1726
2348;653
2348;1631
2348;2262
2348;2260
2348;2229
2349;2272
2349;2346
2349;889
2349;2168
2349;2269
2350;1819
2350;1258
2350;1807
2350;2189
2350;898
2351;2223
2351;976
2351;54
2351;2276
2351;2290
2352;836
2352;1614
2352;1525
2352;2211
2352;2345
2353;2229
2353;2348
2353;2187
2353;2330
2353;2262
2354;2307
2354;2277
2354;1059
2354;889
2354;1954
2355;2354
2355;2277
2355;889
2355;2307
2355;1575
2356;1525
2356;2352
2356;1443
2356;1614
2356;1981
2357;503
2357;659
2357;1865
2357;2297
2357;2322
2358;2316
2358;2192
2358;2190
2358;492
2358;1890
2359;2186
2359;2198
2359;1107
2359;2219
2359;2243
2360;2292
2360;2312
2360;2258
2360;2213
2360;2055
2361;2193
2361;2296
2361;2178
2361;2273
2361;2249
2362;2332
2362;664
2362;2219
2362;287
2362;2186
2363;1492
2363;2320
2363;2235
2363;2318
2363;1429
2364;1661
2364;1317
2364;185
2364;1453
2364;2303
2365;659
2365;2241
2365;1808
2365;595
2365;2256
2366;20
2366;2283
2366;1044
2366;2315
2366;2334
2367;935
2367;1212
2367;354
2367;90
2367;2206
2368;2235
2368;925
2368;1492
2368;2352
2368;2064
2369;2260
2369;1190
2369;1007
2369;1802
2369;2348
2370;2226
2370;2193
2370;1214
2370;2239
2370;375
2371;2341
2371;2291
2371;2317
2371;2244
2371;565
2372;2196
2372;1720
2372;692
2372;2302
2372;464
2373;2347
2373;2287
2373;826
2373;2274
2373;188
2374;2327
2374;658
2374;420
2374;363
2374;2346
2375;2190
2375;1848
2375;2316
2375;2358
2375;492
2376;2224
2376;577
2376;2145
2376;2267
2376;1214
2377;2263
2377;2328
2377;2243
2377;2297
2377;2029
2378;2214
2378;2239
2378;2343
2378;2287
2378;2300
2379;2241
2379;595
2379;2365
2379;1808
2379;659
2380;2195
2380;2210
2380;2296
2380;1848
2380;525
2381;54
2381;2223
2381;2351
2381;2290
2381;976
2382;1532
2382;525
2382;2266
2382;2380
2382;2195
2383;2221
2383;2300
2383;13
2383;188
2383;2274
2384;54
2384;2381
2384;2223
2384;2275
2384;2351
2385;2236
2385;2273
2385;2203
2385;492
2385;1867
2386;819
2386;1109
2386;603
2386;1720
2386;2184
2387;2261
2387;2289
2387;377
2387;799
2387;235
2388;2384
2388;62
2388;2223
2388;2351
2388;1867
2389;2367
2389;935
2389;1589
2389;354
2389;1212
2390;2198
2390;2186
2390;2359
2390;2303
2390;2219
2391;420
2391;2374
2391;2327
2391;658
2391;1450
2392;2287
2392;2274
2392;188
2392;2300
2392;2373
2393;2331
2393;2311
2393;1298
2393;2191
2393;2279
2394;2268
2394;2312
2394;338
2394;2345
2394;2211
2395;2302
2395;799
2395;2305
2395;464
2395;2196
2396;2276
2396;2183
2396;2290
2396;2182
2396;2064
2397;348
2397;2199
2397;2294
2397;2201
2397;2250
2398;1128
2398;2132
2398;2278
2398;668
2398;2305
2399;1525
2399;2356
2399;1443
2399;2352
2399;1981
2400;92
2400;2285
2400;113
2400;2232
2400;2338
2401;1989
2401;1027
2401;2324
2401;2248
2401;2339
2402;1258
2402;2350
2402;2218
2402;1807
2402;2171
2403;2334
2403;62
2403;2283
2403;2203
2403;1044
2404;2262
2404;2348
2404;2353
2404;653
2404;2229
2405;2244
2405;2341
2405;2317
2405;2371
2405;969
2406;1457
2406;367
2406;1097
2406;2242
2406;2207
2407;2402
2407;2350
2407;2209
2407;2308
2407;2171
2408;2215
2408;2202
2408;925
2408;283
2408;976
2409;2319
2409;2340
2409;2248
2409;2321
2409;2252
2410;338
2410;2268
2410;2394
2410;2345
2410;2318
2411;893
2411;1310
2411;2228
2411;2321
2411;487
2412;889
2412;2272
2412;1954
2412;2349
2412;363
2413;2240
2413;2277
2413;2282
2413;2344
2413;889
2414;2375
2414;2190
2414;1848
2414;2316
2414;2358
2415;935
2415;2367
2415;2206
2415;1212
2415;2185
2416;1266
2416;611
2416;2280
2416;11
2416;2314
2417;2356
2417;2352
2417;2399
2417;1525
2417;1614
2418;1352
2418;2387
2418;377
2418;2309
2418;2261
2419;2295
2419;11
2419;2280
2419;611
2419;1266
2420;190
2420;219
2420;2306
2420;2331
2420;2217
2421;2192
2421;2316
2421;2358
2421;492
2421;2203
2422;707
2422;2242
2422;654
2422;2199
2422;1457
2423;1190
2423;1007
2423;2323
2423;1802
2423;1590
2424;2302
2424;2395
2424;464
2424;799
2424;2196
2425;2168
2425;2269
2425;1450
2425;2349
2425;2208
2426;354
2426;2415
2426;935
2426;2367
2426;941
2427;2290
2427;2276
2427;2183
2427;2396
2427;2381
2428;2306
2428;219
2428;2420
2428;2331
2428;190
2429;2347
2429;2373
2429;826
2429;2287
2429;2392
2430;2413
2430;2240
2430;2277
2430;2282
2430;2344
2431;1532
2431;2382
2431;525
2431;664
2431;2266
2432;2371
2432;2312
2432;2360
2432;2291
2432;2341
2433;525
2433;2382
2433;1093
2433;302
2433;1848
2434;13
2434;2221
2434;2383
2434;155
2434;135
2435;707
2435;2242
2435;1097
2435;367
2435;2406
2436;2180
2436;2029
2436;2328
2436;2246
2436;2266
2437;2297
2437;659
2437;2357
2437;503
2437;2365
2438;786
2438;2222
2438;2274
2438;188
2438;2392
2439;2229
2439;2353
2439;2404
2439;2260
2439;2348
2440;2286
2440;2133
2440;652
2440;577
2440;1727
2441;2232
2441;2253
2441;2208
2441;2247
2441;1065
2442;2240
2442;2168
2442;2425
2442;2349
2442;2430
2443;2364
2443;1661
2443;185
2443;1317
2443;1453
2444;2257
2444;2238
2444;2309
2444;1352
2444;2184
2445;1890
2445;2358
2445;2316
2445;2421
2445;1219
2446;62
2446;2334
2446;2403
2446;2283
2446;2366
2447;1717
2447;2188
2447;2230
2447;2284
2447;2415
2448;2420
2448;2306
2448;2428
2448;190
2448;219
2449;1217
2449;778
2449;2439
2449;2229
2449;784
2450;2370
2450;375
2450;2226
2450;2193
2450;79
2451;2195
2451;2380
2451;2210
2451;2178
2451;2296
2452;287
2452;1711
2452;1727
2452;2362
2452;664
2453;2208
2453;2441
2453;2232
2453;2247
2453;172
2454;1890
2454;1219
2454;2283
2454;1425
2454;1044
2455;1190
2455;2423
2455;2323
2455;2260
2455;2369
2456;2451
2456;2195
2456;525
2456;2380
2456;1532
2457;2309
2457;1352
2457;2444
2457;280
2457;2271
2458;778
2458;2449
2458;784
2458;1217
2458;232
2459;2217
2459;645
2459;202
2459;1590
2459;2448
2460;172
2460;2453
2460;2247
2460;2208
2460;1780
2461;2230
2461;1717
2461;1453
2461;2447
2461;0
2462;2247
2462;2338
2462;172
2462;2460
2462;1780
2463;2423
2463;1007
2463;1190
2463;1590
2463;1802
2464;2419
2464;11
2464;2295
2464;2280
2464;611
2465;2214
2465;2378
2465;2300
2465;2287
2465;188
2466;1368
2466;2266
2466;2111
2466;2029
2466;2180
2467;2319
2467;2409
2467;2248
2467;2340
2467;474
2468;2344
2468;2282
2468;2430
2468;2413
2468;2310
2469;2295
2469;2419
2469;11
2469;2280
2469;2464
2470;2442
2470;2460
2470;2240
2470;2168
2470;2425
2471;2389
2471;2367
2471;935
2471;354
2471;2426
2472;784
2472;2212
2472;778
2472;1015
2472;2458
2473;1848
2473;2210
2473;2380
2473;2195
2473;2414
2474;2398
2474;1128
2474;2132
2474;668
2474;2278
2475;2468
2475;2344
2475;2430
2475;2413
2475;2282
2476;2189
2476;1819
2476;898
2476;1807
2476;2350
2477;377
2477;2418
2477;2200
2477;1352
2477;2387
2478;2284
2478;2188
2478;1107
2478;2243
2478;2447
2479;2304
2479;2259
2479;2313
2479;2342
2479;2315
2480;2298
2480;232
2480;2258
2480;2292
2480;2055
2481;235
2481;2305
2481;912
2481;2132
2481;2395
2482;2373
2482;2347
2482;2429
2482;2287
2482;2392
2483;487
2483;2411
2483;1310
2483;2321
2483;2228
2484;2378
2484;2465
2484;2214
2484;2287
2484;2343
2485;2200
2485;2477
2485;163
2485;2253
2485;1065
2486;2281
2486;652
2486;2133
2486;2267
2486;155
2487;2239
2487;2343
2487;2378
2487;553
2487;79
2488;2445
2488;1890
2488;2421
2488;2316
2488;2358
2489;54
2489;2381
2489;2275
2489;2384
2489;2109
2490;219
2490;2428
2490;190
2490;2420
2490;2331
2491;2214
2491;2465
2491;2378
2491;2484
2491;2281
2492;2384
2492;2388
2492;2223
2492;54
2492;2381
2493;1302
2493;2207
2493;2288
2493;2330
2493;2262
2494;2362
2494;2332
2494;664
2494;2219
2494;2452
2495;2373
2495;2347
2495;2429
2495;2482
2495;2287
2496;2370
2496;2450
2496;2226
2496;2193
2496;375
2497;2443
2497;2364
2497;1661
2497;1317
2497;185
2498;190
2498;2420
2498;219
2498;2490
2498;2459
2499;2211
2499;2345
2499;1614
2499;836
2499;2268
2500;2029
2500;1368
2500;2180
2500;2111
2500;2266
2501;2413
2501;2430
2501;2277
2501;2240
2501;889
2502;90
2502;1212
2502;2206
2502;388
2502;2185
2503;1727
2503;577
2503;287
2503;2440
2503;2286
2504;2348
2504;653
2504;1631
2504;2369
2504;2260
2505;1027
2505;2401
2505;1989
2505;2295
2505;2339
2506;2187
2506;2458
2506;2449
2506;2270
2506;778
2507;2437
2507;2293
2507;2297
2507;659
2507;2365
2508;2233
2508;464
2508;2278
2508;2424
2508;1128
2509;1217
2509;2449
2509;2439
2509;2229
2509;2353
2510;2363
2510;2318
2510;2320
2510;1492
2510;885
2511;1492
2511;2235
2511;2368
2511;1429
2511;2363
2512;2455
2512;2205
2512;1217
2512;2323
2512;2509
2513;2248
2513;2401
2513;1989
2513;2505
2513;1027
2514;2301
2514;1780
2514;2310
2514;172
2514;2247
2515;1808
2515;2365
2515;2241
2515;2379
2515;659
2516;1720
2516;2372
2516;692
2516;2196
2516;819
2517;2334
2517;2403
2517;2283
2517;2446
2517;62
2518;492
2518;2296
2518;2236
2518;2375
2518;2414
2519;595
2519;2194
2519;487
2519;2379
2519;2241
2520;2281
2520;2214
2520;2491
2520;2221
2520;2486
2521;2511
2521;1492
2521;2235
2521;2363
2521;2368
2522;2351
2522;2223
2522;976
2522;2388
2522;283
2523;2482
2523;2287
2523;2373
2523;2495
2523;2484
2524;2299
2524;1014
2524;2245
2524;2317
2524;370
2525;1219
2525;1425
2525;1890
2525;2454
2525;1044
2526;1780
2526;2514
2526;2301
2526;172
2526;2247
2527;2259
2527;1044
2527;2366
2527;20
2527;2479
2528;163
2528;2485
2528;949
2528;377
2528;2477
2529;652
2529;2440
2529;2133
2529;2286
2529;577
2530;2478
2530;2284
2530;2188
2530;1107
2530;2243
2531;2270
2531;2506
2531;2199
2531;232
2531;2435
2532;2326
2532;2339
2532;1027
2532;1989
2532;2251
2533;54
2533;2489
2533;2381
2533;2290
2533;2427
2534;2422
2534;2199
2534;2397
2534;707
2534;348
2535;1589
2535;1573
2535;2389
2535;2197
2535;2471
2536;2283
2536;1044
2536;2454
2536;1219
2536;2525
2537;2222
2537;786
2537;2438
2537;2274
2537;188
2538;692
2538;893
2538;2386
2538;2228
2538;1720
2539;2255
2539;1059
2539;2172
2539;2264
2539;2216
2540;1368
2540;2466
2540;2500
2540;2111
2540;2029
2541;2367
2541;2471
2541;2389
2541;935
2541;1212
2542;1219
2542;2525
2542;1425
2542;2536
2542;1044
2543;2168
2543;2425
2543;2442
2543;2470
2543;2269
2544;2363
2544;2320
2544;2510
2544;2521
2544;2511
2545;2265
2545;2294
2545;2055
2545;348
2545;2201
2546;79
2546;2239
2546;375
2546;553
2546;2487
2547;2522
2547;283
2547;976
2547;2351
2547;2223
2548;2484
2548;2465
2548;2378
2548;2523
2548;2491
2549;280
2549;2271
2549;1065
2549;2457
2549;2309
2550;1525
2550;2399
2550;1443
2550;2315
2550;20
2551;2407
2551;2209
2551;2402
2551;2171
2551;2350
2552;2340
2552;2409
2552;2252
2552;2228
2552;2319
2553;2274
2553;188
2553;2438
2553;2300
2553;2392
2554;2254
2554;2182
2554;1412
2554;1429
2554;2064
2555;1867
2555;2385
2555;2273
2555;2236
2555;2450
2556;302
2556;1093
2556;2433
2556;2513
2556;474
2557;2371
2557;2317
2557;2341
2557;2405
2557;2291
2558;2281
2558;2486
2558;2520
2558;2267
2558;652
2559;2267
2559;2224
2559;2376
2559;1214
2559;577
2560;2485
2560;2200
2560;2253
2560;1065
2560;2271
2561;2254
2561;1412
2561;2554
2561;1429
2561;2182
2562;2244
2562;2317
2562;2405
2562;2341
2562;2557
2563;2232
2563;2441
2563;2253
2563;2400
2563;2453
2564;2404
2564;2262
2564;2493
2564;2353
2564;1302
2565;2266
2565;2466
2565;2540
2565;1368
2565;2500
2566;525
2566;2382
2566;2433
2566;1532
2566;2456
2567;20
2567;2366
2567;2550
2567;2315
2567;283
2568;1217
2568;2509
2568;2449
2568;2512
2568;778
2569;420
2569;916
2569;2391
2569;2311
2569;1298
2570;2261
2570;2387
2570;2289
2570;377
2570;2477
2571;2524
2571;2299
2571;1014
2571;1630
2571;370
2572;925
2572;2215
2572;2408
2572;976
2572;2202
2573;367
2573;1097
2573;2207
2573;2330
2573;2406
2574;2477
2574;377
2574;2418
2574;2570
2574;2387
2575;2322
2575;2246
2575;1865
2575;474
2575;503
2576;2484
2576;2465
2576;2378
2576;2548
2576;2491
2577;2218
2577;668
2577;2402
2577;2474
2577;2194
2578;2453
2578;2208
2578;2460
2578;2441
2578;2462
2579;2224
2579;2267
2579;2376
2579;2559
2579;577
