10.0832;8.80547
2.68147;12.439
9.7712;18.927
5.86731;16.6493
10.2375;24.9704
8.60984;21.277
0.209763;0.621338
2.78735;3.99483
6.29717;12.2295
10.8626;22.9892
4.92345;15.8789
7.87263;7.98594
8.69131;20.1835
9.89822;6.55512
10.5443;19.7748
8.12373;18.6929
1.19091;23.4113
2.36857;23.7512
7.54071;17.8444
6.64642;12.5194
7.76069;7.05523
3.59833;17.2693
3.54303;13.8356
9.81422;21.3204
0.0300742;18.7997
8.45059;10.7326
4.00547;9.36697
8.63934;1.5097
1.63866;14.1647
3.72223;0.396454
3.66442;25.6662
8.81045;10.5199
10.6511;24.2212
3.81744;13.4157
7.41489;22.6717
11.97;6.88042
1.72012;7.73145
11.146;11.4035
9.95404;19.4139
3.10336;21.6322
5.63702;25.0336
2.93764;20.8921
3.87717;25.0835
10.3393;11.951
6.11455;4.4666
5.6988;21.1878
1.90746;5.43672
2.63429;1.21032
1.68827;13.9787
6.75047;19.7235
4.91559;14.5611
0.278745;14.3774
10.2889;24.7537
11.8989;17.8596
8.38502;6.50479
6.22702;4.38108
2.55616;19.8567
11.6645;13.9389
8.74163;21.6749
11.9492;6.18839
0.0653161;12.2372
0.635144;4.27436
8.15721;7.08378
2.53139;21.3319
9.72116;20.1107
6.94865;5.71296
4.00237;15.6593
9.27246;4.96435
6.65216;19.8712
10.5341;6.58056
0.173523;10.3159
5.05922;5.91431
1.92582;10.2348
9.16301;23.1128
2.72756;19.743
1.52363;6.05122
2.76011;4.67735
4.76565;23.6542
5.42821;15.8103
8.7628;6.82365
4.57891;8.04147
5.78613;18.5928
10.9388;6.62693
10.8725;12.1138
0.229894;20.3811
8.62819;0.87407
2.16783;3.65604
3.1331;8.86956
6.41115;0.641571
2.76109;19.8005
9.40827;9.28357
11.9316;0.36483
6.4435;10.1773
11.0857;25.722
11.9943;17.0051
3.02109;9.90855
11.56;19.0823
1.15445;22.7474
11.8658;0.0584359
4.08979;0.207329
9.43363;1.55562
0.499107;25.1365
2.40538;7.86978
3.6951;19.1025
3.92832;13.9884
5.95524;2.89594
10.7409;12.7548
1.50497;11.2329
10.584;1.27979
5.05614;22.9197
8.43918;17.5006
3.1515;17.3315
4.88444;9.32956
6.49792;10.2922
4.33292;22.9401
4.84592;3.82754
11.3057;11.5809
1.36801;3.70734
8.97724;10.9701
10.5276;1.96203
11.5193;9.71285
2.24214;22.2305
10.3697;8.11874
3.44466;19.3997
4.33779;18.4184
7.53204;1.68343
4.57802;23.1477
8.7761;20.502
2.98949;7.09372
2.21269;15.8652
1.86174;15.2937
9.08897;2.52945
0.403643;22.6568
2.87852;20.3252
3.5201;3.04662
10.2864;6.5854
5.88899;1.14525
1.29966;9.2271
4.27569;10.2794
1.21239;18.6625
1.24512;18.9463
9.39044;12.6168
7.42797;13.3608
3.28561;22.5712
9.44056;11.913
5.73988;24.4883
0.556911;6.12918
0.469742;2.0812
1.28584;7.25456
10.3414;10.4129
4.75439;18.6937
7.84536;23.0607
9.15645;19.8142
2.90204;3.10296
1.88934;8.91459
10.0456;6.79132
0.858859;16.1114
8.9576;17.9548
1.60259;0.526952
6.7043;23.9268
5.74151;0.962397
10.3455;13.6466
3.27304;23.4329
7.25897;9.87756
2.16346;12.1342
9.36481;14.9887
2.22827;11.2887
5.56123;24.6669
2.35519;18.3371
0.816855;9.19646
0.577698;23.5353
7.37898;3.11254
6.29851;9.39593
9.72339;17.1191
4.57979;9.59333
6.94425;22.3628
4.87187;11.461
4.61971;17.6473
4.1049;25.7371
0.703783;13.5814
5.47909;21.8153
1.18621;16.6993
3.27877;14.6194
7.09208;12.2069
3.21071;17.136
9.87848;8.20821
6.7714;11.3911
5.22496;2.31815
9.59404;6.38809
8.97101;4.70996
7.37604;8.48308
0.495121;0.537149
9.20497;11.0821
8.39282;2.83806
4.99351;19.7093
7.57823;22.6906
7.1652;18.9896
6.17996;22.6286
3.51188;2.7561
4.07793;14.5656
9.18098;4.23887
10.511;8.5635
7.21386;8.09456
5.0223;10.4171
6.6843;4.31884
6.98172;4.46407
5.90858;16.1998
2.30826;6.74602
0.591672;23.1857
4.42342;12.1012
7.79769;0.00357776
4.05779;6.4196
8.76609;22.1818
1.40687;0.602261
11.5098;11.8837
7.00055;18.83
7.4412;11.9417
0.643157;5.75261
9.24748;12.2751
7.46294;8.51887
7.65876;5.29677
5.99213;3.39591
9.9215;17.9842
4.68089;22.7785
7.00147;19.726
4.09836;6.06483
9.10596;17.6716
5.76205;12.7228
6.3939;15.5326
6.15002;12.7913
0.653709;2.49289
2.59446;17.539
6.6621;7.01484
10.75;8.47077
8.90307;13.4613
7.84137;9.88398
8.65757;3.97258
6.12918;14.2546
10.1339;23.4218
5.09224;11.1266
7.91437;19.913
7.9345;10.8774
5.34674;3.67586
10.8924;25.438
8.86546;10.9252
5.64433;20.6249
6.19297;17.8507
5.61408;1.85265
11.4764;9.45542
4.76465;18.1555
10.5769;1.31306
0.94132;15.6748
2.43952;15.3194
1.81357;1.24238
5.88057;14.9626
5.70876;3.88904
4.09641;3.56039
6.81527;20.4602
3.33981;12.3666
9.18378;0.444754
10.7501;6.12757
9.72444;10.7099
11.0669;7.23347
5.79809;22.8438
7.70256;22.8859
6.92279;13.6056
11.1688;17.0389
1.51401;3.48464
2.93461;7.20976
2.1817;19.0995
10.2334;17.096
10.6101;5.04789
9.53372;11.755
11.7729;1.89263
11.133;19.4062
1.07879;21.4134
11.7848;23.407
2.82613;23.5121
2.14176;18.6858
9.39504;21.3294
7.18696;9.35529
4.12383;13.7708
0.181936;12.2153
7.96403;6.75251
8.96541;21.9824
11.9317;15.5974
6.03619;22.8406
9.5286;7.7348
3.96721;20.1533
4.44343;6.71723
6.25826;11.9648
0.983364;13.0934
4.32547;8.2539
4.89483;14.0123
0.433711;4.96139
4.31155;16.5115
6.6077;18.2766
1.97641;14.7109
2.07321;21.5376
9.90618;23.917
8.08617;21.3154
6.23743;4.59846
8.37972;8.15971
5.69227;0.751698
1.06756;21.9607
3.4472;15.8726
3.65793;9.59955
1.36892;17.2974
8.24005;13.5715
2.45062;18.7932
8.55363;14.6514
4.29444;6.84954
3.19755;13.5868
9.95097;11.42
4.21129;17.0238
4.30938;0.644501
5.69504;22.8514
2.41983;4.49532
2.31283;17.5762
2.4217;7.32417
6.2478;12.7159
10.7062;21.4624
10.2995;0.162794
5.88913;14.1689
6.33889;18.0695
3.21327;6.26713
3.10192;16.2667
6.05385;13.6489
1.77856;8.67709
11.5702;12.978
11.862;8.40582
6.28731;12.0402
2.42641;18.8655
7.63176;10.2684
4.81924;21.7825
8.11963;23.9786
3.92236;14.7893
8.97277;4.81394
6.90097;6.20077
8.76133;2.68638
11.2016;25.945
4.13239;4.99106
7.48231;22.0702
8.60304;20.0652
2.19105;17.7087
3.25073;4.44818
0.0528747;20.6658
7.61;5.37179
6.24518;7.02382
7.21853;23.9729
1.29522;7.23267
10.1315;11.3048
10.164;15.3925
7.4394;10.9741
9.96612;9.10157
6.30483;19.8635
4.17533;22.614
11.4713;25.2582
8.62345;17.4945
8.91852;23.4314
4.24764;0.3667
0.867502;9.31777
9.70729;18.3679
6.7798;8.56368
11.7193;4.3297
3.01688;2.19806
5.33648;2.48807
6.23207;7.58435
8.25256;3.62152
8.56544;13.4738
5.8722;6.21892
3.38644;21.7696
1.30749;6.19185
9.70517;21.517
10.9321;14.3513
8.74544;6.88953
6.79293;20.828
7.48029;9.75047
6.09044;4.89687
8.45269;12.5877
4.25842;24.8507
6.8242;20.7889
0.617906;2.28859
1.09537;19.2193
2.72774;20.9317
3.08915;18.6332
0.531075;14.0305
6.64746;3.98355
9.33337;9.4307
11.7695;17.9086
10.9763;18.449
11.4453;12.5
6.12788;15.0054
10.2695;0.473037
9.18569;14.5647
6.02803;3.12889
6.19172;1.84651
11.039;14.7542
1.9085;0.291129
3.68009;10.0452
9.79517;14.6667
1.23618;22.3735
1.24484;17.0812
0.16481;22.9194
0.236278;25.8577
6.84372;24.294
8.44925;13.6262
4.98184;5.58379
1.21461;7.0445
2.79546;22.534
9.97346;19.1176
11.8444;9.02456
9.67573;23.5807
10.9748;25.0992
11.0178;5.75229
4.22048;19.0947
9.42415;11.8228
7.13918;23.1161
1.34031;15.8253
9.24719;3.41594
7.23831;8.86363
0.789183;7.98972
10.3799;12.5039
6.2647;25.1215
9.02233;19.6303
9.99483;15.1576
5.88365;21.3183
11.161;7.71199
8.72263;21.9609
3.14361;16.7709
0.790688;15.9555
4.55333;22.1321
0.820757;25.3338
8.88382;4.68231
6.99651;13.2838
3.73766;4.84211
10.2219;9.80815
5.92238;18.6373
10.2979;0.405332
8.19637;15.8604
9.24723;13.4143
2.31599;6.78358
4.03043;3.2001
6.69027;1.63162
11.6128;21.3067
8.49345;0.874127
5.19797;2.26803
10.6183;13.0406
0.739298;16.2545
8.1798;16.7609
1.63309;25.8212
9.97063;25.6858
4.44429;8.43485
8.45684;5.94134
4.08008;10.0819
10.0624;2.87585
10.8444;0.819758
4.4582;6.22881
1.85532;24.155
3.62789;3.18083
8.98235;0.262907
1.87152;4.72402
1.16812;1.06122
8.19905;4.13275
7.99189;9.4875
9.64323;20.8541
4.2963;16.4967
9.47998;18.938
11.5069;12.8631
11.4828;7.77173
10.59;20.6811
4.91427;20.4413
9.92346;20.307
0.309262;25.5207
8.52094;8.5305
1.24685;11.9238
4.05849;6.75647
7.6836;11.3243
3.60817;8.41241
7.13404;25.1334
8.26149;10.3508
9.22503;1.20855
0.391129;14.5275
9.29839;25.779
0.641832;19.0258
3.48495;24.3357
6.32624;18.1983
8.66628;9.20769
5.77168;19.447
4.02848;4.96735
0.912697;11.4299
7.7959;10.7709
8.3937;7.53893
10.1978;0.00405345
7.36215;11.5523
11.6019;7.85124
10.1091;19.1251
4.18144;22.7505
3.53197;3.20629
10.3982;9.04324
10.261;4.08025
3.40566;9.93895
10.2824;0.15587
8.83691;8.78386
9.04748;1.875
6.34671;21.5804
6.14072;4.64233
2.93137;5.49125
5.62212;2.44656
2.53629;2.13259
6.46103;4.6328
4.60792;9.90199
10.9652;19.0436
3.0704;5.41048
10.2692;3.18206
6.67095;18.482
3.35184;21.8326
1.11735;3.54085
10.1485;21.5676
5.68833;15.5914
10.8196;0.0759175
5.15621;10.7475
2.17765;17.5231
7.49479;16.8995
9.21677;21.734
8.78404;7.96856
0.169296;3.01591
8.24795;24.1247
10.1813;24.5231
1.63162;18.3094
0.78699;17.9889
4.98065;8.96746
6.37917;13.2123
5.77307;9.81006
4.05226;24.833
11.7237;6.22245
11.4964;10.5732
7.83226;3.62719
0.967544;7.2086
9.47386;22.066
1.35813;13.5588
1.8621;3.30942
7.64986;21.9051
0.661893;12.6342
9.4284;4.96927
2.28168;22.1333
10.5961;15.735
2.35421;10.7797
1.36032;17.6091
9.50297;11.7273
7.58867;19.9912
8.28448;15.3511
2.10667;8.9196
8.75919;6.6608
7.44378;13.5049
1.25853;19.0708
0.490946;6.76137
10.3293;17.6384
1.23068;23.8143
1.97198;23.0947
1.28474;9.21626
8.87446;25.7418
11.516;24.3288
4.85606;1.89866
7.35595;5.11122
6.28888;6.38002
11.5857;5.57561
10.0297;3.66689
6.6901;14.7093
4.76663;4.62341
1.02197;13.0545
10.9358;3.27799
9.14578;20.0744
9.65372;22.4823
8.25635;25.189
9.03554;20.6724
3.87936;12.805
9.4219;7.35658
5.13868;4.93557
4.27165;1.07171
4.63698;22.8812
3.43926;9.14921
1.13389;3.18282
5.91512;16.952
8.25792;23.1438
9.95786;20.1064
4.7069;19.2696
10.7928;4.01416
6.15878;18.3008
0.229154;5.23278
8.07224;20.0735
11.9562;25.8951
3.17471;20.3192
3.34695;18.0123
11.6561;16.507
8.80803;9.30159
6.17913;0.535794
8.51575;15.8449
1.71629;5.2669
3.137;21.6108
1.11262;2.37221
7.2541;12.609
9.98852;13.1016
7.67222;8.98581
2.49345;17.1196
6.56243;22.8923
5.16607;14.1237
10.5173;18.0717
3.89675;4.03918
4.65416;7.69777
9.48284;3.16807
7.84586;7.93425
1.70948;9.45015
10.975;7.42249
6.79248;4.57596
1.39997;17.1277
3.20685;18.7505
1.72464;2.58996
2.70098;20.3598
5.34266;11.2546
5.29822;25.7944
3.76011;22.6726
6.42373;4.93438
6.80506;22.3611
4.14164;24.8283
1.8733;3.5197
0.921412;21.0582
5.28644;5.70026
2.08077;9.23308
6.05665;19.2254
6.3734;16.156
4.77836;20.7572
4.11069;14.0898
10.7756;14.7586
3.89985;8.92294
0.0060924;19.9292
4.02337;8.16011
7.66237;22.6354
6.04361;5.34609
8.76759;22.068
1.92665;23.0553
11.8097;6.17081
8.36006;11.0417
5.47895;22.6218
9.35759;24.9938
7.31409;8.08383
6.99223;0.200307
1.31125;24.0563
6.59545;0.188205
5.91458;22.7398
4.20515;12.8281
7.69338;17.8285
9.68688;7.27079
6.67563;8.08273
5.82318;7.46031
1.91574;16.7913
2.08412;3.73852
10.5979;22.629
6.82164;8.83317
8.88501;9.05501
3.61245;9.09803
7.91023;22.9768
4.29154;19.9799
9.7076;23.5885
9.30834;7.84805
9.3823;3.27922
9.54285;10.9973
9.74201;15.6644
8.43143;9.57154
10.9602;4.88497
7.86085;1.89792
10.0044;21.5474
2.60144;18.6384
8.38915;20.4167
0.679169;11.4273
1.60231;9.29851
9.47325;20.6105
2.8963;3.82371
6.73402;1.30844
0.651779;8.75846
4.22607;21.7405
5.55585;3.83267
3.10975;7.14536
8.99866;25.0059
7.71549;17.2442
1.79578;7.74875
8.83485;25.5671
1.52132;24.7786
8.40254;21.4727
8.85936;19.677
3.18462;22.667
1.37333;1.42538
7.97422;9.25087
2.42266;5.86786
4.87353;6.66128
6.75061;19.7158
1.10851;0.663989
10.8685;9.13958
3.60431;17.0456
3.75945;24.5262
3.82606;12.0363
2.89615;1.43196
5.35545;9.57118
0.0971884;3.80897
2.32794;19.4059
10.8397;11.9439
7.41822;0.461554
6.17043;7.35029
4.48265;18.6184
6.10068;20.2717
11.6675;1.84446
6.45578;1.68141
1.15774;11.536
4.9943;10.3178
1.19148;18.9665
4.08186;10.8713
2.30898;15.119
5.67845;16.6063
11.3955;12.5139
9.42242;3.73408
2.73219;17.9012
7.23598;21.9926
8.47514;3.04723
1.54285;2.07522
9.9995;16.561
10.314;20.9452
8.49482;10.3345
10.4431;20.9139
10.0941;7.4476
2.41462;24.452
0.191105;14.0757
4.30308;5.41686
1.4745;21.6267
10.1645;1.88497
3.75718;16.4384
2.59341;14.0603
3.84905;21.297
4.63978;0.702402
11.2358;13.3957
1.28198;20.0098
1.82616;25.1246
6.90232;22.3621
4.3657;11.5817
7.97355;5.32948
8.78273;22.5077
1.7453;19.4433
4.88466;13.1048
11.4739;13.7782
4.02992;20.8833
7.22915;16.872
5.22538;21.2822
2.27646;19.6613
7.65196;14.9852
9.39861;14.9235
1.09886;23.1413
4.12307;6.33756
10.2765;23.8883
1.24601;5.72486
4.37077;19.9757
5.102;2.49926
7.60774;14.8358
10.1273;1.06688
0.895682;20.8028
6.85157;10.6721
7.23972;4.50824
0.712691;1.00771
11.9033;6.47649
9.53952;16.3697
9.90538;15.0326
2.44301;23.8425
5.61873;14.2265
1.92927;8.43975
5.59147;6.87978
6.53752;21.5849
0.394849;25.219
11.1157;17.3389
6.48682;20.0267
8.49499;15.9954
6.84436;7.25089
0.3081;4.5155
5.42729;2.21171
2.54917;11.5496
4.00994;0.19217
0.885832;4.14986
7.02683;7.2125
0.919565;1.39871
9.89493;6.17248
4.54083;7.55387
6.02412;24.0031
1.44864;13.9078
10.7179;1.22284
2.42156;11.2768
9.80748;23.6525
0.587184;10.079
2.26312;1.93978
6.73591;16.6625
1.91608;20.1177
1.02099;12.8397
9.37378;4.13145
7.84134;9.53465
5.23567;18.982
5.04617;6.78296
11.6097;20.7718
6.617;12.2067
8.66534;17.4755
0.0528228;15.9969
8.63002;5.36116
0.587886;13.9479
1.39093;2.54599
11.0893;7.91711
2.07035;12.6214
11.3445;8.63726
3.11033;0.791802
9.91244;1.0489
2.27227;12.4665
4.88471;16.2672
2.51468;21.5169
10.6385;4.6029
7.51787;11.387
7.75827;9.06363
1.32117;16.924
11.5664;21.5609
10.2855;0.334319
4.38869;25.2989
1.32937;7.53573
3.33046;7.36607
9.30328;5.79565
7.38615;0.896153
3.04036;11.4803
0.897715;11.5107
11.0524;12.5286
0.820566;3.39529
3.7133;24.828
3.69147;24.3342
4.71463;24.8078
3.41439;13.0775
7.26084;6.45841
3.98698;12.017
3.1351;18.1473
5.22272;9.67303
11.8537;18.5319
7.8642;19.8401
11.2281;7.04244
9.57059;4.91497
8.54895;22.6813
7.58108;16.4696
4.25073;18.2036
9.16839;17.2554
7.86074;1.86304
7.19521;1.24663
0.309608;22.9875
6.61116;16.4026
1.5904;22.9626
1.11676;10.2386
6.97381;13.7355
9.18998;14.7929
2.89265;10.9507
3.98449;4.59493
8.30454;3.36935
4.38918;10.5159
0.0233883;25.9356
0.454824;9.26059
8.3719;20.8503
0.238155;9.17073
10.4831;16.1056
4.80801;23.3842
6.04297;24.7415
6.36313;16.539
10.0173;16.2064
0.358877;10.8141
1.81936;20.6892
11.8186;10.2094
2.60304;8.24012
6.83274;23.6331
5.35822;24.3142
3.76107;11.6601
11.1922;9.13444
9.65572;16.3889
1.83911;21.4367
11.7967;0.698075
5.32725;9.97696
11.1149;24.6355
4.02392;11.869
7.00358;4.42267
0.957891;15.952
7.03236;6.01738
4.91132;14.8438
7.48926;16.2811
10.6541;5.03101
6.42194;8.6934
1.54393;22.0632
9.39394;1.59492
2.39891;15.2743
8.30021;9.18239
4.94355;17.5434
4.56021;22.2534
0.701698;7.96269
9.64101;10.2388
9.15309;10.0633
6.76685;21.9071
0.00705495;3.89828
0.888235;10.6565
8.6502;18.1512
0.43274;15.826
10.6995;14.8518
11.3167;0.527433
5.0377;18.873
0.979549;16.1127
3.76028;20.1061
11.6746;18.8583
5.37671;9.17551
6.97462;13.1699
7.90994;10.0005
10.804;10.9699
9.26022;12.0702
3.17401;20.0791
7.37009;8.80153
2.18565;8.71062
0.439742;5.67319
11.3246;24.135
9.47308;23.0561
11.3827;5.44002
7.35189;0.784813
9.94739;24.0764
9.64198;20.8477
7.81599;6.54049
1.85688;6.04633
9.09709;21.1614
7.40624;17.1191
2.82985;10.1107
1.472;13.0084
1.93375;19.1578
10.0661;8.92537
0.86237;22.7627
6.7378;0.405123
9.64509;9.12356
10.8283;19.5601
6.72165;13.3903
9.38998;10.1163
5.29231;15.2359
2.29108;2.40131
10.0507;8.98724
3.89891;15.4868
1.91478;24.4945
3.04887;10.28
3.97162;9.79521
10.7485;12.795
1.36295;19.0983
10.0248;4.82153
7.32043;10.3189
2.4123;10.7586
8.97344;2.68787
1.99328;8.00604
7.4207;24.6637
8.36414;1.54483
6.41523;23.0863
1.8213;9.67607
2.80318;12.3938
11.6136;10.2222
5.02536;5.76873
9.46258;19.4935
7.18336;17.7906
2.90235;18.517
5.02565;2.00876
10.7716;0.749846
5.68969;2.56518
5.31161;5.77011
2.42448;15.8273
6.35822;21.3312
6.68815;5.89846
10.5582;2.39065
1.37759;0.822195
5.56926;9.05832
6.09968;11.2296
8.89872;24.1043
7.84538;13.7828
8.12203;6.56226
2.57236;23.8862
11.575;16.4624
11.9515;22.4178
7.9441;12.2226
11.5306;2.72069
8.30432;4.23601
8.56059;5.76883
11.8003;7.03894
5.3849;22.4433
4.35212;14.6521
10.7379;21.4963
10.9433;10.4814
3.10426;16.991
3.96264;23.7242
2.20328;0.183435
1.97837;10.3472
11.109;3.36573
0.373657;23.9645
11.9001;18.0218
4.70173;24.7665
9.57346;2.17976
1.38576;13.2904
3.66858;2.5697
9.38279;19.6159
11.5445;3.75897
3.81598;22.2785
11.6563;5.97834
3.11995;5.98118
10.6012;15.3456
1.71018;1.74306
7.16725;7.99186
5.58013;13.5986
5.24196;12.8999
5.33683;11.1411
2.27154;21.7502
4.57273;25.6642
11.0446;12.9101
5.97904;5.87858
7.1445;7.28397
11.7667;14.4927
5.09674;7.76241
4.97132;10.2982
6.34188;17.5311
7.51357;10.71
3.17386;19.9848
5.74758;22.4057
0.912305;24.5434
4.6174;13.3343
5.2815;21.5675
11.2963;16.3649
7.9928;8.38293
7.39804;15.2477
9.82753;2.98369
9.75059;10.7727
4.73892;20.6208
11.661;21.3106
1.09992;10.0367
2.58868;16.1239
0.72358;21.8882
0.3849;8.44445
7.32601;13.287
2.23855;17.8497
5.46019;14.8546
2.39258;23.2737
4.81019;3.65928
6.29474;1.73981
5.55794;3.6677
7.8404;7.33519
3.06987;12.1138
8.35751;16.9191
3.10826;17.3734
5.64445;9.11773
0.650806;17.8385
11.65;2.97784
6.33539;0.0755917
5.27183;3.5997
6.16737;16.2725
9.89971;25.1931
2.36633;0.633304
10.3693;15.5491
1.98119;10.1053
7.97952;16.3348
6.35678;8.27647
10.9246;20.4244
9.4109;15.7779
5.23544;1.12485
3.30061;23.5731
4.72734;8.56141
7.11303;9.48422
5.3258;3.13825
4.41222;22.9615
3.10982;22.9224
6.10801;2.18732
10.2072;18.3611
1.30183;18.5822
3.65087;7.11321
1.2404;25.1992
10.8222;16.4606
3.45029;21.118
5.02384;1.86592
5.02888;22.2284
1.38035;18.0472
9.13918;13.2333
0.280908;9.21312
10.485;12.1479
5.70063;6.27737
4.20435;19.0893
1.47684;22.3434
9.81999;25.3153
6.7867;24.0973
8.2604;22.6147
2.40484;20.5851
10.068;2.65849
5.09799;3.28953
10.9738;21.9306
2.37944;8.67238
8.3811;8.14622
0.332128;11.9606
9.86749;1.32824
9.77248;18.0971
6.21975;7.52509
11.2498;22.5855
0.283571;1.57432
8.73645;21.891
0.410598;7.63349
9.22538;18.7872
1.96072;25.1988
6.1718;0.0621152
0.857212;24.4179
1.54691;25.6338
9.3916;8.5071
3.83361;12.5075
7.68615;9.02576
11.293;12.0329
4.77877;19.6418
1.90616;23.8301
0.538579;2.50452
9.42262;1.78132
1.88254;13.3446
10.9257;4.96847
9.68222;17.6607
10.9641;25.2264
7.7813;11.1278
11.6716;18.7168
4.40571;2.64012
8.46949;3.89418
5.14487;0.656707
7.57002;1.80054
4.46883;14.8698
6.38466;20.0365
3.92846;17.9634
8.24613;9.67858
9.44676;12.2823
5.28919;24.5468
11.8278;9.13227
1.62244;20.6051
0.36598;1.2709
9.15296;17.6524
5.7225;19.1199
4.7858;21.9445
10.0431;2.71978
11.9255;6.90722
1.55838;16.2403
4.01897;13.059
2.35854;22.5412
3.27482;13.6218
6.69445;24.9621
10.754;8.97261
5.18969;8.76029
3.4705;10.8713
8.25811;11.0347
2.52753;18.6855
5.67951;25.3077
4.77137;24.7043
8.50506;20.7072
9.53022;14.1876
10.8124;20.4874
9.73608;0.803456
4.95129;3.80261
6.39804;15.8379
0.158674;20.9579
1.59681;14.8484
9.1938;0.760153
10.9943;5.16424
4.39405;5.34045
7.401;1.41301
7.55776;21.5118
9.27625;2.68074
9.60903;4.4365
0.639271;13.2472
11.6048;22.0339
0.662225;22.5707
7.62523;22.5297
10.7881;1.24913
0.153357;11.2365
7.88634;0.676069
2.85895;20.5468
7.16515;0.114287
9.83399;13.3455
2.43624;4.82744
8.6243;21.314
2.88021;9.06113
7.76578;0.338978
5.41933;11.6454
2.20407;13.127
11.4889;3.91917
4.22809;0.327437
0.226077;25.6822
10.5494;23.864
0.429843;23.1894
4.20022;18.0184
11.0148;15.2949
5.79934;13.3899
7.11192;7.87222
0.339454;20.6877
5.86138;19.4215
7.3854;18.9401
1.14582;6.82756
8.89804;14.2245
8.52599;24.0546
0.62374;17.3656
0.910953;10.5123
8.16602;2.46357
4.70515;14.5501
0.151163;11.1258
5.41824;9.42801
1.45118;9.60497
11.4106;15.7095
10.613;14.132
10.8839;23.7304
4.07064;10.2813
7.91625;24.8214
1.48682;19.6345
2.60722;22.5005
3.62721;24.122
9.48696;9.21039
7.14811;22.5288
9.10278;7.18061
11.5349;3.91717
10.0296;25.3199
6.94291;7.47028
4.0375;18.1872
7.88088;7.47078
3.64461;14.0702
9.97053;5.47832
5.44642;4.42253
7.27369;2.95245
1.49721;18.9811
10.4247;8.89293
7.14536;4.44588
3.23765;10.0367
6.30289;22.5025
3.03024;7.37894
1.69988;5.55791
5.21359;25.4138
2.2513;0.339093
3.17728;13.6257
8.55059;23.9594
9.73684;0.422935
5.55209;16.6993
2.72366;23.8301
9.74854;21.6609
0.361177;24.3658
6.75785;23.3695
3.35018;4.12363
0.837853;14.2736
6.53554;15.4716
4.97358;20.7259
10.5464;14.4592
0.130969;8.14667
6.40293;5.16157
3.91651;20.7571
8.67106;1.01205
8.63838;13.8838
0.662301;4.74602
2.11527;7.33624
1.18898;25.7049
1.3833;3.35867
11.1096;17.6392
0.336065;5.32943
10.0444;2.54349
9.04756;9.92313
8.31466;4.37913
2.14569;14.8657
8.6946;4.93276
10.6211;6.71131
4.65892;5.49809
0.67774;2.88162
3.00468;20.1849
7.73788;7.94513
11.5066;21.3485
7.05294;1.50706
9.71697;18.2785
2.24572;19.1241
4.57739;5.59386
11.2863;5.68048
3.7557;18.0566
7.20166;0.152455
10.355;20.2526
6.93144;15.274
11.624;12.0304
10.1471;9.27968
8.09009;23.4538
5.61291;24.0387
8.14095;2.9267
2.76175;16.5697
11.2039;21.2652
8.3431;19.3286
6.25093;22.9424
5.74743;23.4614
1.1706;10.9063
1.45008;10.6737
1.36752;18.7455
4.99666;25.3987
5.9991;25.8442
6.77204;12.1834
5.48061;10.6581
9.90604;3.40319
3.74396;7.62438
0.665476;25.7506
4.86973;7.42566
7.53244;8.82627
1.24192;8.397
0.994569;16.2345
2.46435;14.6077
6.32117;7.87573
11.7757;16.8377
8.56125;2.47696
4.423;3.37549
0.865685;22.5812
1.48602;16.5484
4.04521;15.0944
0.556848;4.22771
8.53734;9.31841
5.47019;19.9394
4.18571;22.4032
0.630041;25.3893
2.41359;4.05592
3.59369;7.38434
9.36481;13.1257
10.1502;7.9863
9.69299;21.506
11.4572;13.5509
11.0691;8.4072
7.81216;25.8586
2.30235;20.1461
7.57247;13.753
4.26481;17.6135
8.29881;1.73799
0.43012;3.83284
10.005;10.001
0.108924;23.0425
4.33398;5.46544
0.506962;17.1766
5.93067;21.3888
1.9857;8.84179
1.55776;25.3038
2.00668;2.19917
5.93294;2.33077
4.89525;3.78104
1.01049;15.5948
11.0433;18.5964
1.54516;7.16752
4.71227;21.3286
4.11024;11.1418
11.613;4.58292
9.75822;25.3974
0.750197;4.53309
2.2444;2.72384
10.0199;17.7127
11.1289;0.0120493
0.255895;1.48783
11.6843;4.90224
1.70169;12.1706
3.33831;14.2934
7.36229;9.42239
1.79454;13.8787
0.93175;7.236
9.71365;12.2287
1.18366;3.95175
10.7864;1.72602
3.93908;18.5134
0.518516;10.1601
10.6368;5.98632
5.94644;18.7562
10.938;10.9966
8.66225;24.2534
5.76206;18.0841
1.45645;16.1715
1.96369;10.3887
2.0607;20.2063
9.14356;8.35301
3.73154;21.8298
7.19493;3.13124
3.71933;18.1536
3.26907;5.42911
9.17521;15.6177
11.0504;21.0031
11.8974;20.9889
0.456646;12.6617
6.34389;24.6884
10.9192;6.5133
10.5885;10.1428
11.3526;0.0974419
0.145054;2.85206
4.83974;4.77913
10.6423;4.29715
6.06099;5.14334
0.0586093;2.72115
3.81904;8.18554
9.6345;15.3576
6.28368;14.7544
2.29626;11.5571
4.50344;4.753
3.02126;10.7469
8.03756;20.2911
4.35472;15.0731
0.371285;6.37702
11.6381;25.4018
2.98822;25.5302
1.04026;16.9606
1.9889;25.3122
9.81125;17.4414
2.05642;21.3847
9.3058;12.7302
1.6478;15.0373
0.96357;17.1849
1.75002;7.06297
1.26554;13.5492
5.45353;9.28805
11.2136;3.23068
1.65194;7.73127
8.44788;4.38365
6.51152;17.5196
1.74715;20.5828
7.86912;6.0394
5.32769;21.359
2.46999;6.80103
5.9079;9.80722
1.0088;6.96303
10.4019;5.75597
10.154;24.6251
10.5881;25.7921
2.62527;25.6828
6.15749;17.5041
4.14041;11.6373
9.56988;12.5501
8.93932;13.0385
7.81558;7.47682
2.10374;20.7192
0.950575;21.6079
0.35014;13.6029
7.83088;6.11027
9.4172;3.76736
7.34654;22.5897
4.95249;12.4549
1.0826;6.73075
5.11384;25.2865
3.01053;16.7681
11.5243;19.8641
3.81791;7.94022
2.53907;3.00689
9.45707;24.8699
7.40556;11.4241
2.92924;20.6035
2.83537;8.40626
7.48216;6.90195
10.1581;7.17825
6.00564;16.4131
5.05182;2.92972
6.00127;21.676
7.10058;15.3484
1.11081;0.464591
6.75455;8.92957
7.95354;13.6042
1.28937;25.5048
9.94357;8.29495
1.15925;16.0347
3.30683;18.5571
0.673292;13.5115
6.07411;7.60211
10.1159;3.37192
6.69418;17.9269
4.86931;1.51628
3.84923;21.4958
2.052;21.3427
7.92544;19.8306
4.93437;19.5785
9.36701;25.326
1.15759;11.5279
5.96777;5.30173
5.09201;8.47459
6.27539;13.5444
11.312;20.7615
2.81607;25.9681
3.8183;19.2621
3.49395;4.19072
10.4465;22.0743
10.2081;7.18415
10.888;4.45762
1.23689;2.03656
11.9079;19.8517
10.0925;10.4915
6.19857;16.1623
4.53114;15.9383
0.780082;22.7477
9.80311;12.7229
2.41026;8.83674
0.123349;3.73156
1.66072;6.36875
1.70754;11.8712
11.8296;11.2699
7.4132;22.2648
3.38963;12.1796
1.59183;4.93475
7.6787;6.12889
3.21753;16.4375
11.991;2.83845
0.428785;13.4108
8.76959;10.7465
1.54577;20.691
3.45885;24.5892
3.42176;12.7164
3.42737;7.68106
7.59137;11.0242
6.48453;20.1476
10.5671;13.6806
2.50041;12.9573
4.59021;12.7617
11.6016;13.3944
8.16761;15.7741
9.01075;24.6678
2.8669;19.5039
0.695193;7.14066
3.19141;20.507
8.25562;10.2639
7.01445;25.3813
4.08604;22.6118
5.58357;16.2791
1.98131;2.54571
0.601505;18.3427
10.4739;24.1987
2.77998;2.11089
5.14893;15.9687
6.86429;10.2929
1.55223;6.56912
0.0309187;22.8865
2.41704;6.27862
7.56478;6.74317
6.19351;23.3051
0.577015;5.30645
3.49336;16.4482
2.1636;16.422
6.02767;16.7855
3.09281;17.3528
8.92211;8.00436
4.47483;16.0246
2.86294;15.7188
8.37022;17.359
2.62501;7.00812
0.762435;9.05067
6.26642;1.71893
2.74021;18.8142
3.69118;22.3275
11.7957;21.4168
9.06117;0.807532
0.333822;1.20148
7.96417;5.41107
8.13393;4.31567
10.2446;24.3246
10.0008;15.5279
2.92106;5.36395
2.56267;12.532
9.73049;23.6879
1.79586;0.770241
2.1674;5.54297
4.53273;18.2733
3.35165;15.758
5.11728;15.2595
5.57793;10.6448
4.92751;5.71805
5.28568;11.3996
3.19363;2.70801
7.75876;24.543
3.2417;13.0072
10.5543;2.69216
1.17005;3.19662
3.71821;8.08754
7.25936;3.13884
2.6656;19.6197
1.80419;10.4715
11.6135;13.73
1.26683;6.42453
1.60986;13.8322
10.008;15.5735
11.2971;6.36026
9.82689;9.92931
8.19684;2.21113
5.83261;8.57046
0.348079;19.661
9.95894;23.6218
10.3168;24.1128
0.377746;4.40927
2.8617;16.5471
3.48374;11.9758
4.69233;11.4572
10.3603;9.32935
11.6249;25.1921
7.27102;2.67521
6.01124;11.4379
8.4225;11.5014
8.21451;13.5404
9.89107;9.55794
7.26991;8.06798
8.36696;16.5056
0.797987;13.7061
6.52037;24.0821
5.45488;14.9459
1.14987;18.0193
2.53523;10.0395
1.84388;15.6597
9.92155;0.442405
11.5334;20.6839
11.8313;14.7429
10.7811;12.6589
0.0834408;15.6078
11.1509;17.9789
1.453;19.5909
0.709313;18.8997
0.765629;19.6652
4.34091;3.38783
3.40217;23.5328
0.678443;19.1903
5.7594;3.96135
5.17363;17.9717
6.46193;15.2046
3.52219;9.49754
7.2217;6.62047
1.92988;15.2816
9.86003;1.54047
0.895581;21.5442
7.9146;0.100653
6.24143;20.2965
9.0884;15.0599
6.09052;21.3504
4.02701;22.6014
11.4176;16.0966
9.29271;0.208195
4.28623;6.61291
1.92441;20.4964
11.3467;18.1704
4.47738;6.21602
0.769821;25.348
5.92453;5.84935
6.75211;8.1999
3.41069;16.57
1.72804;24.5381
7.69415;17.2672
8.69289;10.3622
2.92022;6.03073
2.63658;15.0523
1.21484;4.45083
2.37641;22.7664
2.15032;14.4357
1.55967;8.82858
4.12251;1.96389
0.461069;18.6331
3.77534;2.66693
8.29899;21.0164
3.93059;6.61072
1.48444;15.9061
10.6988;6.96039
6.66656;13.8514
11.182;7.27882
11.1755;4.55473
6.14287;3.92616
9.04942;15.9417
3.86631;24.756
5.86526;13.036
6.08848;16.0874
10.0914;22.1238
8.33134;22.8636
6.81089;0.231144
11.7833;6.73808
9.80656;8.04679
6.16098;24.4638
11.0552;10.5295
2.50349;12.3971
11.2527;3.65182
9.0812;22.5944
3.78764;6.98547
0.240282;1.81362
10.5818;8.89761
0.26289;9.63524
10.1232;13.7613
11.872;17.7982
4.56237;17.7738
6.76699;24.6421
8.30999;14.1923
2.48314;13.2525
10.2642;18.7289
5.40754;20.192
1.5039;17.1406
3.04113;1.63933
9.59649;0.265034
11.1848;2.99894
3.34639;24.7544
2.22118;4.17767
3.53169;5.38215
6.37519;3.58563
8.83544;13.5355
9.86947;3.02858
2.45046;10.0457
0.771068;23.3143
11.1868;7.05079
4.87699;20.4771
11.8983;22.2832
6.77036;3.03817
6.19557;21.2582
2.15885;8.21612
9.93381;2.91128
5.17618;2.77377
0.768769;16.0276
3.20835;9.31766
9.88143;20.7643
5.95537;14.5532
3.8307;8.28715
8.11468;13.6092
8.4613;19.2525
5.0416;16.5708
0.139959;21.4903
5.09905;0.082967
8.20312;25.7171
1.44052;5.19717
9.68091;7.79863
6.19075;16.4986
4.94304;24.6283
8.89492;12.3756
6.76429;0.223772
10.0123;10.0657
9.68682;8.59653
11.3626;3.28795
7.79247;16.2008
7.79867;9.21651
4.36303;1.82059
11.9019;9.75647
10.7589;10.8353
4.54128;15.0843
4.87032;12.9606
9.36067;5.52767
9.58117;7.69475
10.166;5.46912
2.91835;15.2986
8.23601;20.9791
7.16416;13.5379
2.32836;10.5105
10.2159;3.66374
6.3685;13.0182
9.16823;4.69554
10.2622;3.31773
3.00744;22.022
6.03425;3.82698
3.16491;22.9136
8.72828;17.4097
4.55733;13.1927
10.5865;4.63343
9.64038;18.9636
4.66271;1.21058
3.8133;1.94724
10.2414;23.7845
7.14701;1.23441
3.82845;11.6197
2.26069;22.0934
11.3713;24.7627
0.364119;20.8725
0.960182;7.30505
7.79746;15.1546
5.13786;23.7518
5.56996;4.04331
6.9976;21.9425
7.9551;12.0988
0.265793;12.1235
2.33649;10.6784
6.15421;13.3246
5.82723;9.52375
5.12726;2.11086
4.96531;19.404
6.33716;15.6563
7.15266;12.3683
6.65491;16.2863
3.34192;16.4994
10.8883;24.1353
2.60952;8.72342
10.1017;17.7222
5.89234;11.0486
6.30677;4.00279
10.6834;14.2406
7.44292;2.2098
11.5011;3.46045
7.1697;11.5447
5.99271;0.643423
6.30255;23.7424
9.25267;1.38604
6.184;9.54488
6.34817;1.81765
11.9221;20.9952
8.45401;23.4226
8.82947;23.971
2.83663;15.0176
7.24301;18.9128
0.0305628;3.35786
10.5764;23.2136
8.12234;13.0419
11.7339;16.5174
7.61646;14.9578
0.951719;3.48652
7.20056;15.7176
0.567177;9.64867
7.89398;14.6276
8.85856;4.858
7.59009;19.0248
11.9322;8.76222
7.59109;18.9837
3.10763;22.5934
3.69292;22.4264
7.15669;8.06755
11.9004;12.4217
2.43747;17.3827
11.7524;4.70461
3.64618;15.9659
9.07495;9.96211
8.97805;9.2636
11.8522;20.6813
8.72874;16.7833
4.29641;12.1058
9.9883;25.7541
2.36795;21.4945
3.93061;21.5779
6.68225;15.2495
8.38677;22.4795
5.38888;7.6775
2.09866;11.4601
9.27656;9.82827
1.31206;19.5628
6.70748;10.7429
4.39788;8.19527
9.55614;2.98119
8.05794;20.3847
10.9212;10.3711
5.15445;6.97141
10.374;6.80929
3.10408;1.60751
1.06329;15.2418
10.701;16.782
2.07292;15.3568
6.12071;16.1672
10.6312;17.8086
0.7511;17.1335
0.755493;4.47019
4.93677;16.1698
7.0214;20.2251
11.2454;9.91801
10.7106;15.8239
1.98585;20.8688
0.0900262;15.4706
0.849324;22.672
10.283;8.56571
11.2059;24.5837
10.9881;21.465
7.09187;2.29887
4.99466;2.62725
8.52282;7.85604
9.43195;20.0935
11.5336;22.0728
11.3371;9.68589
5.65041;13.7767
1.80506;10.6076
10.936;1.11723
0.199167;1.99739
10.1474;0.626584
8.06217;23.8262
10.7532;13.748
2.95012;21.5781
5.69154;4.19947
7.86603;1.69739
2.99923;1.86482
1.99599;24.9644
4.48655;24.7605
8.79597;8.71042
9.61537;17.6216
8.49061;7.07587
2.49153;22.3073
8.1616;3.09304
10.8113;18.115
2.34943;19.4105
8.64996;22.5585
7.95543;16.0402
4.75681;23.6287
5.36228;22.6381
0.843772;2.66135
11.2318;8.32651
2.089;2.66012
3.36505;14.247
0.65568;0.348876
10.5958;22.2539
8.29407;15.3538
1.53683;23.3688
5.38203;21.0133
0.21315;9.08558
6.05921;5.55225
1.15205;5.86987
0.974173;19.7329
10.1123;12.4171
8.01304;7.52832
4.17933;19.1898
4.70293;7.3907
0.699817;14.7158
4.63884;8.80722
1.36749;11.4715
4.22589;25.9204
3.56557;1.12657
7.0496;11.0552
11.3055;0.935198
2.80084;24.9572
4.62497;19.1968
2.08128;12.5169
11.5692;6.62014
2.88451;20.9767
8.78643;23.6114
1.15616;2.09249
7.75436;12.6947
4.37686;18.3174
0.651016;19.534
0.519049;4.37343
2.31022;10.2807
1.98175;12.7309
5.26489;19.5679
10.9782;9.90263
9.46298;3.85459
4.08914;4.52389
10.6391;13.3692
7.86498;22.118
9.22587;23.2906
7.88987;13.0267
9.64704;19.5997
6.97806;11.703
2.90511;24.6023
1.85558;7.70495
8.37062;5.14503
5.57464;23.1418
7.11957;16.3722
4.55663;0.832998
4.58773;7.65878
4.9549;4.4432
5.31386;19.5954
4.13866;8.56473
3.21447;0.00786877
2.16127;0.954062
10.7531;21.7775
6.45264;18.2003
7.09716;3.09985
1.80155;21.6716
0.78562;7.92378
1.55841;19.8385
6.03176;15.4549
7.83707;2.49454
2.68942;0.853012
1.53579;15.7672
3.92852;14.0632
9.32786;20.0252
3.53474;3.17745
1.19533;14.6233
1.47014;7.27263
7.18954;0.483735
1.40773;3.55805
8.62342;18.4273
3.07288;22.5874
6.50717;8.36008
2.0821;17.4754
1.01473;17.58
3.19862;19.1789
9.26518;12.7574
9.24551;23.4021
1.16519;2.54372
5.29165;22.7349
10.4164;19.1238
11.9596;25.1588
3.57559;3.0977
2.96833;23.3245
1.65297;9.48148
0.407309;22.2655
0.880959;7.5404
8.70135;16.0076
7.33868;23.3641
3.4537;18.0991
6.8973;14.4134
5.20522;9.01872
0.540362;5.30991
2.96345;3.69536
3.62475;17.8861
0.198601;4.4225
5.0815;0.342686
1.65289;18.757
1.58787;10.0127
7.42222;7.02182
8.99729;16.964
1.51722;21.4029
11.3097;22.1402
5.26638;14.4049
9.00202;18.8935
3.00181;8.44854
3.3724;17.7819
8.06181;8.47765
10.6578;23.8881
5.61832;4.94546
7.28037;12.6033
4.32367;0.784035
5.97508;12.9492
9.01895;16.3864
10.5978;9.62254
10.8038;16.456
0.270704;0.695523
5.47333;25.0909
10.5396;23.2694
6.22882;16.3402
7.45978;19.9997
11.4409;23.4697
5.43767;16.256
2.74495;8.87344
6.52801;18.1204
6.37795;3.91815
2.18018;23.1869
2.17024;17.6697
4.67819;24.2432
3.71821;7.09795
3.63036;5.46433
10.8711;8.45232
2.84301;9.41283
3.48149;2.99562
3.08408;21.039
8.9242;22.845
6.94094;18.1245
9.37605;0.820318
3.86789;0.262155
4.47404;22.5244
8.48426;23.5127
0.204278;23.1063
9.55362;5.14479
6.8197;4.8356
1.56371;22.8321
5.50779;11.2538
1.0599;9.48751
9.09514;8.45631
8.72323;1.24937
5.28551;25.5825
10.2869;4.7877
10.3512;11.3271
10.5748;16.7423
5.60649;5.29259
7.84822;21.8411
0.838631;9.38703
8.93253;2.25964
2.99691;14.0533
3.41743;21.2693
8.71796;10.7925
8.35452;4.82247
10.1752;20.3979
6.60461;15.7524
1.31733;7.21031
7.84699;14.3061
3.13515;13.2902
8.81254;3.22037
11.3618;16.006
9.21355;10.7646
9.83012;10.9672
3.04882;23.1156
9.39425;25.9596
11.7117;0.847514
6.4675;6.77969
10.2078;6.90184
8.11023;14.2183
5.41122;13.6185
3.97671;0.0342961
1.5558;11.4704
3.34367;20.3727
11.8969;14.0374
3.53672;18.8704
7.96514;6.28014
4.0968;11.2205
7.86682;4.175
10.2405;23.6506
0.595676;16.5419
10.897;0.665898
8.02587;11.6231
3.43643;13.5062
8.54996;25.0178
0.795924;4.24924
5.8321;10.3407
1.97702;16.0071
10.0667;11.5281
4.79068;21.5877
11.7995;18.0427
6.67295;16.8234
11.2259;23.3345
0.943325;15.3676
0.696681;24.2315
6.0084;2.80011
6.81849;10.6284
1.59969;6.16278
10.2699;10.9116
9.078;14.7764
4.58278;21.3935
8.78105;22.5656
2.64655;23.3091
5.80277;1.54531
4.07875;22.9525
10.6768;8.40286
6.92085;11.591
11.6429;13.318
4.11947;1.27011
1.23954;10.435
11.77;15.7039
6.1085;14.275
0.153339;16.7011
9.43284;22.5837
0.74432;14.1068
5.2431;11.542
4.38477;4.38567
3.74197;15.2345
0.782222;20.6803
7.74454;10.5321
8.13818;13.9128
8.73922;6.62791
11.771;18.1612
9.20582;8.42936
8.9683;22.6316
8.70662;18.933
5.6933;6.09943
3.32677;12.6677
10.5233;1.64582
4.26988;24.4132
7.27045;20.6115
4.59474;25.253
11.5371;18.0629
6.68654;0.691939
5.88144;5.26733
5.18033;4.37585
8.85237;4.15901
5.07866;18.684
10.3016;4.94971
0.513851;15.7515
0.729838;19.9777
4.00822;13.9168
0.0355941;15.8925
0.269772;22.8777
8.0946;9.8359
9.82656;7.29093
2.05263;5.24614
3.02026;3.44448
10.758;21.0314
1.90912;10.0521
0.137878;15.3605
6.65906;19.4789
9.00899;25.4317
5.61363;15.8397
2.0222;13.2762
2.58056;5.96275
3.34795;14.2757
9.17518;7.33101
1.92376;20.4641
1.94246;21.7064
1.9846;25.4995
1.38341;8.74732
2.19031;9.54129
5.62699;2.05469
2.11047;16.3282
5.58776;4.87143
2.62555;0.534781
11.2386;25.2082
11.9845;10.5132
6.94517;4.34795
10.9797;20.6391
4.75879;5.04327
4.1145;4.19026
5.71121;13.0829
11.3789;16.5829
4.05663;2.95427
7.42269;11.7867
5.40073;20.8282
9.8437;23.8934
10.5613;25.9007
6.56382;8.98966
2.20253;19.9103
4.3959;3.12245
8.82391;9.49096
6.29336;8.16633
6.38719;11.425
1.2948;24.1496
7.60073;11.7202
1.07994;2.84254
11.4476;0.994187
8.96561;7.59243
1.82236;9.50797
8.98141;8.4077
6.6671;8.26265
8.0836;6.18754
8.24737;6.27155
7.57056;8.98155
9.33467;9.03586
9.46192;8.27597
6.49601;7.55971
9.53233;8.62507
9.3174;9.96393
8.3404;7.85098
7.76703;8.70038
8.28829;7.58289
8.85333;7.27683
8.75096;9.46079
8.73959;7.73237
7.86849;9.40669
9.99502;9.95209
9.59422;8.24239
6.22363;7.16479
7.22393;9.5583
6.20065;6.68585
7.83428;6.69666
8.24556;7.36661
9.32173;7.56296
7.33054;7.66213
9.41394;9.09758
6.36251;7.70223
6.68047;9.21584
8.97906;9.43143
8.67662;7.71865
7.1638;6.54511
7.12534;7.15881
6.4972;6.71956
9.4012;6.72083
7.88435;6.62513
6.27914;8.08499
7.31099;8.11342
8.78165;9.55655
9.48002;8.10338
7.11952;6.81057
9.7655;6.53346
9.90814;6.12801
8.23569;6.58861
9.34385;7.21475
6.02004;8.02047
8.9334;7.18384
8.56558;6.05874
8.34265;9.06278
6.7783;7.74385
9.78362;8.66264
8.36898;6.06276
6.74764;9.67997
8.17617;9.52929
9.23652;7.6562
7.63266;6.35604
8.46676;7.39817
6.8895;8.37491
7.52618;9.12519
8.96352;6.87002
6.33994;8.98356
8.8905;9.27333
6.1674;7.45608
9.33207;8.51005
6.51886;6.11037
6.2539;6.30248
8.77301;8.62289
6.36524;9.52065
8.30286;8.54141
9.04993;7.53938
6.19761;6.6826
7.89542;8.66437
8.08076;8.78492
7.03927;9.60694
7.9101;6.00279
6.47696;8.25004
8.98635;9.36746
7.52337;9.15375
6.82354;6.85544
7.6638;7.3424
6.96581;7.9177
7.64488;9.73882
6.54059;8.01012
9.25947;8.84345
6.55153;8.3094
6.38283;6.74913
8.992;8.27825
9.4135;7.07276
7.06317;6.45278
6.6797;8.97327
6.45557;7.15666
7.22331;9.44192
6.52412;8.74669
8.59567;7.34766
9.60213;6.25947
8.69006;6.56794
8.17717;6.33494
6.30676;8.71776
8.34506;9.56623
7.56121;8.89659
7.87564;7.94405
9.64572;6.86763
6.2223;9.05923
7.94039;7.28547
9.512;8.62009
6.25875;9.96757
9.77675;7.48206
9.40949;6.30087
6.22875;8.00516
7.64852;9.83088
8.26462;6.33858
6.39882;6.44179
6.67352;6.70558
9.15955;9.01858
6.27182;6.72077
7.91517;8.14745
8.66481;7.5609
9.01509;8.88711
6.62012;6.95548
6.17259;6.13213
9.57557;6.43133
6.0997;9.35232
7.91339;9.50919
9.65318;8.14214
7.51435;7.3017
7.97302;9.77897
7.64028;8.37184
6.22077;8.3138
9.07742;9.38032
7.33239;9.34924
6.10109;9.24756
7.49669;8.7659
6.80845;6.51177
7.65301;7.42858
7.46725;7.8256
7.5607;7.04282
8.25693;7.6604
6.39514;6.17032
7.16959;6.04832
8.31246;8.68394
7.35002;6.28548
8.46291;8.9903
8.65732;8.68368
7.30411;7.73474
8.064;8.63649
7.08397;8.16509
7.88405;8.58066
6.93099;8.6925
9.09243;8.58401
6.12108;6.55969
6.40961;7.68178
7.6025;8.66654
9.34218;7.99764
8.83686;6.51178
8.04596;7.14933
9.19572;9.39598
7.43481;7.65863
8.38628;6.09212
6.34231;9.69039
7.82686;8.40632
8.32689;8.91083
6.57141;6.21094
7.49149;7.5024
8.90344;6.58393
6.08641;9.02452
7.14361;6.49602
6.70631;8.74612
9.16256;6.04849
6.74376;7.99942
6.56027;8.78971
9.14875;9.75598
8.18569;6.58356
7.41462;6.57198
6.67568;7.75693
6.26237;8.50254
6.16325;8.58925
7.41337;6.73466
8.80019;8.90486
8.23706;7.70363
9.48879;8.32347
6.72816;6.6324
8.81949;7.43446
9.37851;7.98205
7.48295;6.12227
9.98147;8.04322
8.91198;9.13022
7.7992;7.09768
9.71378;9.21382
7.66965;6.38946
6.97075;7.93202
8.892;7.134
6.52127;6.30537
7.86866;9.32146
9.21023;6.10572
7.0251;8.69902
8.42919;7.75325
9.33142;7.24868
9.18772;8.70993
9.23073;6.67067
8.8322;9.2122
8.71389;7.74419
8.34242;6.51309
8.84186;8.0562
9.72691;6.51151
8.44566;6.69766
8.44353;7.33766
7.83166;8.9648
7.64303;9.70031
8.28626;6.85326
9.80603;9.31136
9.55228;8.23523
7.06462;8.8837
9.48391;6.25233
7.59363;8.71464
6.923;6.42584
7.92684;9.63689
8.17002;6.26927
6.14998;7.01188
8.32547;9.87689
7.5234;6.77113
6.57455;9.96693
8.10879;8.4062
8.93173;9.75182
8.10652;7.21799
6.60509;7.91255
6.52936;6.15737
6.14778;7.59397
9.04107;9.63169
7.8463;6.63471
8.34634;8.76931
7.06054;6.27318
8.40619;9.23057
6.54245;8.55617
6.24245;8.86792
8.43306;7.76585
9.63905;9.00761
7.73277;7.74784
7.41381;6.6645
7.49966;9.52033
7.8825;8.10475
7.43289;8.41185
8.26212;7.58067
6.00582;7.3032
7.21236;7.85213
7.9379;9.5587
6.62143;8.99845
9.83188;9.02763
8.22902;6.37433
7.5838;8.47147
9.24224;6.01686
6.23731;8.88129
9.02447;7.97009
6.62913;6.43829
8.63459;8.12879
9.95862;6.51709
6.23354;7.39151
8.92894;8.49566
8.97218;8.93476
9.79886;6.18455
6.78689;7.73676
9.74324;7.40832
6.73521;9.57512
6.43595;8.96422
9.94945;8.01975
7.43569;9.19169
8.03661;7.673
8.07298;7.06109
9.64309;8.70211
7.49938;8.27769
6.8309;7.458
8.79477;7.06444
8.84951;7.72371
9.5601;7.82169
6.65847;9.35895
8.00624;7.44536
7.09571;7.74948
8.85368;7.83092
7.3246;9.28963
6.79514;7.27405
7.30938;8.23083
6.46574;9.34599
9.90384;8.53872
6.40708;9.54693
7.24083;7.90646
7.82461;8.07173
9.36446;6.61939
9.13617;8.21397
8.3431;8.69626
6.03566;9.00157
8.05522;8.0419
6.44692;9.15093
9.79138;9.3006
6.98185;7.11599
8.59023;7.77699
8.39004;9.89961
6.00782;8.85579
9.2456;9.91165
7.39451;9.65268
9.45858;8.63534
7.55914;7.2832
6.70707;6.92359
7.90258;9.84324
9.13756;6.24568
8.5395;9.17322
9.24725;6.59472
7.21512;9.69417
9.74565;7.00651
8.99477;6.72749
8.12249;7.585
8.50448;6.51254
7.48461;8.51229
9.36832;6.73021
8.42395;6.76283
6.38289;7.88253
9.39817;7.94202
9.16572;6.10525
8.86562;7.06831
9.94849;8.00318
7.31399;8.48799
7.1764;6.56123
9.08271;8.39152
6.2554;8.82835
9.39803;9.25018
9.55584;7.52052
6.83518;8.06032
8.03305;8.31979
6.57261;7.40138
9.05;8.99656
8.16421;9.43289
6.87909;7.56238
7.37492;6.04481
7.66763;6.24053
7.11312;7.61611
8.24371;8.4271
6.1041;9.42011
8.98834;9.1868
7.81163;9.24374
8.01516;7.20965
8.49392;7.571
8.73017;9.3291
9.63132;6.76323
7.64889;6.20393
8.16461;6.6989
9.20049;6.32881
6.13179;6.07958
7.89119;7.50671
6.12439;9.55882
7.74724;7.23751
7.17493;9.99095
9.66461;7.27903
9.41106;8.65295
6.46583;7.22269
7.89669;8.48099
8.43234;6.3906
6.05199;7.16252
9.7197;9.6833
7.92575;7.3686
9.88723;6.09035
8.06749;9.08773
6.41916;8.19928
9.16731;8.31036
9.70599;9.2917
7.86917;7.45323
6.52921;9.0441
7.44418;6.19382
6.32313;6.85524
8.84677;6.78896
8.07793;6.74346
9.26995;6.51027
7.13406;9.32193
7.67279;6.85377
9.00524;9.59854
8.22236;8.89247
9.68889;6.28985
7.9802;6.10805
8.48914;7.1475
8.41841;8.19513
6.4392;6.28758
9.64836;6.96841
9.33168;7.09254
7.16223;9.65481
7.94779;6.00901
6.44377;6.02572
6.75247;9.71372
6.53599;7.88653
9.03566;8.20878
8.7403;8.0409
7.80732;6.96266
6.93337;7.49621
7.25251;8.91356
7.60426;9.74165
6.06106;6.02267
7.93678;6.50027
6.31025;7.58514
7.46868;9.64194
8.67768;8.63091
9.29675;6.62547
8.63992;9.74053
6.65118;9.39238
9.45425;7.18718
