0.289405;0.954473
6.82699;10.6829
7.10588;4.34928
6.31476;7.22093
5.77806;17.0577
5.90444;16.4676
4.63309;5.12082
6.98371;15.5087
6.5306;11.4987
4.54122;17.9842
5.98946;4.00434
8.58589;16.5015
3.47241;7.15498
7.95361;3.46729
1.95109;7.30317
3.65081;4.48099
4.12882;2.9556
7.58195;4.46941
3.65244;9.79341
5.84517;0.861
4.42558;5.49923
8.66432;0.117329
5.31002;13.2961
7.81301;5.68125
3.39737;6.70846
2.8327;0.773649
5.3564;4.83719
8.63759;17.6576
5.99609;15.1824
1.56245;15.8943
2.24279;10.4265
1.18767;12.7432
6.69106;17.5392
8.60632;2.68699
4.66632;10.903
1.774;0.183791
8.20111;2.87664
0.15056;9.02227
8.08635;15.9271
7.35176;4.96743
2.3178;2.36892
2.87054;15.3484
3.60305;5.01627
7.50301;1.19827
1.09934;0.130921
8.54631;6.68427
5.27872;1.46796
0.713755;5.93956
0.503596;0.640159
4.31328;10.3398
5.77158;12.1745
5.26181;9.94537
7.52559;10.8247
0.483818;13.2239
4.37594;15.6711
0.0956556;13.3875
0.0200327;5.93239
5.36794;7.24617
5.47433;7.7419
4.22222;13.1473
3.93641;7.53706
0.915811;0.430261
4.50251;3.25913
3.18491;10.0122
1.94965;14.9964
1.17602;15.4424
4.58546;12.8757
3.69391;6.22209
2.85021;8.35545
0.722987;14.4523
3.0133;1.63728
4.91988;6.06666
3.78484;2.57565
6.65642;0.51834
5.15877;3.75727
6.83284;0.190371
5.64717;15.4973
0.310316;2.29936
0.378222;6.99045
6.15579;4.65574
1.99341;14.6636
1.04909;13.1577
4.76964;9.48599
0.689912;15.2397
8.92072;2.8258
5.84599;5.86804
2.23154;3.53175
5.96735;12.0328
3.0537;7.24753
6.27555;16.4249
5.5024;8.21679
8.30766;4.29914
2.85705;17.236
3.29925;6.47054
3.1132;0.910074
5.56314;10.2132
7.78685;13.2245
2.68547;7.11298
2.35522;6.75077
2.17634;4.55189
4.78829;16.0447
5.20996;14.0397
0.788208;4.35463
4.03621;7.68382
5.80108;2.62351
3.05438;4.60697
5.42015;4.72409
4.45306;16.5544
1.98002;15.5046
2.51247;10.1864
8.20734;16.1512
1.19983;13.9884
5.68784;7.77061
1.55068;16.0861
7.26069;7.45403
1.31901;6.09795
2.74935;13.0579
1.0688;7.07511
8.70628;10.21
7.37947;11.0147
6.41677;2.8677
7.81085;5.67383
3.79589;6.52781
2.11411;11.5518
2.01621;9.25316
1.86913;2.44711
3.70219;6.13791
8.21774;0.780049
6.95426;1.53684
8.43309;10.4299
4.49544;1.50419
8.26393;14.4896
7.28106;0.665458
1.78234;13.9747
5.43774;0.323618
3.49471;5.70901
1.59566;4.61112
5.69142;10.7831
5.56946;15.6111
2.16746;15.1713
3.43211;8.07317
8.80923;14.2686
7.10554;16.0539
7.52432;10.1196
8.79539;13.9148
1.27475;8.58166
7.7095;1.07735
2.53562;11.9811
0.871404;8.63592
3.97791;12.6183
4.47977;14.9452
0.163647;12.1509
0.778184;11.7101
2.46697;12.6953
4.6606;9.26886
4.93332;16.1854
8.67102;9.4851
6.227;13.5531
3.76952;9.50266
2.83636;7.12982
2.70874;8.22222
7.85574;2.83648
4.64978;2.78271
7.4088;11.0424
5.70931;4.77343
2.83033;2.37816
0.85934;5.98796
7.26451;3.27505
8.84904;1.46296
7.98517;9.01928
5.36591;7.83699
3.60234;10.0739
8.66104;1.6587
2.81348;6.86113
5.58068;11.2997
6.99547;16.5788
0.760949;11.7024
0.707653;10.8215
7.24257;16.2329
1.93192;7.90376
1.50317;9.5245
5.14096;4.72503
7.75623;6.81094
4.00004;15.2105
4.13695;5.97042
3.11491;1.00571
6.90371;13.4345
5.53978;13.1295
7.5466;16.7065
0.995315;8.25455
5.00311;15.9816
3.41669;11.5281
4.842;8.24869
2.17479;6.16914
3.2408;8.21342
7.03645;9.48795
8.86896;6.35483
7.10649;15.2504
6.58288;4.21305
6.23046;3.43966
5.09173;0.690741
2.22269;5.99088
7.06262;15.5249
0.56019;11.2184
7.11574;3.11101
0.736501;6.23769
0.546294;8.30638
8.8829;10.7766
8.27753;4.11538
8.47287;5.03667
6.1644;13.0186
7.26231;12.0667
0.686735;10.7376
4.65855;14.5392
7.47532;3.77803
8.98945;7.13411
2.23438;4.42426
6.56249;0.594015
0.974602;14.2454
5.90623;16.1807
8.67819;13.2855
2.20918;0.448964
1.79592;4.18417
5.61278;2.14691
4.14978;10.1713
3.59179;2.62836
2.59497;3.7082
7.34754;6.5634
7.22289;6.01219
1.55132;11.3964
4.89511;3.08153
0.265269;14.259
3.7529;13.6555
7.4265;9.455
4.95045;8.66546
3.81784;9.25727
1.97546;12.054
4.85312;7.54277
8.11911;2.93179
4.84484;6.53776
6.55154;16.8733
4.58306;0.293018
1.29073;5.86121
3.42821;17.0273
5.9367;9.95906
5.21184;3.66361
6.52029;10.9542
8.9613;2.54638
3.30487;14.7756
6.00069;16.5106
2.72053;1.63704
3.88395;9.39198
6.84554;17.4741
8.46738;11.9293
1.20297;8.62444
0.233529;15.509
3.74885;9.63318
7.90102;10.0792
7.74719;4.65846
4.55321;9.36778
7.30876;1.53011
6.5157;9.6581
6.24216;12.954
6.10224;1.09407
4.8648;6.20585
8.80236;15.1706
3.92145;7.37262
3.28132;3.53398
3.42338;5.49739
7.73163;9.2527
7.06092;15.9303
3.38086;3.61954
3.78176;4.56376
6.84935;5.0579
4.61111;4.80513
7.21284;5.83973
3.16762;9.45708
7.74891;0.819569
2.20554;9.7023
0.956821;14.1407
7.95407;1.51835
5.65566;5.75104
4.44549;17.8739
4.64251;15.7377
2.68567;6.74829
3.49522;1.49317
2.33931;13.7522
2.55635;12.2421
0.157956;0.811414
8.65001;9.53813
2.80827;13.7257
7.68893;11.9518
2.59139;12.8757
6.38568;9.59386
2.28899;14.685
2.86726;2.48614
8.10168;17.0458
4.11859;7.09433
8.45989;17.5222
2.41603;4.29113
3.13524;11.8225
2.89215;10.9491
3.78733;10.897
2.59561;7.89058
5.85421;4.49124
8.71435;17.325
0.108472;14.8066
5.63838;5.39973
4.84112;6.04811
7.49679;14.2602
1.36656;2.72811
8.37319;0.936469
0.886976;6.98355
4.0154;0.69374
3.25287;12.8629
2.49243;12.7762
3.34269;10.7692
2.86266;14.26
1.83308;10.9165
2.0753;15.3746
7.70389;3.57931
7.34977;15.6247
0.192937;7.97629
1.51223;10.0681
7.0122;0.0180404
3.16418;16.7575
1.37308;5.07473
8.84699;4.52011
6.02914;7.72478
2.60692;0.564033
1.29383;10.1987
6.67013;9.27302
1.48394;1.06558
2.76653;6.63403
5.99106;9.68367
2.0043;9.38989
6.63149;0.708145
3.50731;13.6489
4.34222;10.0391
2.85849;4.70884
5.02855;12.0453
1.73318;12.8033
8.56003;3.16034
8.66168;11.1783
5.44256;4.53722
5.87119;13.4728
7.36796;7.08264
2.3729;17.7038
4.07411;10.2789
3.16892;2.13034
0.981259;10.3464
5.76012;15.2255
5.52729;0.534849
5.43717;1.73902
5.28696;16.5913
3.22393;2.63102
5.31832;9.91421
7.71714;9.75671
6.53728;14.7577
1.46753;5.95968
0.647434;14.6774
0.716224;16.0308
1.88004;6.17824
7.8673;11.9083
8.22855;4.07244
7.01932;0.419613
7.20944;7.55886
7.82255;7.47347
4.04686;8.51946
4.60624;0.667628
3.55539;15.6603
1.64933;17.7474
3.78728;0.732934
4.75207;2.64912
7.74529;12.4392
4.3044;16.7855
4.55831;10.0412
7.40813;12.8767
8.10974;12.5509
3.3925;14.6766
8.31165;2.82362
7.5481;13.0422
5.19124;12.7413
1.25782;0.476197
1.63038;11.7281
0.571913;10.3715
4.69424;4.44248
5.05949;16.963
2.58771;1.62311
0.80608;2.666
7.03115;10.221
0.725726;5.17893
1.1311;16.2677
0.0278163;0.481684
5.40928;6.84062
7.57913;9.44185
4.83212;12.2545
2.24201;2.04673
3.49788;6.99966
1.26146;10.2565
0.363893;3.66675
1.31404;10.1163
4.05461;12.747
4.53965;13.2846
7.18508;10.6915
7.97532;10.4325
1.45621;17.4021
7.8057;5.17461
7.8349;15.667
2.82815;8.48835
2.25383;2.81457
8.9651;14.1719
7.53451;4.41422
8.10931;4.06479
5.70694;0.74155
7.16066;12.1417
2.20415;16.9494
2.12897;12.5175
5.84822;13.3372
3.90108;8.06661
3.01435;5.7528
0.249537;8.94112
2.57744;16.1105
7.05787;2.82467
6.88875;1.77203
5.65651;0.285163
2.2933;11.2432
7.22853;1.65563
7.82872;12.6757
2.86021;9.07133
6.70862;2.04175
1.6065;17.8255
0.495573;7.47094
6.17153;12.6876
1.40409;2.14523
1.3771;8.83688
3.94901;3.25328
8.889;13.0529
0.681876;13.8937
7.93879;15.1413
7.83288;9.1906
7.71321;2.25237
1.21691;11.8835
1.954;0.091272
3.27959;9.62841
4.5813;1.97641
5.83508;12.3756
0.900975;12.6613
0.923275;14.145
3.67445;4.65473
8.14512;10.1031
6.7458;6.18827
6.67819;13.2696
0.620585;14.7201
4.58167;17.1187
5.9307;6.82911
4.15467;9.28782
4.54074;10.7432
1.58565;12.9895
5.41722;9.73047
2.30894;1.99704
5.85344;16.288
7.18633;13.5088
5.47467;16.2192
4.82693;0.298247
1.43697;7.94409
5.20067;16.3655
7.06618;5.75773
5.81758;15.3735
1.23893;2.7985
7.24614;14.3393
4.81381;4.80162
2.81353;0.709091
7.77239;8.79837
6.84928;8.37922
0.264421;0.316449
5.18813;12.2357
8.30225;6.74892
3.87228;9.55384
2.48406;17.3984
4.92604;7.84206
3.67125;2.25344
3.1038;3.47487
4.00558;17.8428
0.424199;10.489
1.32063;15.3407
3.41414;12.2689
1.07115;12.4554
6.48898;17.6871
1.62686;8.67653
4.03315;3.78256
4.49649;0.442569
8.00915;7.59747
3.59575;5.76285
8.57565;12.1596
2.58063;9.00339
1.00084;12.5038
5.62841;8.20929
7.98932;1.268
4.02602;16.827
5.87851;10.6933
7.08386;0.585307
2.48109;16.31
6.52033;17.9401
7.99854;16.2944
4.30833;6.06339
1.03847;17.6096
3.25298;0.0952329
3.60355;13.6974
2.92904;6.35841
3.92853;11.0194
7.6809;9.85875
2.76156;8.61863
0.0340189;3.50177
4.94331;8.12009
1.1644;3.64365
0.406698;16.4965
2.11448;5.77557
7.40326;17.2696
2.85786;12.8036
7.782;14.3324
0.433498;17.6409
6.97101;7.37295
8.86809;3.14912
1.5352;5.59426
4.75376;10.9275
8.30681;6.86933
1.39311;4.13674
7.74398;2.85425
3.81926;7.37459
5.48717;9.96733
5.50912;11.7877
4.23192;15.2472
8.78165;5.27037
7.25842;5.27902
0.0369926;12.0808
0.805698;0.940982
5.86089;15.5534
4.15697;11.4579
0.351266;11.3843
8.5261;10.2101
2.1559;15.6658
8.5397;7.09801
0.901283;14.5674
4.97613;9.44108
1.97098;2.92659
0.704204;14.9602
7.35716;9.87225
6.10371;14.2776
7.57131;8.72424
0.778327;15.2166
1.40254;3.16805
8.0788;14.5268
0.360732;6.47153
3.9924;1.42399
8.92793;7.037
5.81703;4.16766
2.35141;10.7134
5.63283;6.50538
3.6404;3.21792
7.97323;11.2228
3.07226;17.3549
4.09148;2.85884
4.61356;2.39038
8.56824;6.36976
5.55731;0.693131
1.79318;13.9197
1.93059;1.74396
5.22327;4.58265
4.10775;0.43133
3.00332;8.07135
3.73416;17.6407
6.1195;12.1711
5.17707;5.50467
0.338264;17.635
4.3613;16.623
5.42886;14.8671
7.98893;1.04067
8.86297;7.20499
1.71553;16.8624
6.78737;14.5457
8.77778;17.1611
5.23268;3.41674
0.452541;2.9119
3.99969;9.12058
1.67162;14.006
8.59597;10.8116
6.82336;11.4309
2.49135;6.00086
8.46781;5.65923
2.81791;7.6582
2.14111;16.4935
2.26265;2.26009
8.7671;4.25125
4.73254;2.96525
1.55684;5.03983
8.75546;2.66923
2.10047;9.97629
3.04298;5.10603
6.4441;14.0854
7.1133;16.2314
5.04569;13.4185
4.52149;5.73809
3.42474;14.0257
5.86948;5.78509
0.842461;17.3748
6.72165;5.96715
7.93415;17.9686
4.11362;15.4025
2.10992;17.6923
0.183877;7.33352
2.36607;17.8787
5.00138;8.9331
4.92748;16.0887
7.01956;4.74316
6.08704;10.2657
1.48729;4.26545
2.84214;12.0176
5.00177;12.5338
4.02163;3.7425
0.159423;9.72818
1.55864;13.7621
7.84766;0.985573
6.86537;5.92257
8.19404;17.9506
2.80744;16.7558
3.64205;10.347
8.31725;17.2869
0.640065;8.48947
7.68779;15.3193
6.61632;9.54966
3.7925;16.2072
6.90755;13.2693
5.11239;5.81864
3.90152;0.268046
4.78057;8.12188
4.99811;12.6784
1.94201;7.69156
6.83199;17.6147
6.80706;12.0521
8.78267;1.22901
5.40395;6.84944
5.78802;9.4424
3.06815;12.8562
8.96594;3.51188
5.08772;13.1645
6.53077;17.7604
5.68586;8.87664
6.51485;3.5965
7.34764;2.83274
1.93227;6.25642
5.47731;13.8608
0.467419;14.8386
1.77617;14.5988
7.22669;17.1665
4.32544;14.0187
0.197734;1.45878
1.43407;11.9715
5.45059;9.00444
3.41384;10.833
6.25816;17.0031
2.99878;7.57786
8.38177;17.3693
8.22725;11.7932
1.48288;13.1498
7.31299;6.83031
0.703103;7.5806
1.34555;2.34104
2.20961;6.24343
8.46993;0.872607
2.70494;7.59075
7.44566;5.80535
4.52476;17.7595
8.88843;1.95071
4.38195;6.60454
6.39188;3.28023
2.80382;0.781306
5.42905;4.37119
0.0752869;9.31259
8.08221;3.11634
2.23119;12.7904
4.97333;5.86858
1.1855;12.6377
4.10481;6.79024
0.440587;7.14949
3.83142;6.29106
7.37012;4.55416
6.04821;5.78977
2.15681;11.8733
3.87024;13.0775
0.238908;2.52423
8.17888;6.08546
1.65277;9.21586
5.22832;3.45611
0.264224;8.62108
3.28623;4.99082
1.70574;16.5191
5.4297;5.7825
5.57843;1.06903
6.28637;12.038
4.10926;2.23558
0.164548;4.95876
3.39487;12.4255
5.37427;11.1034
3.14939;0.48901
3.09044;6.7766
1.50662;4.53865
6.43103;6.31878
6.87725;5.31871
4.88745;14.283
6.9699;16.3474
0.636888;17.3513
7.43323;12.1332
2.56689;8.02333
6.6011;17.7065
1.03068;3.42072
0.971042;2.39046
4.18974;8.73182
7.40798;1.12801
0.917588;3.11476
0.80851;8.01606
4.94568;4.63026
6.27735;4.75342
5.47452;8.30921
5.03607;2.72394
2.29608;6.01193
0.535648;5.86594
2.6816;15.9378
8.99956;10.497
2.98054;13.2013
5.10175;8.02245
8.31102;12.1456
5.20645;7.00153
1.4387;7.22887
4.06477;4.71257
5.17181;9.74655
6.36432;2.23498
7.18841;7.28334
3.4942;7.32586
7.79628;17.0605
5.0249;2.18472
2.53623;11.1211
4.02533;10.4357
4.52943;8.04978
1.46633;15.0199
1.62555;13.1362
2.5212;1.87316
3.64087;15.4553
4.43734;10.1591
2.34208;17.0042
7.43585;15.0278
4.37539;9.60033
8.63139;5.12759
8.44184;6.25118
6.22673;14.4762
2.65586;4.50326
8.33048;10.3842
7.81218;6.71162
1.40994;6.68322
7.3807;5.75254
1.85158;0.0125115
0.444345;8.74556
0.942834;8.17042
3.10043;10.7603
0.164775;10.885
4.88228;15.2013
3.95641;0.515335
3.40079;7.1756
2.82146;5.68526
6.71339;0.0963762
1.08074;0.738508
2.29982;0.822441
5.56135;2.224
3.76703;13.9426
4.45361;4.29546
0.847556;12.6104
2.15399;2.5838
1.67798;6.19364
5.37711;9.55681
8.47699;11.0838
1.22092;8.71855
4.14251;10.3547
4.61694;15.0866
8.76513;14.8768
1.38593;12.957
7.48659;4.93336
6.84777;1.57282
2.8779;6.81825
1.89841;13.2899
1.38041;12.704
8.79266;4.45594
3.65721;3.89329
3.51987;10.6704
5.04346;17.794
1.11359;9.04091
5.43887;4.66902
8.87973;1.16277
7.51184;8.99335
8.12469;14.5539
2.93508;1.02125
4.75548;2.84335
2.9773;5.20651
2.20809;11.7104
6.01238;8.21299
3.50013;14.7856
1.45851;6.58557
0.620759;10.2314
5.23943;8.28126
1.45091;2.56578
4.03761;5.129
5.80335;0.95297
4.89901;11.3662
1.05787;6.82169
1.17975;0.365121
1.68781;8.22967
0.693184;12.8866
5.53651;7.34097
0.0465466;15.4892
0.525687;12.1178
2.85109;8.05163
4.45171;8.6192
7.3186;10.1449
0.425323;7.11606
0.213104;3.75247
4.84092;8.50143
4.44073;3.28854
4.7272;0.679489
7.32735;11.5701
3.75059;17.0142
5.96763;10.8768
3.62194;13.3216
2.8817;0.316895
1.3313;5.85648
7.90304;3.71398
8.98717;3.50826
5.8828;8.87776
6.06373;8.40281
0.511354;12.9781
7.75943;1.44892
8.36529;7.20071
4.97517;7.61204
5.24462;1.40475
4.14577;7.14394
6.48745;15.7927
3.07907;6.91016
4.33476;13.402
1.1159;14.4329
6.85946;4.8944
1.1447;11.525
4.30419;2.26373
7.51663;2.37399
5.57074;9.16073
5.3884;12.1642
2.06942;8.29567
6.80656;2.86941
7.74819;5.56346
5.24073;7.98562
3.48411;0.772985
7.56478;1.94311
8.28285;3.28771
4.42664;7.23522
8.34487;11.0851
1.83407;12.4087
7.98974;5.95753
2.96683;6.58785
4.11063;2.96692
4.48092;1.36275
6.06382;1.73865
6.76347;16.2665
5.01716;9.14006
0.567946;7.53069
7.35176;11.6173
7.75816;3.67173
6.19516;12.6459
2.80742;10.956
7.9668;14.4681
0.0956243;14.6233
3.77659;3.85938
4.516;5.53266
4.90845;14.9657
6.06026;0.0381633
8.96629;3.08236
0.700454;12.0602
2.4105;14.9279
5.16335;14.8553
3.03395;11.4626
2.193;2.77142
2.53997;1.90233
3.22158;17.4703
7.2741;12.058
5.21315;12.4818
4.26306;10.6175
4.55257;16.0793
7.23846;0.137133
1.80598;6.29383
7.55139;15.7325
3.166;15.0354
0.407415;7.7329
4.54779;5.63583
2.33038;1.42228
1.24558;10.7287
6.44244;6.87716
6.75004;17.9648
4.38974;1.94324
8.71754;5.32769
7.00062;9.86138
8.90475;4.52735
1.23946;8.91464
1.30333;16.9558
4.52589;6.21861
2.62484;6.15456
1.97554;11.5817
1.59496;4.76591
0.657288;12.2855
5.20087;5.97533
6.85389;12.8929
8.352;8.59265
0.885027;12.2041
4.27873;10.5495
7.07366;7.99254
7.93862;10.1486
8.92696;15.6867
7.33795;2.33284
3.30069;17.2826
0.644342;15.6532
2.75058;6.53836
1.90385;9.45225
0.0600172;6.99763
7.10908;1.43461
0.641559;6.6199
3.70497;14.9909
0.756397;6.11394
2.79177;3.28285
0.159007;14.141
6.91619;14.4653
2.06677;11.7096
3.30694;3.98746
4.69818;3.28979
3.16015;15.9977
1.28617;7.60898
6.82544;8.07351
7.07367;17.4586
8.76288;14.2674
3.22811;13.7439
7.85099;7.73933
1.1819;5.11193
2.36511;3.8766
5.61293;10.3138
3.57973;11.5439
3.22738;2.99184
4.00461;10.5883
7.35073;14.6231
7.28788;6.09781
8.95644;2.89606
2.04777;2.48523
5.25252;17.7464
5.27937;6.65239
8.6025;10.0845
1.45988;5.66122
2.9142;0.621754
6.70028;8.19221
2.86684;0.130777
6.0344;16.9596
5.22227;1.22826
5.25172;16.8993
2.11005;0.512644
4.7438;0.921567
7.56787;6.06337
3.50969;15.0486
4.47972;11.1149
8.76692;1.46448
5.43067;10.0926
4.05843;10.0664
1.08853;11.0366
7.86379;8.00546
5.82919;11.1281
8.09883;17.3921
5.62945;10.2665
8.17581;3.70345
5.74737;8.85506
1.30138;15.7148
4.68385;12.0904
8.31821;6.50344
0.0768647;5.65579
1.77603;9.11316
8.38536;3.08591
5.28882;9.63206
6.58924;0.694509
0.849209;15.3556
5.86557;17.426
2.68051;5.38953
5.27706;3.55868
2.3908;3.81304
6.91258;3.13322
3.75824;7.31989
5.99414;10.1192
2.51737;3.35598
2.1048;3.67114
4.92971;4.36332
4.66347;13.4115
6.73824;8.09765
8.24869;6.05413
8.86486;11.6759
3.37432;1.42814
4.51571;0.479776
0.427066;14.3924
2.93465;11.4083
8.97556;10.6509
7.61065;13.7763
6.89206;4.73778
1.54808;7.7724
7.42851;8.13089
5.56419;1.0666
5.90102;2.9878
2.71496;3.12898
8.19964;0.906409
5.61332;14.8967
3.48027;10.9563
4.28627;13.7092
6.19224;17.604
7.09447;13.2386
6.99821;2.05825
3.32344;13.9475
6.35457;3.86817
4.8619;8.49327
4.30297;12.82
8.13283;5.46296
1.47543;9.39405
3.26478;14.7529
6.19092;11.9595
8.94094;10.7811
6.43295;11.1085
3.8389;1.82643
2.03243;16.2504
7.7678;16.4493
7.92716;11.7245
5.84398;11.8507
6.8914;0.334827
3.89914;8.49195
2.1015;17.5221
8.49261;12.8089
6.17103;15.2509
0.135946;15.2929
3.32247;6.80145
6.02291;1.02678
0.380466;11.9277
5.90396;13.6268
2.51811;1.48571
7.72662;9.10107
8.86803;12.9888
3.7752;15.5904
3.3567;1.23836
4.72057;2.49619
0.786595;17.2394
5.49407;5.77618
8.38076;9.97335
0.29256;11.1036
3.61212;0.857012
4.19825;13.8692
3.82923;2.44233
7.44797;8.41939
7.18502;8.70386
2.02311;1.40624
5.09479;1.49947
5.25366;9.92564
7.24416;0.0577205
3.75802;3.20171
0.648042;16.9572
2.84895;2.86927
8.0983;16.686
4.32273;14.9581
4.32969;9.23058
4.03085;15.8836
5.04379;16.4582
5.87639;17.7461
0.450266;8.64873
4.08272;15.2706
8.6763;12.2117
8.3384;9.54216
6.85557;9.18412
0.733902;10.1994
4.62092;8.98384
6.70058;10.5379
3.97051;1.09906
6.7036;6.13761
8.89254;4.05265
1.54787;8.44447
6.64161;11.1574
3.16404;5.37081
4.80782;0.0808693
2.55843;10.5162
4.3648;13.2823
3.89336;8.08219
3.74699;6.46353
8.81218;3.2051
7.82382;1.09216
6.70228;6.88948
5.038;8.80571
8.7137;0.0170054
4.95238;12.8346
3.07731;9.68985
8.44362;9.25035
0.0671605;12.1705
1.20389;6.46241
8.77064;12.0234
3.27164;4.65815
2.26979;15.2729
8.97023;12.3263
2.67753;7.43443
0.394926;4.97942
5.31977;16.4375
3.03579;6.04409
2.66349;16.1476
7.4249;4.75439
8.08229;6.75456
8.79449;4.3192
8.2222;16.4762
6.78478;16.5787
5.32335;15.9773
2.52057;10.188
5.00038;11.5844
7.42307;14.5403
4.42865;14.7866
4.43333;14.2124
2.11052;9.65652
0.595891;14.8606
4.04701;7.26337
1.45233;13.421
2.70547;17.7545
0.0876968;3.57553
3.2545;17.7644
3.94736;4.95342
8.12031;3.46428
1.76607;8.88732
0.720806;8.57328
0.537656;11.4424
1.07885;15.9215
3.99135;11.015
6.35403;16.8494
3.61367;16.9291
4.25294;8.41913
6.89483;16.5999
7.84125;16.6943
6.01045;3.09343
8.22438;12.1963
3.33448;4.95777
5.98034;14.5637
4.95559;10.2013
0.0139833;13.4433
0.544307;1.46958
2.00831;2.16393
6.45597;6.17431
0.0426894;2.89465
8.59465;12.7934
0.87201;6.41664
5.86126;10.2499
7.41788;7.51217
4.4249;12.5183
3.10324;2.87071
7.80584;4.65525
7.53351;4.28065
4.80651;9.02769
0.422168;1.5242
0.614493;0.872303
7.48377;2.3176
1.17094;0.984148
2.24076;15.2538
3.57923;4.5669
0.0742372;6.34775
8.68017;1.8925
6.38219;11.0829
6.0712;9.60015
0.297515;2.99221
2.0592;6.80152
2.93146;1.73008
5.72838;2.92994
3.00537;3.06978
5.97881;6.85507
2.29699;13.1866
3.86369;1.56152
7.75211;10.0693
1.27284;1.98574
3.66154;9.70413
3.27632;7.47155
8.02594;5.91298
4.68202;10.8163
8.49792;3.50645
1.2082;17.5909
3.24933;6.5348
3.19619;12.3616
4.13244;17.8492
7.64576;14.2756
1.45947;9.24914
1.56534;7.51292
2.21788;10.8581
4.53722;1.93997
1.46365;11.6201
1.96285;10.2504
1.66212;10.4784
8.86096;1.37611
8.19567;9.08597
6.09618;15.3872
6.29621;14.6088
7.48902;1.09107
1.57179;3.37043
6.72633;11.4085
1.60979;10.7442
3.84203;6.13852
0.996654;10.8147
6.82572;6.42906
1.8364;4.72588
4.18452;6.6001
8.173;12.2947
8.42524;1.67023
2.38655;16.5724
1.52317;3.16443
3.82919;15.2387
0.275804;2.2508
5.92374;15.5297
1.67093;14.9911
0.450043;16.7945
4.19975;4.11967
4.76934;16.0836
5.12909;11.532
4.44916;5.90962
8.98053;12.5711
5.31775;8.33009
0.585613;8.98149
1.31242;0.0217074
5.32586;7.39793
8.29706;13.6981
5.28118;6.25249
5.46839;11.114
4.25164;4.78427
4.32181;11.8452
0.887662;9.54371
5.31984;10.1748
6.83169;2.17836
4.1292;5.92156
6.85518;17.1567
5.91559;13.6714
5.86393;4.46668
2.00075;12.8991
6.72409;6.62634
6.4604;6.0999
7.01214;11.5149
0.898985;6.58664
8.8837;12.7348
8.85031;8.27069
8.75951;8.34424
1.05792;1.29435
8.94398;12.7555
5.73459;13.5513
7.46694;1.72759
0.736448;10.6442
0.442161;13.3041
3.15783;12.6122
8.88538;10.3172
3.75563;13.2189
8.47175;2.43205
0.65942;12.9678
6.97348;3.11681
0.77721;13.7144
7.92578;1.25503
1.99252;15.3706
4.79964;6.10089
8.33247;9.48723
0.428206;10.1341
2.51928;15.7903
5.93085;6.51146
4.21727;12.746
0.907768;14.7502
3.6791;1.5863
3.53368;14.8695
7.40262;6.01087
8.65076;16.1241
0.489323;13.2485
0.620444;2.53307
4.48142;17.0924
1.89405;12.9479
7.23152;13.3874
0.524389;13.128
2.4373;1.90519
2.63104;9.91316
8.84774;17.1238
8.21231;8.13003
5.9349;0.240149
2.44011;1.228
0.913224;11.9476
8.04873;16.6317
8.97922;15.399
7.37788;0.937091
5.32373;15.9967
1.73508;1.6103
7.54455;7.25826
7.27909;11.5521
1.32282;15.607
3.34005;7.52023
8.75608;11.9422
8.7167;17.2076
5.53298;15.858
3.66883;4.93575
8.04908;12.2179
3.08187;17.9246
3.08273;4.2612
8.27814;6.12391
0.83009;13.3121
3.5305;12.3076
5.65435;10.5312
6.95897;8.39781
8.89471;10.4761
0.974972;2.43505
4.04154;8.63004
4.97764;7.59523
1.28611;9.38867
3.40143;13.6382
3.62334;14.1405
0.286959;5.34483
4.17921;6.73766
2.63472;14.5239
5.49943;3.82572
1.32389;12.659
8.56889;9.70879
3.48334;10.4465
1.11997;2.88461
0.422143;2.02936
6.68036;2.79423
2.2322;3.4438
5.71214;14.4197
5.51951;13.9965
2.90418;17.8419
4.81733;13.055
6.99121;10.2086
0.199929;4.34084
8.47312;5.66929
0.432361;9.9451
4.7475;3.51251
2.30207;8.63278
6.61065;11.5708
0.539631;15.4612
7.22771;1.92355
8.7453;9.81614
2.35889;3.955
6.62997;16.1421
0.187342;6.29896
6.06927;6.18304
3.07043;3.77321
0.619034;2.12328
6.9909;1.63793
3.23206;12.928
3.65361;7.32884
2.43657;16.8022
5.42068;9.47728
3.7175;6.06265
1.52405;8.51427
1.76194;17.5035
5.21891;3.01448
4.65983;15.1556
3.48474;4.5796
6.64882;7.34416
5.43928;7.43619
6.7636;17.0194
5.6047;14.7653
0.571349;7.19119
8.2016;7.60682
1.05961;5.71041
7.46783;6.99236
2.25632;7.77701
8.23482;11.9476
6.91983;1.51773
1.23096;17.3635
0.510626;12.8997
1.18901;10.3409
5.02766;9.3475
7.46026;5.35297
8.34583;7.79909
6.39458;12.2189
3.40925;5.99856
4.49206;7.96121
6.59488;7.38732
7.78401;15.309
6.54886;12.5037
2.15067;17.6104
1.14034;2.77098
5.779;16.1203
2.14436;14.0199
7.74194;5.30997
4.45983;17.8619
7.82544;0.974981
4.60469;12.5714
3.16398;7.90104
1.18525;1.11712
1.05995;9.189
3.55784;11.104
8.5751;2.30544
0.245674;14.7182
8.80721;13.5891
4.61095;3.91576
6.59972;11.5026
3.34337;6.75745
4.81146;10.9755
1.38869;7.10679
8.14271;11.697
3.48434;13.9363
6.336;16.1781
4.25386;0.99996
3.03955;10.8782
1.05854;8.19901
1.03361;9.23276
0.651517;1.21743
5.7691;1.79438
7.96783;11.1526
7.69173;7.15756
7.53419;10.5829
0.330076;3.75512
8.67018;10.2831
7.36529;2.11772
8.69493;13.016
6.90737;6.35855
4.47617;8.48676
2.26831;17.4601
4.74336;10.6157
5.16913;11.6038
0.407364;12.4055
1.41828;2.11776
6.81146;14.3747
1.95607;11.5586
3.76368;1.2956
0.358065;4.59574
5.93925;1.37628
4.17543;11.2189
5.82968;5.08145
6.66829;11.0492
0.0487325;9.15133
8.70389;9.0498
8.81904;3.94439
4.25492;9.1248
7.28005;0.848114
1.3643;15.3748
6.6268;5.56515
8.7463;8.87651
0.969946;3.40475
1.21754;9.46725
2.35017;3.15121
7.0315;16.5789
2.26374;4.41386
4.89885;16.1868
4.74765;5.13428
4.61803;9.59277
7.14281;8.64384
0.321285;13.9237
6.29412;9.15242
2.52425;9.14834
5.00026;7.77709
3.26159;5.25413
6.67112;6.01578
7.06532;15.2821
4.71026;16.5657
3.37469;14.1209
0.858458;2.81238
6.34986;6.2444
3.61312;4.49743
2.21562;16.7215
4.81586;13.6673
4.15716;5.91733
2.15558;8.95689
0.92051;16.8994
0.0546528;6.88951
4.02386;10.1098
7.3333;14.5709
7.68198;10.0088
1.29334;11.4946
3.64548;12.0072
5.03016;14.0403
4.06404;11.7772
8.42636;2.82781
0.0108158;6.07896
3.66262;4.45288
2.40025;16.957
0.0600971;13.1148
2.43714;4.43135
2.03586;6.7153
1.66537;4.18102
6.8024;11.3785
7.14543;10.2714
3.97469;11.6548
1.14012;10.5361
2.57471;9.57121
2.27164;15.2097
2.80578;12.6714
4.49348;4.46428
7.74958;9.00859
5.27162;4.8244
6.73073;15.3438
1.89068;13.5817
5.22929;8.65563
0.00650734;14.5303
7.68546;3.34376
0.355657;10.9757
7.36111;15.0022
1.62357;4.6716
4.32849;5.5274
7.60383;13.8064
7.54931;1.75094
5.50807;2.71017
7.21115;2.0031
3.58723;11.9215
5.50584;17.7177
8.37293;6.47315
7.53073;2.52721
1.02741;7.52003
5.59142;2.06783
2.02516;8.55376
2.70579;4.76164
0.764748;2.13381
0.881903;4.77664
3.40271;10.4208
5.15202;4.01308
3.1136;7.40265
2.88201;17.2433
5.05641;2.18632
0.623219;17.2873
7.05389;12.2581
8.50249;12.8536
0.365639;14.0664
7.69042;2.7861
1.79323;8.56368
2.42696;7.63679
8.55872;10.2655
6.19921;0.646935
6.19966;14.1622
2.71179;1.20474
3.29151;15.7276
2.60891;12.8102
2.56513;10.9818
6.02678;15.2431
6.58408;13.3
7.26518;9.27594
3.77907;13.5353
2.06479;8.28941
4.80089;1.51041
5.53775;13.1882
5.03704;15.9294
1.41251;9.19153
4.09748;15.2234
4.91923;2.59428
5.69284;15.262
1.89951;17.9687
6.49483;9.01685
6.38946;0.11992
0.999346;6.83249
7.6815;15.1669
1.06625;11.8934
3.2214;9.69063
3.71435;10.5724
8.99002;17.0305
6.04139;11.0555
6.10936;4.15687
4.49249;15.0437
6.6742;17.1799
6.13359;5.18686
0.887106;5.65286
1.22445;5.57323
2.81078;15.4386
7.29504;0.400475
7.77924;16.5888
3.61648;12.9215
6.87781;9.36547
3.40742;2.19842
0.52805;14.2436
6.38539;1.03614
6.63702;6.85356
6.04585;7.49275
5.50521;3.07667
2.26825;6.35882
1.1283;16.8037
5.77284;4.03082
2.22827;13.9946
4.80203;10.0781
5.71657;6.19413
5.23928;8.99161
2.39145;17.7115
1.95654;0.538532
4.5385;10.7279
1.36848;10.1331
3.48574;15.5077
5.58462;2.24553
2.18065;5.26093
4.86914;15.3717
4.1688;14.2748
1.86527;10.5942
6.53923;15.2762
7.31251;17.535
5.6354;6.22908
4.80653;4.70394
6.2116;2.09163
6.84777;17.2061
0.901578;17.6086
8.87232;10.8802
5.16828;2.4816
1.50662;17.3081
8.99467;14.1825
0.776791;4.35064
0.721706;11.2919
0.861184;9.78101
3.78332;5.45292
1.18761;2.64509
1.36457;17.0002
1.09004;14
2.61466;11.7931
0.351946;17.6525
6.94239;14.3994
8.42932;15.6879
7.00403;16.6033
4.28404;6.34463
0.542445;11.5813
2.82634;1.07423
3.88191;7.20627
2.71243;9.20722
0.249067;7.14724
0.494119;8.06477
6.30008;3.36346
5.35493;15.3293
1.18185;12.8899
5.66463;7.59303
3.34154;12.0331
3.62278;2.56786
4.21629;6.10421
0.127894;4.44066
2.35375;8.82387
5.39265;5.79239
1.2026;16.438
3.43331;10.169
2.82213;12.2915
0.688119;6.14238
0.71936;2.36448
7.10358;14.0389
2.86397;6.91702
5.68409;8.09164
0.903479;4.69743
7.84233;8.49004
8.36529;4.93022
5.52895;7.16317
5.51721;11.3137
5.80191;15.7419
1.06878;4.38912
1.76716;4.54276
1.41355;10.4009
7.35588;8.47135
2.3462;16.088
7.30687;6.13113
0.226241;10.8209
1.085;6.18042
8.86895;13.5382
7.13603;1.54487
0.117808;11.9567
5.01745;16.9662
8.44347;3.09281
3.06468;9.92137
7.20325;17.7332
3.83165;16.544
2.06115;11.1976
1.5434;6.94941
1.79926;17.7986
7.71038;8.29094
7.94329;12.0345
7.21103;16.3391
2.42769;16.5921
2.25974;4.59329
6.06513;0.791533
3.06908;12.3659
6.37412;16.1731
5.66603;11.6352
0.632933;17.4614
1.77827;15.6724
8.59731;11.2198
7.1082;3.31693
2.20872;17.3032
5.13317;8.01597
8.5509;7.68709
8.15346;14.9884
0.860791;12.729
6.66372;6.57696
5.66052;17.8469
5.58512;5.45129
0.319229;17.3084
8.90858;13.3867
7.74073;11.1492
3.51094;16.7473
5.30533;10.5784
7.20984;9.80528
1.89914;10.6361
6.5611;8.21572
4.96965;5.38855
8.11585;9.0411
6.53782;14.5386
3.01474;14.7972
4.63379;1.35692
1.68709;2.58863
0.601921;14.5444
4.01996;1.8423
6.92641;7.85708
7.6145;11.3343
0.503154;4.25089
5.04081;11.617
7.41466;6.5013
1.71112;0.62761
8.56869;16.5444
4.42167;9.0767
1.9665;7.07503
0.0588971;17.0086
1.80682;6.14727
6.90293;12.8812
3.75209;17.18
7.73493;8.70803
6.86223;5.50978
5.27516;9.57729
6.68343;7.77933
1.45579;14.3732
6.01511;12.9932
3.99507;8.85955
0.747247;11.4124
4.74358;0.631883
4.97841;0.330496
4.85429;13.8898
3.70276;9.82637
6.44922;11.0192
7.98682;8.70429
2.9502;5.47783
3.94216;3.37026
7.09293;3.60879
4.44002;6.73618
6.59304;4.2469
7.25775;16.0977
0.310036;8.54573
5.54543;8.6102
8.70264;12.5854
1.01129;8.89244
6.60862;11.9794
4.61147;4.92582
3.9346;16.6285
7.3761;2.76763
4.82382;12.7258
5.73596;15.548
0.10183;1.35624
0.459149;14.3895
2.48251;9.79833
1.56285;0.151112
7.02262;17.6412
8.12439;14.6653
4.09347;9.33964
2.63776;7.59222
1.9625;7.29809
8.24233;17.1422
0.638737;7.7076
2.03403;9.14667
3.16804;0.820243
5.95715;15.9837
6.77304;5.38622
6.76588;13.7497
3.37123;14.4501
5.06963;11.7075
3.12419;13.2649
5.9293;2.29362
6.45307;10.1074
8.47946;3.09308
0.723507;4.23444
5.34265;5.37201
5.76626;9.16995
2.25712;12.81
8.43878;8.58229
1.97833;5.21363
4.70127;15.871
1.59867;4.94861
1.62859;16.7291
0.349174;9.99964
6.58957;10.8376
1.85356;1.42753
3.05127;15.5657
1.86057;1.00869
3.83655;2.68008
2.05088;9.12011
3.45726;14.7871
7.24606;0.447044
2.97851;1.00636
6.62852;4.83457
4.79433;17.2137
5.0241;0.991188
7.54234;13.2455
2.9699;0.341864
5.98731;6.63815
5.17075;7.15377
8.73787;14.0486
4.29065;5.57829
5.80718;12.3024
3.29349;1.28745
7.49126;10.6887
5.20378;3.89704
3.7379;6.89968
2.17204;13.4328
3.95302;17.6011
0.133693;17.4947
8.40742;10.3156
0.242943;13.8995
2.78056;6.42568
7.12069;17.5357
6.53192;6.58289
3.34475;12.5396
1.31576;15.2708
0.0589307;14.2459
4.78662;6.70483
7.76666;6.55576
8.69679;7.94088
5.2264;6.86937
7.42028;14.7969
1.15109;4.74661
7.199;2.56957
2.12065;13.2128
6.44258;4.72719
4.55618;0.446269
5.57644;5.35375
8.991;6.2167
5.96832;6.67152
0.37814;14.5682
1.97116;0.874142
5.40701;13.5156
3.78949;8.34735
1.03566;6.97255
8.14411;12.5241
6.92096;13.1288
4.6605;16.1441
8.9377;5.71901
0.356838;4.1167
0.465928;13.5988
4.42194;10.0442
7.02255;1.99676
7.69899;14.0271
4.10673;9.33462
1.34931;8.96975
2.95139;6.64095
4.92195;16.7168
1.07826;17.4229
3.53208;4.22784
3.19771;5.35238
8.37598;2.23734
0.240587;8.07297
0.190721;0.356569
6.89599;1.09512
2.23663;14.7238
7.34697;13.3172
3.38403;10.739
7.65696;4.16604
3.38308;5.52739
6.75033;9.46478
7.24857;1.40345
8.05286;6.34103
0.060129;0.26224
2.88195;7.18442
2.24504;12.1593
6.2684;3.24205
7.19832;13.018
5.65751;14.7781
6.68727;7.10701
7.9366;17.8478
1.91542;12.5672
6.58248;10.5989
2.6531;10.4789
7.38248;12.0724
8.00314;10.2656
1.76857;12.5034
5.83453;1.64286
0.422222;11.7893
0.952551;6.60834
0.48687;6.39518
0.383825;13.5105
4.81862;15.1643
4.26426;2.95226
5.97119;3.90305
5.02963;9.81559
1.87543;13.8901
2.19137;16.9158
3.24451;9.68894
4.69736;3.25398
1.88065;7.401
6.7598;7.29843
0.952207;7.18867
4.47065;2.74886
0.488995;10.8464
4.6786;1.95173
8.62079;10.1248
7.73114;8.87881
3.64457;5.99078
5.91553;1.23153
4.94692;3.89033
5.52356;13.6447
8.89022;15.4299
6.28027;6.26947
3.5594;3.95526
4.76173;10.8801
5.67813;5.04305
0.0892687;13.2607
6.11586;9.11983
8.00476;13.2097
0.983114;7.36673
7.58072;1.20781
8.74579;12.6237
5.04331;6.78072
0.307248;3.91769
4.00612;10.5083
3.90401;1.05937
3.07652;7.58846
8.24462;0.713572
6.92897;5.60804
2.33441;5.38139
8.24407;16.0251
5.21222;16.6667
5.64288;4.65616
3.89326;9.29528
8.93294;9.75274
8.331;15.0273
5.48028;16.1536
4.82551;3.04717
2.46715;10.2655
3.48243;12.9465
1.38693;14.7729
7.00296;8.9269
2.18067;12.4951
4.82024;0.219272
0.0515942;14.3093
2.80033;16.5913
6.16719;16.0251
7.62901;5.62014
1.34063;5.04453
7.45771;2.54713
7.39864;13.5774
8.78722;7.75783
5.86551;9.22548
5.4025;16.6653
0.745503;17.7699
5.80593;4.26487
7.27137;7.61778
6.59588;0.904075
1.05647;4.83223
0.561674;2.21612
0.570767;6.72401
0.403727;13.4759
2.37455;16.0655
0.548028;7.43036
1.555;16.0115
4.98875;17.9073
5.79446;9.55195
3.83255;5.31993
0.388712;0.470101
1.99262;2.26843
0.11998;15.5971
3.26665;14.7827
2.60745;1.72506
7.84338;7.32783
3.27865;16.8101
4.77197;7.69883
2.76706;10.3514
1.58737;10.2832
4.20844;4.2708
8.85679;11.5269
1.14114;9.69109
5.71707;13.8712
0.621515;1.09925
0.595562;2.02045
0.784677;5.17637
2.14444;1.80931
1.38674;10.8222
8.296;7.98838
6.27362;14.2788
7.65811;1.10453
6.54445;6.86016
4.40168;0.623015
8.60578;11.9781
5.45312;7.62843
8.12446;10.6198
0.577654;0.531193
1.15546;12.5895
7.20119;3.55395
6.84435;15.5935
2.7872;15.2581
1.38494;9.86328
8.53369;5.54337
1.34273;15.6594
6.76588;15.2327
5.96908;10.848
8.16862;7.02705
8.85406;7.1406
3.82503;16.9197
0.559355;0.556308
3.27406;17.3676
5.58807;7.70342
8.94941;13.4871
1.14644;14.3012
8.5205;15.9816
5.94736;4.6154
6.61983;14.6646
7.23934;12.307
1.10398;17.1641
4.9832;15.7397
7.19843;3.90456
4.29384;12.7341
5.46581;8.2958
0.937347;0.581681
3.60774;2.9934
0.568994;13.7636
1.18051;12.3141
1.73351;2.25984
3.90059;5.7599
8.28052;6.84218
1.87074;10.4558
5.72879;16.9811
3.56018;7.93626
5.64408;9.32833
3.55021;3.25456
3.53402;3.49726
3.57956;15.6557
8.11568;0.0907416
2.97576;0.106047
0.336211;13.167
1.54973;1.81041
4.4653;5.46048
7.06227;12.3976
3.86016;3.92572
0.078756;6.28136
5.38395;3.899
8.36856;4.22548
1.44006;5.85748
6.08087;14.1683
7.59291;1.26215
8.71142;4.25386
2.37971;6.58198
0.954794;2.99077
3.33636;7.86111
1.54841;7.34514
1.51406;6.19627
4.57778;11.9587
5.82837;5.28009
3.17817;1.37706
4.6029;6.51385
3.82921;1.97371
5.20642;6.39555
3.09959;13.293
6.12652;0.360928
4.73063;9.43884
0.811541;8.88411
6.84635;6.3825
7.73304;15.6023
4.68663;4.1388
2.7317;12.4701
5.74197;8.49153
0.333177;2.63949
1.22512;12.3231
3.95979;8.80659
6.85008;17.1254
7.66022;3.35859
0.549548;7.73328
4.87707;7.29828
1.51313;4.00717
3.8296;12.4875
6.72301;9.28229
1.68581;9.13872
7.83239;0.837708
3.3705;7.03806
2.48825;12.2044
0.754072;16.4605
1.34797;2.1745
0.549972;5.14619
7.2488;9.01952
6.97639;10.1978
4.07246;11.2732
6.77818;9.24401
0.503247;5.3105
8.27115;4.03275
4.65883;6.2015
8.26013;4.76368
7.7419;1.89189
6.9512;13.1486
1.3648;2.6434
1.09332;7.70611
7.42391;3.69478
3.08328;17.5438
2.93464;7.2665
2.34497;2.36688
8.14301;0.642715
6.28232;6.43094
5.95796;8.121
7.83747;12.9224
6.71575;14.2172
8.47758;4.74917
1.20937;15.4754
4.75642;17.9025
8.68366;5.41524
6.52556;2.09693
4.02932;15.2378
4.90152;4.90646
0.46627;15.9696
2.22511;6.80182
2.61805;9.14016
4.58435;3.52212
4.89144;3.73335
4.97653;3.6988
5.92718;7.62801
8.31061;7.28586
1.92263;15.5764
6.01751;6.26399
6.52591;3.54787
3.08326;12.4191
4.48156;1.21764
7.25804;17.0218
8.2277;6.31911
1.96411;17.3879
2.14435;8.37843
3.09488;9.52479
8.75929;15.3585
6.52346;9.30146
0.54591;4.99998
6.50013;12.9462
6.31399;11.6215
1.11602;16.4732
4.59893;14.2671
2.36862;4.24968
8.90746;10.9038
8.33441;8.77804
6.0607;13.1849
3.8999;10.5768
0.752002;11.728
4.98237;5.7927
1.05322;16.1545
7.65875;1.62503
6.75649;10.3644
5.46324;14.6048
7.68219;5.92674
4.77549;9.99238
8.7741;11.783
4.23281;8.74606
4.02504;13.2029
6.49787;7.865
3.05331;11.6646
8.32152;0.228031
3.42473;6.44283
5.40242;8.35346
0.0854227;2.76959
7.07308;2.27729
0.462048;11.4637
1.95116;14.4371
1.91404;14.8288
5.52093;1.19246
1.37777;2.59285
5.59242;2.30376
7.18793;1.65046
5.52491;4.42593
7.42666;6.04556
6.14546;2.95994
8.85506;10.934
1.59399;6.55958
8.6884;13.9928
7.45652;17.5476
8.3812;11.0592
0.912468;17.6865
2.26144;5.72725
7.06178;8.35095
1.27803;7.16544
4.77171;5.3116
4.87914;2.72826
3.80768;6.13414
2.18936;0.665178
5.28003;1.23204
3.35537;4.851
2.09599;6.42086
7.89248;7.37996
6.49022;15.1618
1.68639;9.8935
7.35471;2.13518
1.47636;16.5343
0.910836;7.47559
2.1308;15.9452
6.01701;8.51504
3.63571;8.63777
5.19539;10.3042
4.74405;7.38769
3.16736;10.2171
3.03551;10.014
5.99088;9.02679
2.59204;7.42244
5.95364;10.5998
4.56243;9.33819
5.46909;9.81193
3.03674;9.23785
5.78642;8.1929
4.41215;10.6912
5.35414;9.85917
5.73462;9.37115
2.8742;7.37033
2.50892;10.0696
6.17454;9.25297
5.95729;7.34189
3.97007;10.9928
5.85593;7.96095
4.51958;10.448
3.88339;8.47323
5.54777;10.4458
6.31141;9.01686
4.75775;7.34815
2.75471;8.54417
4.04105;9.16685
3.7354;7.3952
3.52602;7.47003
5.26635;8.40022
3.34035;9.77527
2.96982;7.51489
3.52824;10.9271
3.35679;9.4983
6.4199;7.21272
5.95926;8.93948
6.16069;7.84264
5.91271;9.70846
2.78846;10.2241
3.22532;9.54621
6.07228;7.98003
2.59038;8.11333
5.64688;8.32579
4.00853;7.1729
4.29581;7.27488
4.07312;9.63616
5.55015;9.04294
5.65106;7.07838
4.47004;7.00784
5.07669;8.88994
2.72056;9.03594
6.32943;10.8812
5.37859;10.2421
5.0897;10.167
4.96626;10.315
4.21326;9.03854
2.79505;8.80364
5.65187;10.4419
5.62943;7.6604
6.11483;7.92524
3.43528;8.18795
6.06141;10.9854
5.73089;9.71246
2.56381;8.20093
5.2203;9.64049
5.59087;9.94086
3.17644;9.9203
5.32211;10.555
4.66243;8.41181
5.22207;7.62869
3.22684;7.43533
5.16723;8.02189
4.73898;8.8191
2.96382;8.36841
4.9795;7.07865
4.79365;10.4148
3.7666;8.85506
5.9002;7.49749
3.06752;10.464
4.19842;10.2878
4.6045;7.7893
4.72868;9.78094
6.20959;8.05079
4.83596;8.87203
4.9626;8.05804
5.00072;10.1894
3.99337;8.16796
2.71133;10.7323
5.48706;7.67515
3.60076;8.46656
3.2538;10.3944
3.38134;9.0204
3.74946;7.28154
5.01789;8.81698
6.24555;7.21631
3.60481;8.85005
3.50561;10.3335
3.13099;7.7152
2.88428;9.96695
5.08723;9.84688
2.52499;8.08796
4.53632;8.51836
4.75591;9.24765
3.75071;8.24297
5.4228;9.35147
5.20953;10.6766
4.24587;10.5909
4.197;9.99534
6.37241;7.21489
3.31232;10.618
2.93121;8.91713
3.96801;8.43682
3.75062;9.09899
4.65202;8.6349
3.56595;7.73926
2.98178;8.09094
4.32721;9.51811
5.1093;7.08313
3.26576;10.86
3.8261;10.6886
4.71147;7.03563
5.86516;10.9573
6.12649;8.06216
5.45268;10.4989
3.77705;10.765
5.61686;8.70825
4.18213;7.58486
5.64507;9.93275
5.18386;8.29709
3.06765;10.7498
4.53635;8.04943
3.34074;10.8636
6.06753;10.45
6.44669;7.33329
5.81005;8.27278
2.52185;8.52152
3.80841;10.387
3.97887;7.9349
2.94916;7.43155
2.9338;8.72621
2.69656;10.5507
5.93446;8.87869
2.63552;9.57953
3.31144;9.81938
6.37663;8.37908
5.06918;8.91298
4.92851;10.4099
4.27654;8.99605
5.35997;8.72322
4.82934;9.17002
5.49601;9.35119
6.19154;7.30441
4.23819;8.17041
3.73932;9.18735
4.10197;8.67312
6.41356;8.79852
3.72377;10.348
6.17721;8.35929
4.42756;7.48865
2.67867;8.80419
4.36773;9.74785
6.21716;7.29625
4.65777;8.4937
4.79229;8.01774
5.71692;7.62163
5.68776;9.21293
5.47282;9.8793
5.01734;7.71101
2.54971;10.7567
5.39837;8.65168
3.92978;9.81193
5.9502;9.65355
4.65996;10.1274
2.51284;7.08751
6.11606;7.19151
4.3917;8.4838
5.43936;8.60886
4.28004;8.09714
5.60256;7.07234
4.61488;9.31948
3.19397;8.30263
3.03241;10.6668
2.68193;10.0498
2.87781;7.23164
5.30641;10.2762
4.38332;7.23619
4.58811;8.33352
5.38974;7.24806
2.96093;9.90258
2.83558;7.07699
5.5941;9.22728
4.06078;9.03346
6.33614;10.3408
5.6306;9.9387
5.91317;8.24548
3.75819;7.10714
5.04811;8.7906
6.27393;9.73005
3.34035;7.15174
5.46169;10.6468
5.92792;7.84501
6.38296;8.51602
4.67852;9.7727
4.26409;9.63945
4.17528;9.09967
5.21644;7.76938
2.82694;7.27723
5.30285;7.16308
6.11805;8.93345
5.60179;10.0312
5.67893;7.35997
5.63836;8.72704
4.65057;9.91229
2.95708;9.99092
5.56403;10.4188
5.13769;9.49194
2.76378;9.52065
2.50796;9.4423
3.79335;8.77205
3.58176;9.96863
6.37172;10.7982
6.23801;7.19866
2.57542;9.54086
2.86174;10.6935
2.9743;10.4635
5.2247;10.6532
6.3235;8.86306
3.88027;8.97407
3.27534;8.83735
3.46499;10.8394
3.75613;10.6027
4.83131;8.51991
4.62333;9.33927
6.46221;10.4167
2.61132;8.04397
4.88531;10.983
3.34217;9.12332
2.6817;7.91759
3.16418;7.54344
3.11107;8.13848
2.50697;10.3358
3.29171;10.8305
3.69882;9.17198
4.30455;8.97417
2.50933;9.76954
4.31354;8.26546
4.87222;7.14485
5.28536;7.49555
4.98412;9.74757
6.41223;9.59544
6.29154;9.29753
5.07848;7.63371
2.92085;9.76019
4.0513;8.08503
5.80363;9.16237
4.72351;10.3106
3.99813;10.0152
5.64108;9.69696
3.6872;7.94563
3.17113;8.19653
6.21516;9.48466
4.96199;9.08738
5.12951;8.24735
5.08293;8.11363
6.49493;9.49516
6.20907;10.7865
3.29269;9.28756
2.92017;8.21354
3.54774;8.97147
4.79857;7.35137
2.63384;7.52208
6.16198;8.63197
6.0373;9.80306
2.82893;7.7245
6.24868;8.00005
4.42104;10.4638
5.98471;7.38303
4.05123;9.11422
4.13038;7.13416
5.72785;8.62531
5.12932;9.93692
3.91178;10.422
3.72447;8.83195
3.13556;9.27222
6.30342;9.93413
5.12359;10.9373
5.95621;9.28556
4.06923;9.99351
3.58862;8.89816
6.21801;7.83731
5.39821;8.63905
2.80115;9.38292
4.52208;8.85238
2.99714;10.6525
4.48655;10.725
3.77778;7.61587
5.16191;9.68956
2.53788;10.8864
3.02151;7.67344
4.6586;7.32494
6.10756;7.78219
2.7622;10.0638
5.56775;8.83143
4.55728;7.15637
6.22958;8.77529
3.49368;9.62779
5.91434;8.29483
3.51071;8.43642
5.64722;8.50786
3.58889;8.13376
3.73285;9.36667
4.24963;10.8948
3.55623;8.78751
6.28114;8.57774
4.96095;8.93975
4.40268;9.06851
5.22193;9.16488
3.63228;8.78969
6.4963;10.1896
4.44606;10.7259
3.46485;9.93974
4.85367;7.37919
2.73458;10.3644
4.31561;10.3818
3.37224;9.9045
3.01555;9.10509
3.77117;9.26518
4.49985;9.3274
2.55269;8.78099
6.40514;9.51364
6.22073;8.80782
3.08214;9.44267
6.4727;8.71442
2.73236;10.969
3.40398;9.17842
6.19489;8.86883
3.61816;9.04856
4.74802;8.35274
3.91295;7.06363
3.23453;9.28519
5.46813;8.25008
2.89028;7.2393
6.01527;9.39012
5.0667;10.568
2.67111;9.47184
4.58159;10.8918
2.77966;9.66374
4.83452;7.25236
2.87816;9.56688
2.72136;8.28214
3.2453;10.9162
5.65096;8.86346
4.4648;8.39898
5.7162;10.3778
3.96261;10.9507
4.16294;7.43074
3.70082;9.05322
3.17004;7.71608
2.94334;10.2367
2.78404;7.61446
4.20858;9.36563
3.0063;8.98824
3.52937;9.84082
4.7406;8.40753
3.9077;9.46196
5.18966;9.153
4.8782;8.84063
2.51646;7.34301
5.73961;10.2327
6.22076;7.70222
5.68339;8.3837
3.63296;7.38421
5.93692;8.803
3.6003;10.8803
3.53974;8.38434
2.99472;9.74833
6.24997;8.00102
3.23657;7.77934
6.34184;9.97717
4.68687;8.24954
3.93913;7.87653
5.90254;10.8173
5.21716;10.419
2.66034;8.95677
5.15165;10.8811
5.15899;8.83505
3.7648;10.7919
4.71926;7.70172
4.09495;10.3196
3.08198;9.63469
3.2039;8.0767
3.88302;7.45387
4.57772;9.11959
3.73321;8.91956
3.59677;10.4201
5.6691;9.5359
2.79661;9.57164
4.85324;10.0138
4.49063;9.51358
3.47054;7.64228
4.89469;10.6295
4.97733;10.6595
5.92147;7.69659
2.86121;8.01642
2.51615;7.9432
6.15111;7.72005
4.5199;8.03413
3.67392;7.09762
5.65372;9.40713
4.51718;7.25048
4.32721;8.18628
5.28638;9.12382
6.25792;8.13962
3.6376;8.74855
6.1532;9.10814
4.89083;9.04789
4.23767;7.86816
4.20738;8.15914
4.06475;9.06859
4.67556;8.5809
5.51178;8.82667
4.80096;8.03168
5.3608;10.4749
3.6293;9.01452
4.38201;10.1465
4.765;10.7092
2.83276;8.05139
4.33304;7.09067
4.69101;9.97064
4.33922;8.84421
3.57878;7.23005
6.39209;9.81645
3.59821;8.59947
6.47559;9.66296
6.16805;9.15116
2.74387;9.67984
6.47783;9.54482
6.21152;9.83863
4.5197;7.84082
3.35315;10.9017
6.48729;10.1181
6.11093;7.32005
2.66953;8.44397
2.91073;9.36054
2.91461;9.24995
2.70475;8.49338
4.98;7.09684
2.80983;10.5782
4.1963;7.28543
4.74117;8.36436
4.93658;9.48504
2.5442;9.41441
3.52987;10.7557
3.75304;10.0496
3.09654;9.10618
5.45127;7.58383
3.72433;9.5622
3.40388;8.39386
2.50617;8.31461
6.2544;7.42078
6.06455;10.9592
4.41416;9.04455
2.55599;9.22399
4.12276;8.75229
5.00942;10.8639
5.61665;7.946
4.84897;10.1608
5.86041;10.3788
5.41657;7.61344
4.92841;10.5131
5.21962;8.37968
2.59693;10.944
6.44188;8.00081
3.83782;10.9481
4.81542;8.09222
2.86883;8.87997
3.55137;9.28299
6.42452;8.10736
3.00699;8.54728
5.35965;10.0164
3.91121;8.9763
6.46241;10.7602
3.63715;10.3228
5.63903;7.05372
6.43626;8.56743
6.06682;9.65588
5.44711;10.6638
5.09984;9.889
3.16457;10.9377
5.33705;9.97999
3.52988;10.2059
3.35996;9.08125
3.98887;7.78447
5.68861;8.99586
4.83175;9.04826
3.51227;10.743
2.52456;7.97467
6.00315;8.16172
2.79749;9.64217
3.71544;7.23375
2.70961;7.78226
5.38963;10.1567
2.94601;8.48947
4.54571;8.11058
3.92713;7.88276
2.59057;9.457
2.58864;7.95052
3.03825;8.57752
4.235;10.7269
6.07337;7.06675
4.27512;7.58564
6.30971;8.79968
4.06031;10.3129
5.4614;8.8578
4.45504;7.17683
4.59155;9.16464
3.45909;7.98118
3.82136;8.40511
4.97066;10.3671
5.01569;10.8978
2.74984;9.60625
4.85479;7.33848
6.05678;9.89304
4.416;8.29177
5.1199;8.48938
3.85852;7.39502
4.57502;8.16824
4.6947;10.6353
2.9811;8.1561
3.99313;9.43614
3.83294;10.5847
3.10078;9.29203
3.06587;8.92214
6.19714;10.0365
3.78922;9.21282
5.4343;8.53906
3.31908;8.28909
4.37754;7.37585
2.68213;10.7935
4.16763;9.80202
3.78292;10.0262
5.69704;10.3579
2.69439;8.39175
5.49326;7.67549
5.04785;7.48639
5.61163;10.8808
2.57107;10.7124
4.67282;7.63694
4.13455;8.86995
6.17346;9.92377
2.58278;9.60777
2.96282;7.90185
6.39685;9.34036
3.77771;7.07898
4.63391;9.94534
5.38101;10.4168
4.47149;9.07805
5.27475;9.16588
5.9698;8.76801
5.34137;9.01764
4.7544;8.953
4.39843;9.32548
4.16541;7.07125
5.46242;10.3
4.4412;9.63588
4.72373;9.02398
3.74364;9.68655
5.42583;8.1405
3.52692;7.20354
3.71948;10.1608
5.64887;7.10048
5.07765;8.12036
4.67853;8.3524
5.78624;8.64833
5.62041;9.12761
6.16597;8.37482
2.58062;8.5644
6.2003;8.74603
4.13565;9.66271
3.54599;10.5768
3.79859;10.2697
4.10082;9.54223
4.45627;7.52665
6.18273;9.98319
3.23019;7.90221
4.64401;10.8791
3.50269;7.72165
3.49943;10.1812
4.57405;7.28567
3.32955;8.19447
4.91329;7.49553
5.06929;9.4939
4.55993;9.26958
2.73993;10.6956
3.43229;8.28592
5.77243;9.23088
3.05563;7.87325
3.27312;9.5119
