0;288
0;1163
0;1966
0;48
0;1744
1;1082
1;1865
1;1776
1;2133
1;404
2;686
2;614
2;1160
2;412
2;1009
3;1379
3;1359
3;901
3;1572
3;1862
4;2014
4;962
4;989
4;660
4;1937
5;249
5;461
5;219
5;1384
5;89
6;1447
6;1739
6;2166
6;274
6;2098
7;202
7;1982
7;1456
7;197
7;1493
8;1398
8;1338
8;1205
8;2121
8;1483
9;282
9;1387
9;672
9;2094
9;1190
10;1877
10;1557
10;1576
10;556
10;1939
11;1707
11;1116
11;1275
11;110
11;1069
12;767
12;2066
12;398
12;738
12;1350
13;1132
13;833
13;320
13;872
13;1497
14;1752
14;1883
14;1709
14;637
14;2037
15;1477
15;1461
15;1167
15;272
15;449
16;865
16;562
16;1876
16;436
16;1886
17;412
17;1160
17;686
17;258
17;1159
18;1725
18;1182
18;256
18;171
18;158
19;810
19;414
19;1669
19;1044
19;565
20;2024
20;878
20;1501
20;1793
20;898
21;1098
21;2142
21;2020
21;1911
21;2087
22;1825
22;1541
22;645
22;187
22;601
23;121
23;855
23;1931
23;2135
23;1184
24;1399
24;1043
24;1188
24;93
24;2143
25;676
25;472
25;959
25;799
25;1784
26;1492
26;106
26;795
26;181
26;568
27;298
27;305
27;662
27;1299
27;627
28;1535
28;1041
28;1201
28;351
28;468
29;1948
29;113
29;1674
29;980
29;1986
30;1922
30;557
30;1090
30;1197
30;109
31;682
31;1623
31;1980
31;1321
31;789
32;638
32;252
32;714
32;488
32;646
33;596
33;1475
33;1259
33;380
33;84
34;1185
34;525
34;1898
34;1400
34;457
35;760
35;443
35;1747
35;1582
35;1706
36;238
36;380
36;1475
36;679
36;985
37;421
37;1433
37;678
37;761
37;694
38;1914
38;110
38;408
38;504
38;1612
39;785
39;1113
39;534
39;1374
39;614
40;2086
40;592
40;776
40;954
40;397
41;1563
41;1983
41;1778
41;896
41;1268
42;1301
42;1145
42;2171
42;695
42;1131
43;1904
43;1203
43;2032
43;718
43;1973
44;1228
44;813
44;61
44;383
44;1747
45;477
45;1508
45;982
45;526
45;2012
46;841
46;1063
46;2170
46;963
46;353
47;166
47;931
47;726
47;1634
47;205
48;1992
48;1979
48;1952
48;1163
49;781
49;918
49;748
49;224
49;348
50;1794
50;446
50;87
50;1036
50;572
51;1064
51;356
51;735
51;971
51;530
52;1796
52;119
52;1413
52;163
52;404
53;1276
53;1255
53;1281
53;2022
53;837
54;283
54;608
54;1772
54;1072
54;892
55;1148
55;1900
55;1479
55;1874
55;1945
56;1476
56;983
56;2027
56;1344
56;1168
57;1229
57;1642
57;816
57;1360
57;1791
58;1977
58;1994
58;170
58;112
58;1624
59;1091
59;2139
59;845
59;1025
59;403
60;266
60;103
60;529
60;994
60;1126
61;2006
61;813
61;383
61;770
62;825
62;1882
62;937
62;2102
62;1336
63;1658
63;1632
63;1553
63;1881
63;1100
64;2149
64;1219
64;139
64;80
64;1264
65;2093
65;485
65;1438
65;1296
65;1808
66;1742
66;1025
66;1331
66;1389
66;2004
67;126
67;2168
67;685
67;1353
67;1207
68;409
68;160
68;512
68;819
68;570
69;1699
69;543
69;360
69;1745
69;1569
70;1174
70;250
70;2041
70;1956
70;1003
71;308
71;1265
71;264
71;681
71;2130
72;1780
72;1059
72;1626
72;225
72;481
73;217
73;987
73;336
73;1037
73;75
74;245
74;1797
74;2104
74;991
74;1893
75;769
75;1037
75;324
75;365
76;1743
76;138
76;468
76;537
76;1546
77;1217
77;690
77;1943
77;1325
77;2054
78;822
78;684
78;1619
78;1363
78;927
79;722
79;1998
79;1818
79;304
79;1241
80;2149
80;653
80;2148
80;1848
80;294
81;1306
81;1623
81;784
81;1260
81;664
82;2047
82;1448
82;544
82;154
82;259
83;550
83;988
83;1339
83;546
83;1125
84;953
84;596
84;881
84;247
84;523
85;604
85;687
85;281
85;1579
85;1054
86;1327
86;997
86;992
86;996
86;946
87;572
87;1036
87;1029
87;1794
88;2085
88;1518
88;1857
88;159
88;1183
89;1404
89;1671
89;249
89;1930
90;2005
90;723
90;497
90;2144
90;1226
91;2029
91;208
91;364
91;2076
91;413
92;1519
92;561
92;2084
92;479
92;888
93;1188
93;2143
93;1399
93;1043
94;185
94;1756
94;1784
94;799
94;25
95;977
95;947
95;971
95;1236
95;530
96;1902
96;1788
96;381
96;2090
96;1849
97;159
97;1857
97;1637
97;173
97;2085
98;2100
98;2034
98;1173
98;1481
98;284
99;1668
99;216
99;1445
99;1480
99;299
100;1222
100;613
100;1830
100;1446
100;1772
101;1473
101;1329
101;651
101;1724
101;709
102;1602
102;1766
102;1645
102;1703
102;1639
103;266
103;529
103;419
103;1126
104;1504
104;1175
104;1763
104;1013
104;2152
105;339
105;1105
105;1304
105;1513
105;2171
106;795
106;1492
106;344
106;1916
107;575
107;1457
107;375
107;1830
107;892
108;2107
108;1264
108;319
108;541
108;1674
109;1119
109;1922
109;1283
109;1960
109;1866
110;1914
110;504
110;1116
110;1997
111;1608
111;279
111;1996
111;448
111;218
112;1994
112;1624
112;1977
112;2105
113;1948
113;980
113;2177
113;392
114;366
114;1940
114;1156
114;737
114;522
115;359
115;2038
115;242
115;832
115;1652
116;292
116;729
116;519
116;1533
116;643
117;1827
117;1885
117;312
117;2165
117;1550
118;1415
118;1889
118;1528
118;957
118;540
119;163
119;1796
119;404
119;1687
120;1326
120;2156
120;854
120;1859
120;675
121;855
121;1931
121;2135
121;1184
122;1093
122;685
122;67
122;1798
122;2143
123;911
123;1426
123;935
123;802
123;688
124;1755
124;335
124;1781
124;926
124;984
125;954
125;1953
125;1698
125;2010
125;1150
126;1353
126;2168
126;1207
126;1891
127;1911
127;1015
127;2087
127;311
127;669
128;1369
128;1348
128;786
128;1654
128;928
129;756
129;1802
129;1528
129;540
129;1415
130;866
130;1697
130;2111
130;1540
130;1195
131;798
131;552
131;1749
131;875
131;520
132;1437
132;501
132;1783
132;1564
132;1291
133;566
133;585
133;1879
133;621
133;1385
134;425
134;352
134;565
134;1723
134;414
135;493
135;1852
135;268
135;1377
135;1891
136;1500
136;706
136;912
136;1646
136;1210
137;500
137;1308
137;1988
137;829
137;975
138;1743
138;1300
138;1644
138;537
139;1166
139;1488
139;1106
139;319
139;1264
140;2015
140;2036
140;194
140;1390
140;570
141;942
141;411
141;1601
141;1792
141;2159
142;270
142;1733
142;600
142;178
142;1666
143;1470
143;821
143;1180
143;547
143;511
144;2159
144;1792
144;411
144;1396
144;1601
145;254
145;780
145;1354
145;435
145;1086
146;1973
146;1095
146;1388
146;622
146;1904
147;1609
147;2067
147;287
147;617
147;1858
148;1134
148;2048
148;628
148;1737
148;254
149;402
149;2062
149;1270
149;2004
149;1025
150;1558
150;1070
150;1122
150;782
150;1357
151;1102
151;535
151;1655
151;1045
151;1423
152;176
152;2129
152;1615
152;1288
152;1721
153;315
153;1533
153;292
153;1769
153;680
154;259
154;2047
154;1161
154;1081
155;1446
155;613
155;1222
155;100
155;190
156;289
156;1322
156;1101
156;1078
156;1266
157;1046
157;1240
157;345
157;2127
157;418
158;478
158;256
158;251
158;1182
158;1917
159;1857
159;2085
159;1637
160;819
160;713
160;409
160;570
161;528
161;1525
161;238
161;36
161;679
162;800
162;373
162;1886
162;594
162;2167
163;1687
163;1702
163;1796
164;1916
164;1899
164;1998
164;795
164;106
165;295
165;349
165;355
165;2086
165;1068
166;931
166;1634
166;205
166;1652
167;1676
167;204
167;1981
167;1261
167;1730
168;970
168;1199
168;640
168;172
168;796
169;1694
169;1200
169;440
169;1491
169;1048
170;856
170;1977
170;1994
170;1678
171;1632
171;1725
171;626
171;1182
172;970
172;1169
172;1213
172;1199
173;1637
173;787
173;284
173;333
173;1839
174;1643
174;1232
174;703
174;975
174;1672
175;1613
175;1444
175;1141
175;1117
175;710
176;2129
176;1615
176;1288
176;1721
177;212
177;1254
177;1887
177;1208
177;1498
178;1666
178;600
178;1733
178;710
179;637
179;1367
179;1010
179;814
179;1539
180;1027
180;1314
180;1192
180;1442
180;692
181;1492
181;568
181;721
181;106
182;757
182;1811
182;1114
182;1366
182;1412
183;2097
183;1544
183;1076
183;1216
183;608
184;1238
184;1464
184;1627
184;505
184;2011
185;1784
185;799
185;1756
185;1616
186;632
186;1020
186;452
186;2080
186;462
187;1541
187;418
187;1825
187;645
188;1565
188;1142
188;1034
188;2112
188;739
189;1407
189;762
189;720
189;148
189;1134
190;1542
190;613
190;100
190;1446
191;948
191;2141
191;885
191;300
191;1506
192;635
192;514
192;1024
192;824
192;730
193;668
193;201
193;725
193;1574
193;650
194;570
194;1390
194;2036
194;68
195;1567
195;1853
195;1537
195;1079
195;2074
196;1821
196;564
196;753
196;45
196;1508
197;1456
197;202
197;1987
197;1499
198;1732
198;1023
198;1557
198;1818
198;2
199;1621
199;1859
199;675
199;2109
199;648
200;1787
200;1722
200;826
200;1723
200;966
201;725
201;517
201;668
201;2163
202;1982
202;1456
202;321
203;1603
203;1135
203;2147
203;539
203;1721
204;1261
204;993
204;1676
204;423
205;1634
205;931
205;1154
205;1873
206;628
206;1620
206;1134
206;1734
206;1075
207;1030
207;1598
207;2125
207;1007
207;2157
208;364
208;2076
208;2029
208;413
209;1641
209;752
209;2092
209;2078
209;904
210;262
210;1719
210;2127
210;433
210;2120
211;889
211;1867
211;415
211;712
211;2000
212;1254
212;1887
212;1208
212;484
213;2123
213;1122
213;709
213;1123
213;150
214;2083
214;872
214;320
214;2003
214;1981
215;555
215;1990
215;578
215;542
215;839
216;1445
216;1668
216;1480
216;2124
217;987
217;336
217;1941
217;1529
218;279
218;448
218;1996
218;846
218;1608
219;461
219;1384
219;1757
219;1930
220;1686
220;1417
220;437
220;1653
220;1396
221;965
221;2169
221;1582
221;771
221;329
222;1482
222;616
222;2061
222;1646
222;527
223;1511
223;772
223;1586
223;2152
223;1763
224;348
224;972
224;1468
224;781
224;338
225;1626
225;1780
225;1059
225;2007
226;992
226;946
226;1342
226;996
226;86
227;1705
227;665
227;1811
227;1650
227;1366
228;952
228;1650
228;275
228;1274
228;2155
229;1196
229;1471
229;384
229;848
229;1426
230;1921
230;594
230;1882
230;800
230;937
231;933
231;1809
231;1005
231;1524
231;1928
232;1538
232;508
232;337
232;773
232;1315
233;395
233;1537
233;269
233;195
233;1690
234;1097
234;1024
234;824
234;612
234;1495
235;1917
235;251
235;584
235;158
235;1750
236;688
236;1858
236;935
236;862
236;802
237;1313
237;840
237;1959
237;2060
237;1453
238;679
238;380
238;985
239;1810
239;2042
239;1906
239;264
239;2077
240;1138
240;1361
240;660
240;1559
240;1117
241;1819
241;491
241;1004
241;464
241;1927
242;832
242;2030
242;359
242;958
243;1139
243;1958
243;923
243;1688
243;828
244;995
244;334
244;1155
244;615
244;1171
245;991
245;693
245;1797
245;2104
246;1726
246;1776
246;1432
246;1031
246;1170
247;596
247;953
247;33
247;1394
248;1955
248;1028
248;379
248;1782
248;804
249;461
249;219
249;1384
250;388
250;1956
250;1174
250;1047
251;1917
251;478
251;1750
252;638
252;941
252;1748
252;1596
253;1976
253;1368
253;494
253;731
253;663
254;780
254;435
254;907
254;1737
255;1954
255;817
255;1042
255;1339
255;924
256;1182
256;478
256;1725
257;920
257;1180
257;1868
257;1470
257;450
258;1159
258;412
258;1113
258;785
259;2047
259;1448
259;1071
260;1854
260;427
260;2153
260;1654
260;928
261;293
261;630
261;1853
261;2118
261;331
262;1719
262;2120
262;433
262;2127
263;1044
263;1892
263;1570
263;1669
263;1429
264;1265
264;308
264;2077
265;2117
265;1895
265;1290
265;783
265;1919
266;529
266;1126
266;1617
266;994
267;271
267;482
267;2018
267;1346
267;2017
268;1852
268;1843
268;1088
268;1454
269;440
269;1048
269;395
269;1491
269;797
270;1733
270;600
270;178
270;1982
271;2018
271;482
271;1346
271;936
272;449
272;1477
272;1461
272;1167
273;847
273;708
273;1785
273;1009
273;1758
274;1739
274;471
274;1594
274;2098
275;467
275;759
275;671
275;1274
276;2116
276;444
276;1553
276;1881
276;1100
277;2065
277;1388
277;622
277;146
277;1095
278;1124
278;1746
278;597
278;335
278;1487
279;448
279;1608
279;1996
280;838
280;498
280;1263
280;2132
280;2079
281;1054
281;604
281;697
281;1630
282;1387
282;672
282;2094
282;1190
283;1772
283;100
283;2002
283;892
284;333
284;787
284;925
284;1637
285;1003
285;1272
285;1795
285;1051
285;1427
286;1577
286;1385
286;1799
286;290
286;1494
287;2067
287;1633
287;2052
287;1858
288;393
288;48
288;1952
288;1846
289;1322
289;1341
289;1078
289;1266
290;943
290;2045
290;317
290;729
291;363
291;1665
291;712
291;1035
291;1867
292;1533
292;315
292;519
293;630
293;1171
293;2118
293;1853
294;1848
294;883
294;1319
294;2149
295;1068
295;355
295;1158
295;349
296;1753
296;739
296;627
296;976
296;1069
297;842
297;1126
297;1617
297;683
297;860
298;662
298;627
298;305
298;976
299;2124
299;1480
299;1445
299;216
299;755
300;2141
300;1625
300;617
300;885
301;874
301;1406
301;763
301;1534
301;741
302;510
302;1137
302;1393
302;1017
302;1554
303;713
303;1751
303;819
303;1527
303;670
304;1241
304;1998
304;1939
304;1916
304;164
305;1299
305;581
305;1284
305;662
306;1395
306;876
306;1496
306;1823
306;652
307;1684
307;1820
307;2040
307;1767
307;281
308;1265
308;681
308;2077
309;1191
309;470
309;1121
309;520
309;1836
310;2081
310;2151
310;469
310;808
310;1606
311;669
311;1015
311;1911
311;2087
312;1827
312;1550
312;1885
312;812
313;766
313;372
313;569
313;1909
313;1405
314;1349
314;643
314;1923
314;1256
314;1807
315;1533
315;1769
315;680
316;1850
316;659
316;792
316;1017
316;763
317;1319
317;1458
317;1760
317;1022
318;1206
318;1691
318;1590
318;1661
318;1194
319;1264
319;1166
319;1106
320;872
320;2058
320;1497
320;833
321;895
321;2050
321;7
321;270
322;1845
322;1620
322;897
322;2059
322;206
323;1584
323;401
323;1961
323;1984
323;2175
324;1065
324;893
324;769
324;1037
325;1958
325;1688
325;625
325;243
325;1929
326;1932
326;595
326;945
326;1773
326;912
327;906
327;790
327;1115
327;593
327;2033
328;2105
328;1572
328;112
328;1624
328;2089
329;472
329;676
329;25
329;959
329;831
330;399
330;401
330;1584
330;1372
330;1647
331;2063
331;2074
331;2118
331;1079
331;1853
332;1391
332;1165
332;1779
332;1250
332;1706
333;925
333;1839
333;864
333;1804
334;1171
334;1950
334;642
334;293
335;926
335;1755
335;1781
335;1124
336;987
336;1941
336;1570
337;1315
337;508
337;1403
337;1538
338;1834
338;748
338;376
338;972
339;1513
339;755
339;1105
339;598
340;476
340;396
340;1761
340;981
340;852
341;1279
341;458
341;1242
341;1864
341;1869
342;1765
342;1657
342;985
342;1094
342;859
343;1675
343;779
343;2161
343;2157
343;861
344;795
344;2154
344;677
344;568
345;418
345;1046
345;1252
345;1240
345;2127
346;1366
346;1294
346;665
346;737
346;1412
347;1581
347;611
347;1382
347;609
347;1420
348;781
348;742
348;1468
348;972
349;1568
349;1174
349;355
350;1372
350;1486
350;1080
350;399
350;330
351;1546
351;468
351;1535
351;76
352;565
352;414
352;425
352;19
353;1410
353;1511
353;841
353;1870
354;1915
354;1937
354;1110
354;466
354;1073
355;1158
355;949
355;225
355;1626
356;1064
356;530
356;459
356;971
357;511
357;1470
357;1180
357;395
357;257
358;1999
358;1695
358;1202
358;580
358;2174
359;2030
359;832
359;2038
360;453
360;1699
360;1125
360;652
361;2099
361;2131
361;1136
361;924
361;2068
362;1711
362;650
362;894
362;777
362;193
363;1665
363;1035
363;1402
363;1302
364;2076
364;413
364;2029
365;1037
365;501
365;1783
365;1564
366;1940
366;1156
366;737
366;522
367;2173
367;1957
367;492
367;944
367;1412
368;1312
368;1038
368;1140
368;717
368;2138
369;826
369;1722
369;1004
369;1975
369;1819
370;2019
370;1585
370;747
370;1050
370;1532
371;431
371;1663
371;1355
371;1547
371;406
372;1057
372;766
372;857
372;1909
373;2167
373;1052
373;1545
373;800
374;428
374;1302
374;378
374;1828
374;712
375;575
375;499
375;1278
375;1740
376;1834
376;748
376;2136
376;1578
377;381
377;1860
377;1788
377;2090
377;1849
378;1828
378;1212
378;428
378;1302
378;1144
379;1782
379;1028
379;804
379;1955
380;1475
380;985
380;1657
381;1788
381;2090
381;1849
382;636
382;1099
382;890
382;618
382;1742
383;813
383;770
383;2006
384;1196
384;657
384;1426
384;911
385;806
385;484
385;1080
385;1267
385;1254
386;1490
386;998
386;774
386;1594
386;2051
387;1656
387;964
387;1840
387;1915
387;1786
388;1956
388;1047
388;746
388;887
389;1459
389;1277
389;1311
389;1635
389;716
390;1332
390;2072
390;1484
390;821
390;2133
391;1968
391;2070
391;2119
391;2075
391;1109
392;2131
392;1631
392;2122
392;1136
392;2068
393;1846
393;1856
393;475
393;1952
394;641
394;1813
394;956
394;732
394;1642
395;1537
395;440
396;981
396;618
396;476
396;2039
397;460
397;592
397;1282
397;1969
397;1150
398;2066
398;767
398;1798
398;1043
399;1372
399;401
399;1584
399;1647
400;1414
400;823
400;1907
400;1129
400;513
401;1584
401;1372
402;1270
402;2004
402;1025
402;2062
403;1091
403;999
403;845
403;1331
404;1796
404;1413
405;1868
405;1978
405;920
405;756
405;257
406;1600
406;1370
406;1187
406;1355
406;1841
407;1386
407;1374
407;855
407;785
407;1026
408;2050
408;895
408;1380
408;629
409;512
409;819
409;570
410;886
410;776
410;545
410;1443
410;954
411;1601
411;942
411;1792
412;1160
412;686
412;1851
413;2076
413;2029
414;565
414;810
414;698
415;889
415;1522
415;2000
415;1867
416;1880
416;749
416;1478
416;1462
416;1351
417;1926
417;1864
417;680
417;862
417;1769
418;1252
418;2127
418;1046
418;1240
419;1092
419;1826
419;2015
419;1038
420;768
420;1728
420;1111
420;1088
420;1852
421;761
421;1433
421;694
421;1227
422;1112
422;727
422;1946
422;502
422;1649
423;854
423;649
423;1816
423;1261
424;1348
424;786
424;128
424;1369
424;1835
425;1286
425;565
425;414
426;1661
426;741
426;123
426;1534
426;1194
427;2153
427;1654
427;1348
427;1253
428;2090
428;1828
428;381
429;1618
429;2101
429;495
429;1452
429;512
430;1237
430;2096
430;1021
430;1835
430;424
431;1663
431;1547
431;1355
431;406
432;1947
432;870
432;666
432;2059
432;897
433;873
433;1719
433;2120
434;1424
434;2069
434;667
434;1181
434;2010
435;1838
435;907
435;780
436;1729
436;1066
436;559
436;865
437;1049
437;1417
437;1251
437;1247
438;2008
438;1262
438;448
438;1524
438;1450
439;1380
439;1551
439;1680
439;629
439;1919
440;1048
440;1491
440;1694
441;850
441;1164
441;1509
441;858
441;2079
442;1552
442;657
442;1288
442;1196
442;848
443;760
443;1747
443;221
443;1582
444;1881
444;1553
444;1100
444;2116
445;1195
445;1888
445;903
445;849
445;563
446;1794
446;572
446;87
446;873
447;775
447;1681
447;496
447;1980
447;487
448;1608
448;1996
449;1167
449;1461
449;1477
450;920
450;1868
450;1055
450;756
451;1084
451;1455
451;2049
451;606
451;1418
452;1536
452;632
452;1829
452;2080
453;1125
453;1699
453;652
453;546
454;1278
454;1786
454;375
454;1656
454;387
455;1177
455;1822
455;1790
455;1269
455;558
456;1837
456;1750
456;1071
456;1436
456;584
457;1583
457;1185
457;1421
457;1898
458;745
458;664
458;784
458;1279
459;986
459;778
459;1716
459;735
460;1282
460;746
460;1969
460;887
461;1384
461;1757
462;1280
462;1934
462;1849
462;1020
463;1920
463;1110
463;1292
463;1118
463;466
464;1927
464;1723
464;1089
464;1819
465;1010
465;939
465;814
465;2082
465;1193
466;1110
466;1073
466;1915
467;1912
467;623
467;228
467;759
468;1546
468;537
468;1218
468;1743
469;1383
469;1324
469;1606
469;2081
470;1469
470;1121
470;951
470;1611
471;1594
471;2098
471;721
471;1739
472;676
472;959
472;799
473;1890
473;1714
473;1491
473;549
473;1727
474;1309
474;2164
474;960
474;1000
474;940
475;1846
475;1952
475;1856
475;1979
476;852
476;890
476;618
477;2012
477;526
477;1114
477;982
478;1182
478;1917
479;1420
479;1677
479;347
479;1581
479;1382
480;1453
480;1959
480;840
480;730
480;1313
481;1059
481;1568
481;1626
481;2043
482;1346
482;932
482;1176
483;1190
483;1800
483;571
483;282
483;1387
484;806
484;1254
484;1267
485;1438
485;1808
485;2093
485;1296
486;1307
486;702
486;1189
486;1625
486;1807
487;496
487;1980
487;2009
487;2055
487;682
488;646
488;714
488;503
488;1019
489;1354
489;1526
489;1086
489;1133
489;435
490;619
490;2026
490;877
490;1221
490;791
491;1004
491;1819
491;1975
491;369
492;1364
492;944
492;2173
492;1957
493;1891
493;1377
493;2011
493;268
494;1077
494;1976
494;1104
494;731
495;2101
495;1452
495;1618
495;1629
496;1980
496;775
496;682
497;1638
497;723
497;2005
497;2144
498;1263
498;577
498;1095
498;838
499;1740
499;1991
499;828
499;1660
500;1988
500;829
500;1308
500;1556
501;1783
501;1564
501;1037
502;1112
502;1649
502;1946
502;1214
503;646
503;902
503;714
503;32
504;1034
504;1116
504;1289
504;1914
505;1627
505;1224
505;1464
505;1238
506;1597
506;2162
506;1187
506;1841
506;605
507;2021
507;1789
507;961
507;704
507;831
508;1315
508;1538
508;1403
509;1804
509;864
509;925
509;1839
509;333
510;1137
510;2073
510;1430
510;1393
511;1470
511;1180
511;257
512;160
512;495
512;1629
513;1129
513;823
513;1414
513;1907
514;635
514;730
514;1678
514;480
515;715
515;1441
515;1204
515;2061
515;551
516;1220
516;2068
516;1067
516;2099
516;361
517;2163
517;725
517;193
517;588
518;654
518;1592
518;2160
518;2112
518;941
519;1489
519;643
519;1533
520;1191
520;875
520;1836
520;552
521;1610
521;574
521;1673
521;1801
521;1938
522;1884
522;737
522;1359
523;1094
523;881
523;953
523;342
524;958
524;2030
524;1562
524;832
524;242
525;1898
525;1400
525;1185
525;457
526;2012
526;1989
526;1114
527;616
527;2061
527;1482
527;1645
528;1525
528;1741
528;238
528;1509
529;994
529;1350
529;1617
530;971
530;1064
530;459
531;1672
531;1036
531;1422
531;852
531;1761
532;1544
532;1076
532;608
532;2097
532;183
533;904
533;2095
533;752
533;1985
533;209
534;1374
534;708
534;785
534;1715
535;1102
535;1655
535;1045
535;1871
536;1163
536;1966
536;1409
536;770
536;1165
537;1218
537;1743
537;1644
538;2073
538;1430
538;1485
538;1474
538;1234
539;2147
539;1135
539;1615
539;1056
540;1528
540;1889
540;957
540;1802
540;1415
541;2107
541;2179
541;319
541;1264
542;839
542;2106
542;1990
542;526
542;578
543;1271
543;846
543;360
543;1699
544;1373
544;2047
544;869
544;1716
545;886
545;776
545;1443
545;1698
546;1125
546;652
546;550
547;1690
547;821
547;511
547;1470
548;2031
548;1530
548;1972
548;754
548;1146
549;1714
549;1890
549;797
549;1060
550;988
550;1339
550;1125
551;1215
551;1204
551;1324
551;469
551;310
552;798
552;875
552;1749
553;1873
553;1344
553;1168
553;929
553;1944
554;1179
554;1427
554;1083
554;1272
554;1909
555;1990
555;578
555;542
555;45
556;1939
556;1576
556;1557
556;1241
557;1194
557;1090
557;1534
557;1866
558;1593
558;1269
558;1579
558;1822
558;1790
559;2017
559;1066
559;2007
559;2018
560;1411
560;1687
560;1702
560;861
560;2161
561;888
561;2084
561;1993
561;1519
561;923
562;865
562;1876
562;1780
562;1886
563;1052
563;373
563;849
563;1545
563;1886
564;753
564;1508
564;982
564;45
565;810
565;1012
566;1879
566;585
566;621
566;1494
567;1969
567;1293
567;1777
567;1062
567;2023
568;795
568;106
568;1492
569;766
569;634
569;1975
569;491
570;819
570;1390
571;1800
571;1190
571;1713
571;1130
572;699
572;1029
572;1376
572;1794
573;1767
573;1693
573;633
573;2130
573;1630
574;1610
574;1801
574;1685
574;1673
575;1457
575;499
575;1740
576;1016
576;1362
576;1861
576;2134
576;884
577;622
577;1095
577;1388
577;1263
578;1990
578;839
579;1774
579;696
579;1607
579;2177
579;908
580;934
580;1425
580;1999
580;1611
580;1695
581;1299
581;1284
581;1555
581;662
582;693
582;991
582;245
582;74
582;2104
583;1172
583;2054
583;2145
583;1152
583;1277
584;1917
584;1750
584;1837
585;1879
585;621
585;1718
586;1598
586;2157
586;207
586;779
586;2125
587;1483
587;1205
587;1245
587;1398
587;1338
588;725
588;910
588;201
588;2163
588;193
589;1334
589;1985
589;2095
589;1026
589;904
590;670
590;1751
590;661
590;1108
590;1910
591;1462
591;1214
591;1033
591;1667
591;502
592;2086
592;460
592;1953
593;2033
593;1115
593;790
593;1085
594;1921
594;800
594;2167
595;1773
595;1932
595;912
595;1500
596;953
596;1475
597;1197
597;1124
597;1746
597;2175
598;801
598;1454
598;695
598;1843
598;1088
599;1530
599;1972
599;2091
599;2031
599;548
600;1666
600;710
600;1733
601;645
601;1463
601;1825
601;999
602;898
602;1224
602;878
602;20
602;1793
603;1403
603;1458
603;1022
603;1316
603;943
604;687
604;1054
604;1579
605;1053
605;711
605;1673
605;1521
605;1841
606;1455
606;623
606;1084
606;1244
607;1863
607;624
607;976
607;2160
607;298
608;1076
608;1544
608;2097
609;1382
609;1039
609;1420
609;1581
610;1619
610;684
610;822
610;432
610;927
611;1581
611;609
611;1382
611;1128
612;1097
612;869
612;1161
612;1580
613;1446
613;1222
614;1009
614;847
614;273
614;686
615;995
615;1155
615;1764
615;977
616;1482
616;2061
616;706
617;1633
617;1609
617;287
618;636
618;890
618;1742
618;1099
619;2026
619;877
619;1729
619;791
620;1775
620;1335
620;678
620;1267
620;1433
621;1879
621;1127
622;1388
622;1095
622;2065
623;1455
623;1084
623;451
624;1863
624;298
624;27
624;976
625;1929
625;1351
625;1667
625;1478
626;1323
626;1554
626;1516
626;1632
627;662
627;1753
627;976
628;1134
628;1075
628;761
629;1380
629;1551
629;2050
630;1853
630;2118
630;331
631;1660
631;1072
631;1740
631;2019
631;370
632;2080
632;1829
632;1020
633;2130
633;681
633;914
633;1630
633;71
634;766
634;313
634;372
634;1975
635;743
635;480
635;1378
636;1099
636;1742
636;890
637;1883
637;1367
637;1752
638;1748
638;714
638;941
639;1738
639;1522
639;415
639;2025
639;1376
640;796
640;1199
640;970
640;172
641;1813
641;956
641;732
641;1642
642;1950
642;2016
642;1936
642;1768
643;1349
643;1256
643;1489
644;834
644;1094
644;523
644;881
644;1435
645;1331
645;1099
645;382
646;714
646;902
647;979
647;835
647;658
647;1735
647;1768
648;2109
648;1023
648;1621
648;675
649;1741
649;1816
649;1933
649;1525
650;894
650;1711
650;2172
651;1329
651;1894
651;1965
651;1825
652;1125
652;1395
653;2148
653;2149
653;1718
653;1219
654;2112
654;941
654;1239
654;1592
655;1058
655;1123
655;1589
655;1018
655;2123
656;1744
656;1162
656;1149
656;0
656;1409
657;1196
657;1552
657;2055
658;851
658;1580
658;979
658;1768
659;1850
659;1017
659;792
659;1393
660;1138
660;962
660;1559
661;1910
661;1518
661;670
661;1183
662;1753
662;976
663;1402
663;1368
663;1035
663;731
664;745
664;784
664;1127
664;1623
665;1366
665;1705
665;182
666;1754
666;870
666;1947
666;2059
666;2178
667;2069
667;1424
667;808
667;2151
668;1574
668;2172
668;725
669;1015
669;1911
669;2087
670;1751
670;1108
670;1527
671;759
671;1274
671;2155
671;1931
672;1387
672;2094
672;1190
673;1169
673;172
673;1394
673;168
673;970
674;1731
674;1211
674;2042
674;1318
674;1614
675;1621
675;1859
675;2109
676;959
676;799
676;1784
677;2154
677;568
677;795
677;106
678;1433
678;421
678;1227
679;859
679;985
679;1132
680;1769
680;1242
681;2130
681;914
682;1980
682;1321
682;789
683;1318
683;1211
683;674
683;1731
684;822
684;1363
684;1619
684;1947
685;1207
685;2168
685;1093
685;126
686;1113
686;1160
687;1345
687;281
687;2108
688;802
688;935
688;1858
689;1258
689;2139
689;1566
689;830
689;59
690;2054
690;1217
690;2145
690;1277
691;1001
691;1305
691;863
691;1184
691;2113
692;2064
692;984
692;1192
692;1543
692;1027
693;991
693;74
693;2104
694;1734
694;1075
694;761
694;628
695;1145
695;2171
695;1454
696;1774
696;2177
696;1033
696;591
697;1630
697;1054
697;914
697;633
698;1012
698;2150
698;810
698;19
698;2170
699;1029
699;1376
699;87
699;1738
700;849
700;1059
700;2043
700;1700
700;903
701;1109
701;2119
701;1317
701;1428
701;2070
702;1807
702;1307
702;1189
702;1256
703;1232
703;1643
703;137
703;975
704;1789
704;959
704;831
704;1756
704;472
705;844
705;1839
705;787
705;864
705;1043
706;1500
706;912
706;1646
707;1460
707;1151
707;1896
707;2088
707;1244
708;1758
708;1715
708;1912
708;1439
709;1473
709;2123
709;1724
710;868
710;1444
710;1666
711;1521
711;1673
711;1053
711;1685
712;1867
712;889
712;2000
712;415
713;819
713;1367
713;1527
715;1441
715;719
715;2035
715;551
716;1311
716;1635
716;1514
716;1606
717;2138
717;1312
717;1720
717;2056
718;1203
718;1904
718;1291
718;2032
719;2035
719;1441
719;1324
719;1459
720;762
720;1407
720;1620
720;1754
721;1594
721;998
721;2098
722;1818
722;1998
722;1785
722;1560
723;2005
723;2144
723;1226
724;2167
724;1545
724;1599
724;373
724;800
725;2163
726;1634
726;931
726;166
726;1561
727;1112
727;1268
727;1946
727;1649
728;1310
728;1007
728;1257
728;1030
728;207
729;2045
729;1762
729;643
729;1349
730;1678
730;856
730;1453
731;1144
731;1212
731;1368
732;1813
732;1791
732;1906
733;1401
733;2037
733;2165
733;1662
733;1193
734;1233
734;1131
734;272
734;449
734;809
735;1878
735;986
735;1064
735;1716
736;1595
736;2096
736;430
736;1763
736;1237
737;1156
738;1350
738;767
738;1297
738;1183
739;1142
739;518
739;976
740;1520
740;1599
740;1888
740;1545
740;1052
741;1534
741;874
741;1194
742;1908
742;781
742;950
742;2128
743;1378
743;192
743;514
743;1959
744;1219
744;1924
744;1808
744;485
744;1438
745;784
745;788
745;1279
746;887
746;1282
746;1956
747;1585
747;1050
747;2019
747;1216
748;1834
748;224
749;1478
749;1880
749;1351
749;1462
750;1499
750;1814
750;1551
750;629
750;197
751;1448
751;259
751;1071
751;1837
751;456
752;904
752;2095
752;1641
753;1305
753;2113
753;1508
753;1001
754;1202
754;1972
754;1146
754;1530
755;1480
755;1513
755;2124
756;1802
756;1528
756;540
756;1978
757;1811
757;1114
757;1855
757;1366
758;805
758;2158
758;1662
758;1103
758;812
759;1274
759;1931
759;2155
760;1747
760;1582
760;1228
761;1075
761;1734
761;1227
762;1407
762;206
762;628
763;1406
763;1850
763;659
764;1651
764;1498
764;1056
764;1887
764;484
765;1875
765;1588
765;1357
765;879
765;782
766;1975
767;2066
767;1350
768;1728
768;990
768;1111
768;588
769;1037
769;1549
769;73
770;2006
770;1165
771;2169
771;1824
771;965
771;329
772;1586
772;2152
772;1511
772;1763
773;1316
773;1403
773;508
773;603
774;1490
774;1962
774;2051
774;1221
775;1681
775;487
775;1980
776;954
776;886
776;2086
777;1711
777;894
777;2038
777;650
778;1352
778;1716
778;986
778;735
779;2161
779;861
779;1675
780;907
780;1737
781;1908
782;1357
782;1558
782;1875
783;1919
783;2117
783;1290
783;1895
784;1623
784;789
784;31
785;1113
785;686
786;1369
786;1348
786;1654
787;1637
787;1839
787;333
788;1817
788;1494
788;1799
788;1279
789;1321
789;1980
790;906
790;1115
790;2033
791;1897
791;877
791;2026
791;1842
791;936
792;1850
792;1554
792;1323
793;1949
793;955
793;2094
793;1507
793;672
794;1392
794;907
794;1737
794;1408
794;1838
795;1916
795;1492
796;1199
796;970
796;669
797;1491
797;1048
797;1890
797;2071
798;1749
798;875
798;520
799;1784
799;1616
800;2167
800;1921
801;1088
801;1843
801;1728
801;1454
802;935
802;911
802;1426
803;2089
803;836
803;1638
803;497
803;2053
804;1782
804;1273
804;1955
805;2158
805;1103
805;1662
805;2038
806;1080
806;1267
806;1335
807;1226
807;2144
807;2005
807;723
807;90
808;2151
808;2081
808;1698
809;1131
809;1951
809;1233
809;1605
809;1301
810;1044
810;1012
811;1120
811;1223
811;1704
811;1422
811;1761
812;1550
812;1827
812;1872
812;117
813;2006
813;1228
814;1086
814;1354
814;1526
814;1539
815;1260
815;1371
815;837
815;1681
815;1281
816;1360
816;1642
816;1229
816;1624
817;1954
817;1042
817;1339
817;924
818;882
818;913
818;1045
818;1423
818;1871
820;1419
820;2138
820;1140
820;717
820;1081
821;1484
821;1332
822;1363
822;1619
823;1414
823;1907
823;1129
824;1024
824;1097
824;1419
825;937
825;1882
825;2102
825;1876
826;1722
826;966
826;1819
826;1004
827;1295
827;871
827;1245
827;1702
827;889
828;1991
828;1139
828;1713
829;1988
829;1556
829;975
830;1258
830;1538
830;337
830;232
831;1789
831;961
831;2021
831;959
832;2030
832;958
833;872
833;978
833;1132
834;1094
834;523
834;881
834;1435
835;979
835;1768
835;1901
835;1936
836;2089
836;2053
836;497
836;1638
837;1371
837;1260
837;1281
838;2132
838;2032
838;1263
839;2106
839;1989
839;526
839;2012
840;1313
840;1453
840;1959
841;2170
841;1063
841;963
841;2150
842;1126
842;1617
842;860
842;266
843;1343
843;1930
843;1671
843;1982
843;1404
844;1637
844;787
844;1043
844;173
845;1091
845;1018
845;999
846;1996
846;279
846;1718
847;1009
847;1785
847;708
848;1471
848;1196
848;1552
848;152
849;903
849;1195
850;1164
850;1509
850;1933
850;922
851;2016
851;1768
851;1936
851;647
852;890
852;50
853;1539
853;2115
853;1512
853;1526
853;814
854;1326
854;993
854;1261
855;1931
855;1386
855;1374
856;1678
856;807
856;1453
857;1057
857;1756
857;94
857;185
858;2079
858;1503
858;1253
858;1416
858;2176
859;985
859;1132
859;1657
859;1765
860;1126
860;2060
860;1731
861;2161
861;1675
861;586
862;1869
862;1864
862;1926
863;1184
863;1001
863;2135
863;23
864;1839
864;925
865;1876
865;1780
866;2111
866;1697
866;1540
866;1405
867;1870
867;1410
867;1595
867;1429
867;1892
868;1343
868;1117
868;600
868;1141
869;1373
869;1161
869;1580
870;1947
870;1754
870;2059
871;1295
871;1245
871;1702
871;889
872;2058
873;262
873;210
873;1381
873;1719
874;1534
874;1406
874;763
875;1749
876;1496
876;1395
876;1823
876;1928
877;2026
877;1897
878;2024
878;898
878;1501
879;1875
879;884
879;1357
879;782
880;1286
880;2046
880;1549
880;425
880;1529
881;953
881;1094
881;342
882;913
882;917
882;1288
882;2129
883;1848
883;1488
883;139
883;1166
884;2134
884;765
884;1362
885;1006
885;2141
885;301
886;954
886;1443
887;1282
887;1956
888;1993
888;2084
888;923
888;1130
889;1867
889;2000
891;918
891;950
891;1908
891;49
891;781
892;1830
892;1222
892;100
892;1772
893;1065
893;1564
893;1783
893;365
894;1711
894;2038
895;2050
895;629
895;1733
896;1955
896;1696
896;248
896;1028
896;968
897;2059
897;1754
897;870
898;2024
898;1501
899;1047
899;1287
899;1062
899;388
899;1956
900;1970
900;1486
900;1208
900;973
900;1206
901;1974
901;1571
901;1096
901;1806
901;1862
902;714
902;638
902;488
903;1195
903;1888
903;1700
904;2095
904;1985
905;1690
905;2072
905;1332
905;547
905;390
906;1115
906;593
906;2033
907;1838
907;1737
908;1607
908;1575
908;2001
908;1466
908;1774
909;2077
909;505
909;1614
909;1265
909;2042
910;1804
910;725
910;509
910;925
911;1426
911;935
911;688
912;1500
912;1773
912;1210
913;917
913;1423
913;775
914;1630
914;2130
914;1231
915;1712
915;1829
915;2080
915;2120
915;1860
916;1770
916;2126
916;1727
916;1249
916;1285
917;1288
917;487
917;2009
918;781
918;1908
918;950
919;1701
919;940
919;1000
919;2164
919;1011
920;1868
920;1180
921;1895
921;1290
921;2117
921;1612
921;1997
922;1164
922;2176
922;1416
922;1933
923;1993
923;2084
924;1339
924;988
924;2099
924;83
925;1804
925;1839
926;1124
926;1755
926;692
927;1467
927;1619
927;822
928;1654
928;1854
928;1369
929;1944
929;1246
929;1873
929;1154
929;1872
930;968
930;1273
930;1216
930;804
930;1782
931;1634
931;1154
932;1014
932;996
932;1176
932;1068
933;1809
933;1928
933;1524
933;1803
934;1611
934;1425
934;2091
934;470
935;1426
936;1897
936;1346
936;1842
936;1304
937;1882
937;1336
937;2102
938;1532
938;1778
938;727
938;1112
938;370
939;2082
939;1510
939;1193
939;1010
940;1000
940;960
940;1701
940;1692
941;1805
941;1748
941;1592
942;1792
942;1601
942;2159
943;1315
943;1022
943;337
943;1403
944;974
944;2173
944;1364
945;1932
945;1942
945;1815
945;595
946;992
946;1342
946;997
947;977
947;1308
947;1155
947;971
948;1506
948;1485
948;1393
948;1472
949;1158
949;1176
949;2007
949;1068
950;1908
950;2128
950;781
951;1469
951;1121
951;1814
951;1499
952;1650
952;1274
952;2155
952;275
953;1094
954;1953
954;592
955;1507
955;1949
955;1683
955;2094
956;1813
956;2044
956;1906
957;1889
957;1528
957;1415
958;2030
958;1562
959;1789
960;1000
960;1692
960;1309
961;2021
961;1789
961;704
962;2014
962;1138
962;249
963;2170
963;1063
963;2150
964;1915
964;1656
964;1937
964;354
965;1582
965;2169
965;1824
966;369
966;1787
966;1722
966;2111
967;2155
967;1274
967;2135
967;1650
967;952
968;1273
968;804
968;1782
968;248
969;34
969;1430
969;525
969;1400
969;1185
970;1199
971;1236
972;1468
972;781
973;1208
973;1970
973;177
973;1603
974;1664
974;1285
974;1971
974;492
975;1556
975;1988
975;1232
976;1753
977;1155
977;971
977;1308
978;1132
978;13
978;2076
978;413
979;1768
979;1735
980;1986
980;1296
980;2093
980;65
980;1136
981;2039
981;1234
981;1389
982;1508
982;2113
982;753
983;1317
983;1476
983;726
983;2075
984;2064
984;1133
984;1755
984;1781
985;1657
985;1765
985;1475
986;1716
986;1352
987;1941
987;1529
988;1339
988;65
989;1074
989;1019
989;1507
989;2014
990;1728
990;1913
990;801
990;598
991;2104
992;1342
992;997
993;1261
993;1676
993;423
994;1350
994;1617
994;738
995;1155
995;977
995;947
996;1443
996;1327
996;1014
997;1327
997;1342
998;2051
998;1594
998;568
999;1463
999;1091
1000;1692
1000;1701
1001;1305
1001;1184
1001;2113
1002;2137
1002;1963
1002;1298
1002;1104
1002;1976
1003;1795
1003;1051
1003;2041
1003;1272
1004;1819
1004;1975
1005;1745
1005;1569
1005;1823
1005;1699
1006;2141
1006;300
1006;301
1006;874
1007;1030
1007;1310
1007;1598
1008;1502
1008;1836
1008;1934
1008;309
1008;1191
1009;1785
1010;1193
1010;637
1011;1060
1011;1664
1011;1648
1011;2164
1012;2150
1012;2170
1012;19
1013;1143
1013;1175
1013;2156
1013;1573
1014;1068
1014;1176
1014;1443
1015;1911
1015;577
1015;2087
1016;1861
1016;1362
1016;2134
1016;351
1017;1393
1017;1850
1017;792
1018;1058
1018;1091
1018;999
1019;1074
1019;646
1019;714
1020;2080
1020;1280
1020;1829
1020;1860
1021;1835
1021;1237
1021;1505
1021;2146
1021;1340
1022;1403
1022;1458
1022;1315
1023;2109
1023;1557
1023;1877
1023;10
1024;1097
1024;635
1025;2004
1025;1270
1025;1157
1026;121
1026;23
1026;855
1026;1334
1027;1192
1027;1314
1027;1543
1028;1955
1028;1782
1028;804
1029;1376
1029;2121
1030;1598
1030;2125
1030;2157
1031;1170
1031;1726
1031;1087
1031;1432
1032;2043
1032;1700
1032;1179
1032;1272
1032;554
1033;2179
1033;1649
1033;1946
1034;1565
1034;1142
1034;1289
1035;1402
1035;1665
1036;1672
1036;1029
1038;1826
1038;1312
1038;2056
1038;1140
1039;1382
1039;1420
1039;2114
1039;1677
1040;1523
1040;1153
1040;1417
1040;1736
1040;1905
1041;1535
1041;1201
1041;2174
1041;1591
1042;1954
1042;1339
1042;306
1043;1399
1043;2066
1044;1892
1044;1669
1045;1871
1045;1655
1045;882
1046;1240
1046;1252
1046;1965
1047;1956
1047;1287
1048;1491
1048;1890
1049;1417
1049;1251
1049;1247
1049;1153
1050;2019
1050;1585
1050;1216
1051;1795
1051;2041
1051;185
1052;1545
1052;2167
1052;162
1053;1521
1053;1673
1053;1067
1054;1630
1054;1684
1054;914
1055;957
1055;540
1055;1889
1055;1322
1056;1498
1056;1651
1056;203
1057;1909
1057;1083
1057;313
1058;1589
1058;1123
1058;773
1059;1780
1059;1626
1060;1648
1060;1664
1060;1449
1061;1449
1061;1925
1061;1648
1061;2071
1061;2164
1062;1777
1062;1293
1062;1969
1063;1540
1063;2170
1064;971
1065;1564
1065;1783
1065;365
1066;2017
1066;1729
1066;2007
1067;1220
1067;1466
1067;1521
1067;711
1068;1158
1068;1176
1069;1289
1069;1116
1069;1142
1069;1565
1070;1558
1070;1122
1070;532
1070;782
1071;1436
1071;1708
1071;1837
1071;1750
1072;1050
1072;608
1072;2019
1073;1915
1073;1110
1073;1840
1074;1683
1074;1507
1074;488
1075;1734
1075;1134
1076;1544
1076;2097
1077;1104
1077;1976
1077;1298
1077;1107
1078;1266
1078;1322
1078;1101
1079;2074
1079;2063
1079;1567
1079;1925
1080;1267
1080;1335
1081;1161
1081;1708
1081;1071
1081;612
1082;1865
1082;2133
1082;1776
1082;2072
1083;1909
1083;1427
1083;1405
1083;313
1084;1455
1084;1244
1084;1151
1085;1435
1085;2033
1085;1115
1085;790
1086;1354
1086;1526
1087;1432
1087;246
1087;1726
1087;1205
1088;1843
1088;1454
1088;1728
1088;1852
1089;1927
1089;1723
1089;241
1089;1819
1090;1866
1090;1960
1090;1922
1091;2139
1092;1826
1092;2015
1092;1038
1092;103
1093;67
1093;2143
1093;126
1095;1388
1095;1973
1096;1571
1096;1974
1096;1862
1096;1243
1097;1495
1097;1580
1097;1161
1098;2142
1098;2020
1098;1911
1098;2087
1099;1742
1099;1331
1100;1553
1100;2116
1100;1881
1100;1658
1101;1266
1101;1200
1101;1434
1102;1655
1102;1045
1102;1423
1103;1872
1103;1652
1103;1246
1104;1298
1104;1976
1104;2137
1105;2171
1105;1358
1105;1145
1105;1167
1106;1166
1106;1488
1106;1264
1107;1225
1107;1104
1107;1736
1107;1905
1108;1751
1108;2085
1108;97
1109;2119
1109;2070
1109;2075
1109;1317
1110;1937
1110;1915
1111;509
1111;1377
1111;910
1112;1946
1112;1649
1113;17
1114;2012
1114;1989
1115;2033
1116;1289
1116;1707
1117;1141
1117;1613
1117;1444
1117;710
1118;1292
1118;1920
1118;1300
1118;1542
1119;1922
1119;1960
1119;1283
1119;1866
1120;1704
1120;1223
1120;1761
1120;1422
1121;1469
1121;1814
1122;1558
1122;782
1123;2123
1123;1589
1124;1746
1125;1699
1126;1617
1126;529
1127;745
1127;458
1127;788
1128;1330
1128;1581
1128;347
1128;1303
1129;1414
1129;1907
1130;1303
1130;2084
1130;1330
1130;1993
1131;1301
1131;1233
1133;2064
1133;1526
1133;692
1134;2048
1135;2147
1135;1615
1135;1721
1136;2131
1136;1986
1137;2073
1137;1430
1137;950
1138;89
1138;1361
1139;1688
1139;1991
1139;1713
1140;1419
1140;1312
1140;717
1141;1613
1141;1444
1141;710
1142;1565
1142;1289
1143;2156
1143;1859
1143;1175
1143;1621
1144;1212
1144;1302
1144;1368
1144;1665
1145;2171
1145;1454
1146;1328
1146;1202
1146;1861
1147;1578
1147;2136
1147;1236
1147;1878
1147;51
1148;1900
1148;1479
1148;1874
1148;1945
1149;1162
1149;1409
1149;1966
1149;1744
1150;1953
1150;592
1150;2010
1151;1244
1151;1460
1151;1896
1152;2145
1152;1172
1152;2054
1152;690
1153;1523
1153;1905
1153;1736
1153;1417
1154;1246
1154;1872
1154;1652
1155;95
1156;1940
1156;1294
1157;1389
1157;2004
1157;1270
1157;66
1158;1176
1159;412
1159;1113
1159;785
1160;1851
1162;1744
1162;1409
1162;1966
1163;1966
1163;1992
1164;1509
1164;2176
1164;1933
1165;1391
1165;1250
1166;1488
1166;1264
1167;1461
1167;1358
1167;1477
1168;2027
1168;1344
1168;1476
1168;1873
1169;1213
1169;1394
1169;970
1170;1726
1170;1087
1170;1432
1171;1950
1171;642
1172;2145
1172;2054
1172;690
1173;1481
1173;2100
1173;1709
1173;2172
1174;1956
1174;388
1174;887
1175;1573
1175;1504
1177;1822
1177;1790
1177;1269
1177;901
1178;1817
1178;1799
1178;1769
1178;680
1178;788
1179;1272
1179;1427
1179;1700
1180;1470
1181;1424
1181;2069
1181;2023
1181;667
1182;1725
1183;1297
1183;1518
1183;1910
1185;1898
1185;1583
1186;859
1186;342
1186;978
1186;1132
1186;1765
1187;1841
1187;1370
1187;1597
1187;2162
1188;2143
1188;1399
1188;1043
1189;2110
1189;1670
1189;1807
1190;1800
1190;1387
1191;1836
1191;1121
1191;875
1192;1543
1192;1314
1192;2064
1193;2037
1193;1883
1194;1534
1194;1661
1194;1691
1195;1888
1196;1471
1197;2013
1197;1590
1197;1961
1198;1961
1198;2013
1198;1590
1198;1647
1198;1206
1200;1694
1200;2126
1200;440
1201;1535
1201;1218
1201;468
1202;1695
1202;1999
1203;1904
1203;1973
1203;1291
1204;1215
1204;715
1204;545
1205;1483
1205;1398
1205;1338
1206;1970
1206;1590
1206;1691
1207;2168
1207;1353
1208;1254
1208;1486
1209;2049
1209;1418
1209;1682
1209;1243
1209;451
1210;1646
1210;1500
1210;1773
1211;1318
1211;1614
1211;1731
1212;1302
1212;1828
1213;970
1213;168
1213;280
1214;1667
1214;1462
1214;1351
1215;469
1215;310
1215;1324
1216;2097
1216;1076
1216;1544
1217;1325
1217;1943
1217;1347
1218;1743
1218;1644
1219;2149
1219;1924
1220;1710
1220;2068
1220;1466
1221;1962
1221;2026
1221;619
1222;1830
1222;1446
1223;1422
1223;1704
1223;1761
1224;898
1224;1464
1224;1627
1225;1251
1225;1247
1225;1905
1225;1736
1226;2144
1226;2005
1227;2048
1227;1075
1227;1134
1228;1747
1228;383
1228;35
1229;1360
1229;1977
1229;1791
1230;2159
1230;1396
1230;144
1230;220
1230;1792
1231;2044
1231;1593
1231;956
1231;71
1232;1643
1232;137
1233;274
1233;1739
1233;1490
1234;1474
1234;2039
1234;1485
1235;1604
1235;1964
1235;1442
1235;1408
1235;1392
1236;51
1236;1064
1236;356
1237;2146
1237;1835
1237;2096
1238;1464
1238;1627
1238;2011
1239;2057
1239;1596
1239;1361
1239;1559
1239;252
1240;1252
1240;1965
1241;1998
1241;1939
1241;1916
1242;1279
1242;1769
1242;1817
1243;1682
1243;1806
1243;1571
1244;1460
1244;1455
1245;1483
1245;1295
1245;1205
1246;1872
1246;1550
1246;812
1247;1251
1247;1905
1247;1736
1248;1249
1248;1812
1248;1770
1248;1935
1248;916
1249;1770
1249;1812
1249;1440
1250;1391
1250;1409
1250;536
1250;1966
1251;1905
1251;1736
1252;1894
1253;1503
1253;2132
1253;260
1254;1887
1255;1276
1255;2022
1255;1945
1255;1281
1256;1807
1256;2110
1256;1189
1256;1670
1257;1310
1257;118
1257;1415
1257;1889
1258;2139
1258;1538
1258;1566
1259;1394
1259;1844
1259;596
1259;1475
1260;1371
1260;1281
1260;53
1261;1676
1262;2008
1262;1833
1262;1306
1262;1608
1263;1095
1264;2107
1265;2077
1265;681
1266;1322
1267;1775
1267;1335
1268;1946
1268;422
1268;1649
1268;541
1269;1790
1269;1822
1269;2108
1270;2004
1271;360
1271;453
1271;546
1271;1125
1272;1427
1273;1782
1273;379
1274;2155
1274;1650
1275;1997
1275;1914
1275;1707
1275;110
1276;1281
1276;2022
1276;1945
1277;1635
1277;2054
1277;1943
1277;1459
1278;1786
1278;575
1278;499
1280;1849
1280;1934
1280;186
1281;2022
1282;1956
1283;1746
1283;1487
1283;1922
1284;1299
1284;1555
1284;662
1285;1971
1285;1375
1285;1770
1286;2046
1286;1549
1286;1529
1287;1531
1287;1616
1287;388
1288;1552
1288;2129
1289;1565
1290;1895
1290;2117
1291;1437
1291;43
1292;1920
1292;1300
1292;1542
1293;1777
1293;2023
1293;1969
1294;1412
1294;1366
1294;1957
1295;1702
1295;587
1296;1986
1296;2093
1296;1438
1297;1518
1297;1910
1297;2036
1298;1976
1298;2137
1298;494
1299;1555
1299;662
1300;1644
1300;1920
1301;449
1301;2171
1301;1145
1302;1665
1302;731
1302;1828
1303;1330
1303;2084
1303;888
1304;1105
1304;1842
1304;1346
1305;2113
1305;1855
1306;1276
1306;1281
1306;53
1306;1260
1307;1807
1307;1472
1307;1625
1308;95
1309;2164
1309;1449
1309;940
1310;1415
1310;207
1311;1635
1311;1606
1311;1514
1312;2056
1312;2138
1313;1453
1313;1959
1314;1442
1314;1543
1315;1403
1316;1403
1316;1458
1316;1022
1317;2075
1317;2070
1318;1731
1318;297
1319;1848
1319;883
1319;1696
1320;2028
1320;1797
1320;245
1320;1576
1320;74
1321;1980
1321;1623
1322;1341
1323;1516
1323;1554
1323;1632
1324;1383
1324;2035
1324;1606
1324;1459
1325;1967
1325;1347
1325;1943
1326;423
1326;993
1326;1261
1327;1443
1327;992
1328;2134
1328;1362
1328;1861
1328;548
1329;1965
1329;1894
1329;1328
1330;2084
1330;888
1331;1742
1332;2072
1332;1484
1332;2133
1333;1628
1333;1832
1333;1428
1333;1703
1333;1907
1334;1985
1334;2095
1334;904
1335;1775
1336;2102
1336;1882
1336;2103
1336;2104
1337;1629
1337;1512
1337;2115
1337;1465
1337;853
1338;1398
1338;1483
1340;1505
1340;1835
1340;1416
1340;2176
1341;1918
1341;957
1341;1889
1342;2124
1342;299
1343;1671
1343;1404
1343;710
1344;2027
1344;1476
1344;1873
1345;2108
1345;1896
1345;1460
1345;2088
1345;1579
1346;226
1347;1967
1347;1943
1347;1514
1347;1635
1348;1369
1348;1654
1349;1923
1349;1256
1349;1762
1350;1617
1351;1478
1351;1667
1351;1462
1352;1716
1352;459
1352;2016
1353;1891
1353;2168
1354;1526
1355;2114
1355;1663
1355;1600
1356;1573
1356;230
1356;724
1356;1921
1356;582
1357;1875
1357;1558
1358;1461
1358;15
1358;449
1358;1477
1359;1379
1359;1884
1359;1862
1360;1977
1360;1624
1361;2057
1361;1559
1361;1596
1362;1861
1362;2134
1363;1947
1363;432
1364;1375
1364;2106
1364;1679
1365;1561
1365;1562
1365;242
1365;832
1365;166
1366;1412
1367;1527
1367;303
1368;1402
1369;1654
1370;1841
1370;2001
1370;1600
1371;1281
1371;2022
1372;1486
1372;1647
1373;82
1373;2047
1373;1716
1374;1386
1374;1931
1375;1971
1375;1679
1375;1812
1376;1738
1376;1381
1377;1891
1377;1353
1377;126
1378;1959
1378;480
1378;192
1379;1884
1379;1862
1379;522
1380;1551
1380;2050
1381;433
1381;2120
1381;915
1382;1420
1382;1581
1383;1606
1383;310
1383;2081
1384;1757
1384;1920
1384;463
1385;1577
1385;1879
1385;566
1386;1931
1386;121
1387;2094
1388;2065
1389;1742
1389;2004
1389;396
1390;2036
1390;1910
1391;770
1391;536
1392;1408
1392;1737
1392;1314
1392;1442
1393;316
1394;1844
1394;33
1394;596
1395;1823
1395;1496
1396;1653
1396;1995
1396;1686
1397;2051
1397;2103
1397;1893
1397;2102
1397;774
1398;1483
1399;705
1399;2066
1400;1898
1400;1185
1400;457
1401;2165
1401;1662
1401;2037
1401;117
1402;1665
1403;1458
1404;1671
1404;1930
1405;2111
1405;1909
1405;1975
1406;316
1406;1850
1407;145
1407;254
1408;1314
1408;1442
1408;1737
1409;1966
1409;1163
1410;1870
1410;1511
1410;223
1411;1687
1411;861
1411;1702
1411;2161
1412;1957
1412;2173
1413;1796
1413;119
1413;143
1414;1907
1414;1832
1415;1528
1415;1889
1416;2176
1416;1505
1416;1164
1417;1523
1418;2049
1418;1084
1418;1243
1419;2138
1419;717
1420;1677
1421;1185
1421;1583
1421;1898
1421;34
1422;1704
1422;1761
1423;882
1424;2069
1424;2023
1425;1611
1425;2091
1425;1695
1427;1909
1428;1628
1428;1703
1428;1109
1429;1892
1429;1870
1429;1044
1430;2073
1431;1899
1431;2040
1431;1560
1431;164
1431;307
1432;1726
1432;1776
1433;1227
1433;761
1434;1440
1434;156
1434;2126
1434;289
1435;593
1435;2033
1435;1115
1436;1708
1436;584
1436;1837
1437;718
1437;1203
1437;501
1438;1808
1438;2093
1439;1758
1439;1715
1439;1912
1439;606
1440;2126
1440;1770
1440;1101
1440;916
1441;2035
1441;551
1442;1964
1442;1027
1443;86
1444;1613
1445;1480
1445;1668
1445;2124
1447;2166
1447;1739
1447;2098
1447;1693
1448;2047
1448;154
1449;1648
1449;2164
1449;1925
1450;1803
1450;1524
1450;933
1450;2008
1450;231
1451;1901
1451;1548
1451;2118
1451;331
1451;1936
1452;2101
1452;1618
1452;1629
1453;1959
1454;1843
1456;1987
1456;1493
1457;1840
1457;1073
1457;1446
1458;1760
1459;2035
1459;1383
1460;1896
1460;2088
1461;1477
1462;1880
1463;1724
1463;1473
1463;403
1464;1627
1465;1781
1465;1755
1465;1629
1465;124
1466;1575
1466;2001
1466;1053
1467;1619
1467;78
1467;822
1467;610
1468;781
1468;742
1469;1814
1469;309
1471;442
1471;384
1472;1506
1472;1625
1472;486
1473;1724
1473;651
1474;1485
1474;1472
1474;1506
1475;1657
1476;2027
1478;1880
1478;1462
1479;1900
1479;2022
1479;1255
1480;2124
1481;2100
1481;2172
1481;1709
1482;2061
1482;1646
1484;2072
1484;2133
1485;2073
1486;399
1486;1647
1487;1746
1487;1618
1487;1452
1488;319
1489;2052
1489;1533
1489;292
1490;1962
1490;274
1490;2051
1491;1890
1493;1987
1493;1591
1493;1982
1493;2174
1494;1879
1494;1799
1494;621
1495;1735
1495;1580
1495;1226
1496;1928
1496;1809
1497;2058
1497;872
1497;167
1498;1887
1498;1651
1498;203
1499;1814
1499;1551
1500;1646
1501;1793
1501;2024
1502;1836
1502;1934
1502;309
1502;1191
1503;2132
1503;2079
1503;260
1504;1573
1504;1599
1504;2152
1505;1835
1505;2176
1506;1625
1506;486
1506;1307
1507;1683
1508;2113
1509;1933
1509;922
1509;1741
1510;2178
1510;1903
1510;2082
1510;666
1511;1586
1511;2152
1512;2115
1512;1526
1512;1539
1513;1480
1513;1668
1514;1967
1514;1943
1514;1635
1515;1639
1515;1942
1515;1815
1515;2119
1515;1968
1516;1632
1516;792
1516;1850
1517;1797
1517;1893
1517;74
1517;2028
1517;245
1518;1910
1518;2085
1519;2084
1519;888
1519;1993
1520;1599
1520;1545
1520;1888
1520;1052
1521;1673
1521;1685
1522;2025
1522;2000
1522;211
1522;889
1523;1736
1523;1905
1524;1803
1524;1569
1525;1509
1525;1741
1525;1933
1527;1751
1527;1108
1528;1889
1528;1802
1529;1669
1529;2046
1529;19
1530;2031
1530;1972
1531;1616
1531;799
1531;1784
1531;1047
1532;1778
1532;1585
1532;2019
1535;468
1536;632
1536;186
1536;2120
1536;1829
1537;2071
1537;797
1539;2115
1539;1526
1540;1697
1540;2111
1541;418
1541;1825
1541;1252
1542;613
1542;2002
1542;100
1542;155
1543;1838
1544;2097
1545;2167
1545;1599
1546;1743
1546;28
1547;1663
1547;609
1547;1382
1548;2118
1548;331
1548;2063
1548;2074
1549;2046
1549;75
1550;1827
1550;1872
1552;152
1552;2129
1552;917
1553;1881
1553;2116
1554;2128
1554;950
1555;305
1555;1707
1556;1988
1556;1170
1556;1031
1557;1877
1557;1939
1557;1576
1559;1596
1559;2057
1560;2040
1560;1899
1560;79
1561;47
1561;166
1561;1562
1562;242
1562;832
1563;1983
1563;1778
1563;1268
1563;727
1564;1783
1566;1923
1566;314
1566;1349
1567;2074
1567;1853
1567;2063
1568;1626
1568;225
1568;355
1569;1745
1569;231
1570;1941
1570;1044
1570;987
1570;1669
1571;1974
1571;1862
1572;2105
1572;1624
1572;112
1573;582
1574;2172
1574;2034
1574;725
1575;1607
1575;2122
1575;2001
1576;1877
1576;1939
1577;1879
1577;566
1577;133
1578;2136
1578;1878
1578;748
1579;1593
1579;2108
1581;1420
1582;1706
1582;2169
1582;1824
1583;34
1583;1898
1584;1961
1585;2019
1586;2152
1586;1763
1587;1913
1587;1771
1587;2163
1587;990
1587;517
1588;1875
1588;1357
1588;782
1588;2002
1589;2123
1589;773
1590;1691
1590;2013
1591;2174
1591;1987
1591;1982
1592;2160
1592;1805
1592;1659
1593;2108
1593;1269
1594;2098
1595;2096
1595;1763
1595;430
1596;2057
1597;2162
1597;1938
1597;605
1597;1841
1598;2125
1598;2157
1599;2167
1600;1607
1600;908
1601;1792
1602;1766
1602;1703
1602;1645
1602;1639
1603;1721
1603;1135
1603;2147
1603;1615
1604;1964
1604;1080
1604;1335
1604;1442
1605;1951
1605;2011
1605;493
1605;268
1605;135
1606;2081
1606;2151
1607;2001
1608;1996
1609;802
1609;2067
1609;287
1610;1801
1610;1673
1610;1685
1611;2091
1612;1997
1612;1914
1612;2117
1612;1275
1613;710
1614;1627
1614;505
1615;2147
1615;1871
1615;2129
1616;1784
1616;676
1618;2101
1620;1845
1620;2059
1621;1859
1621;2109
1622;76
1622;1546
1622;138
1622;351
1622;1743
1623;682
1623;789
1624;1994
1624;1977
1624;2105
1626;1780
1628;1832
1628;1703
1628;701
1629;2101
1631;2122
1631;2177
1631;2131
1631;1575
1633;2052
1633;1670
1633;2110
1635;1943
1636;470
1636;1611
1636;2091
1636;1759
1636;1425
1638;90
1638;2089
1638;2005
1638;723
1639;1942
1639;1815
1639;1645
1640;1664
1640;1714
1640;1727
1640;473
1640;549
1641;2078
1641;2092
1641;904
1642;1360
1642;1229
1643;1672
1643;975
1644;1743
1644;1757
1645;1815
1645;1766
1646;912
1647;1961
1648;2164
1648;549
1649;1946
1649;2179
1650;2155
1651;1887
1651;484
1652;931
1653;1995
1653;1686
1653;144
1654;2153
1655;1871
1656;1840
1656;1786
1656;1915
1657;1765
1658;1553
1658;1881
1658;444
1659;1748
1659;1805
1659;941
1659;2160
1660;1740
1660;1991
1660;1688
1661;123
1661;1426
1662;2165
1663;609
1664;1648
1665;1368
1666;1733
1666;1444
1667;1462
1667;502
1668;1480
1668;299
1669;810
1670;2110
1670;1807
1671;1930
1672;1422
1674;2107
1674;1264
1674;541
1675;2161
1675;2157
1676;1981
1677;2114
1677;1382
1678;480
1678;1453
1679;1935
1679;1812
1679;1971
1680;1919
1680;1749
1680;798
1680;552
1681;496
1681;1260
1682;1806
1682;2049
1682;1571
1683;989
1683;1019
1684;1820
1684;1767
1684;2040
1684;281
1685;1801
1686;1995
1686;437
1687;1702
1688;1958
1688;1991
1689;1308
1689;1236
1689;947
1689;137
1689;95
1690;821
1690;195
1691;2013
1691;1198
1692;474
1692;2140
1693;2166
1693;1767
1693;2130
1694;2126
1694;1727
1695;1999
1695;754
1696;1955
1696;1028
1696;248
1696;379
1697;2111
1697;966
1698;2151
1698;2081
1698;2010
1699;1745
1699;1823
1700;2043
1701;1717
1701;960
1703;1832
1703;1766
1704;1761
1705;1811
1705;1650
1705;952
1706;1824
1706;1779
1706;965
1707;1069
1707;1289
1708;154
1708;259
1709;1752
1709;1883
1710;1685
1710;1801
1710;1067
1710;516
1711;2038
1712;1829
1712;2080
1712;1860
1712;632
1713;1991
1713;243
1713;499
1714;1890
1714;1727
1715;1912
1715;1758
1715;467
1717;2140
1717;1000
1717;940
1717;1379
1718;1996
1718;1924
1719;2127
1719;418
1720;2056
1720;1312
1720;584
1720;2138
1721;1615
1721;2147
1722;1819
1722;1004
1723;1927
1723;1722
1724;2123
1725;478
1726;1776
1727;1890
1727;169
1728;1843
1729;559
1729;2017
1730;1981
1730;1676
1730;2003
1730;2083
1731;2042
1732;1023
1732;1557
1732;1818
1732;2
1734;628
1735;2053
1735;2144
1735;723
1736;1905
1737;2048
1738;1338
1738;1029
1739;2098
1740;1991
1741;1933
1741;1816
1744;288
1745;1823
1745;231
1746;109
1746;1119
1747;813
1748;1805
1750;1837
1750;1917
1752;1883
1752;2037
1753;298
1754;2059
1754;432
1755;1781
1756;1784
1756;799
1757;1930
1758;1912
1759;186
1759;599
1759;2091
1759;462
1760;379
1760;1028
1760;248
1760;1782
1762;2045
1762;643
1762;314
1763;2152
1764;2133
1764;261
1764;995
1764;1082
1765;1475
1766;1832
1767;1820
1768;1936
1768;2016
1770;2126
1770;1727
1771;1913
1771;595
1771;1773
1771;1210
1772;1222
1772;1830
1773;1932
1773;1500
1774;2177
1774;1607
1775;806
1775;385
1776;1865
1777;1779
1777;899
1778;1983
1778;1585
1779;1824
1779;1062
1782;1955
1785;1818
1786;1840
1787;963
1787;2170
1787;826
1788;1849
1788;1280
1788;1934
1789;2021
1790;1822
1790;2088
1791;1813
1791;2060
1792;2159
1793;2024
1793;878
1793;898
1794;852
1795;2041
1795;185
1797;2028
1797;1893
1798;1617
1798;12
1798;683
1799;1817
1800;1713
1800;282
1802;1415
1803;2008
1803;231
1804;864
1804;1839
1805;252
1806;1974
1806;707
1806;1571
1807;2110
1808;2093
1809;1928
1809;1524
1810;2042
1810;1906
1810;1731
1810;674
1811;1855
1811;1114
1812;1935
1812;1971
1813;1906
1815;1942
1815;1932
1816;1933
1816;922
1817;1279
1818;847
1818;1009
1819;1975
1820;2040
1820;1899
1821;564
1821;1831
1821;753
1821;45
1823;652
1824;2169
1825;1894
1825;1252
1826;368
1826;1312
1827;1885
1828;1144
1829;2080
1830;1446
1830;613
1831;2095
1831;1985
1831;904
1831;1334
1831;589
1832;1907
1833;1874
1833;1945
1833;2008
1833;1255
1834;224
1834;49
1837;1917
1837;251
1838;780
1840;1915
1842;1477
1842;1897
1842;15
1842;1461
1843;1852
1844;1169
1844;33
1844;1213
1845;897
1845;206
1845;2059
1846;1856
1846;1952
1846;1992
1847;1941
1847;928
1847;1369
1847;128
1847;1437
1848;2149
1848;64
1849;1020
1849;1934
1851;17
1851;214
1851;413
1852;1454
1853;2063
1853;2074
1854;1654
1854;427
1854;2153
1855;2113
1855;691
1855;982
1855;1508
1856;1952
1856;288
1857;2085
1857;1637
1858;2067
1859;2156
1860;2080
1860;1829
1861;2134
1862;1884
1862;1974
1863;976
1863;2160
1863;298
1864;1869
1864;1926
1865;2133
1865;246
1866;1960
1866;1922
1867;2000
1868;1180
1869;417
1869;1926
1870;1892
1871;2147
1871;2129
1873;1634
1874;1945
1874;1255
1874;1276
1874;53
1876;1886
1877;556
1878;1064
1878;51
1878;356
1878;2136
1880;1351
1881;2116
1882;1921
1883;2037
1884;1096
1885;1903
1885;2178
1886;373
1886;800
1886;594
1888;563
1891;2168
1892;810
1892;698
1893;2103
1893;2104
1894;1965
1895;2117
1895;1612
1896;2088
1897;2026
1899;2040
1899;307
1900;2022
1900;1255
1901;1936
1901;1768
1901;1548
1902;2090
1902;1788
1902;381
1902;428
1903;2178
1903;117
1903;666
1904;2032
1904;1973
1907;1703
1908;2128
1908;348
1911;2087
1913;2163
1913;517
1914;1997
1915;1937
1916;344
1916;2154
1918;289
1918;1322
1918;156
1918;957
1919;1749
1921;937
1923;1258
1923;830
1924;653
1924;846
1925;2071
1925;2074
1926;680
1926;1769
1926;1858
1927;1819
1929;1667
1929;1214
1929;1351
1935;1375
1935;1971
1936;2016
1937;466
1938;2162
1938;1673
1938;506
1940;737
1940;522
1942;1932
1943;1967
1944;78
1944;1873
1944;1246
1945;53
1946;2179
1947;1754
1948;980
1948;1674
1948;1986
1949;2094
1949;9
1949;672
1950;2016
1950;1936
1951;42
1951;1131
1951;1301
1952;1992
1952;1979
1953;2010
1954;1339
1954;2099
1957;2173
1958;1139
1958;923
1960;1922
1961;330
1962;734
1962;2026
1963;2137
1963;343
1963;1675
1963;1298
1964;1984
1964;1314
1967;1635
1968;2070
1968;2119
1968;2075
1968;945
1969;1282
1969;1150
1970;1486
1970;1208
1971;1364
1972;2031
1973;2032
1975;826
1977;1994
1978;129
1978;1868
1978;1802
1979;1992
1979;1163
1979;61
1981;2083
1981;2003
1982;1987
1982;1456
1983;896
1983;883
1984;401
1984;1584
1984;2175
1985;2095
1986;2093
1986;65
1986;1438
1987;2174
1989;2012
1989;2106
1990;839
1992;61
1993;2084
1993;243
1995;220
1995;437
1997;38
1998;1916
1999;1425
2000;2025
2001;1841
2002;190
2002;1772
2002;613
2003;2083
2003;2
2005;2144
2006;1979
2007;2017
2008;1874
2009;2055
2009;496
2009;1980
2010;1424
2011;1464
2013;1961
2014;1937
2014;964
2015;2036
2015;1390
2017;2018
2018;1066
2020;2142
2020;2087
2020;1911
2021;704
2022;837
2023;434
2025;415
2025;211
2025;889
2027;553
2028;74
2028;245
2029;2076
2030;115
2031;754
2032;1203
2032;146
2034;2100
2034;2172
2034;284
2035;1383
2035;469
2037;2165
2039;340
2039;1474
2041;285
2043;1179
2044;239
2044;264
2044;1906
2045;1349
2045;116
2045;643
2046;1669
2048;794
2049;1243
2051;1893
2052;153
2052;1670
2053;497
2053;723
2053;2005
2054;2145
2055;1980
2055;496
2055;682
2056;2138
2056;368
2057;252
2058;13
2058;167
2060;1313
2060;840
2060;1959
2062;1307
2062;702
2062;1270
2063;2074
2064;1543
2065;1095
2065;577
2067;1633
2067;2052
2068;2122
2068;2131
2069;2010
2070;2119
2070;2075
2071;1449
2072;2133
2075;2119
2077;71
2078;2092
2078;91
2078;1159
2079;2132
2079;1253
2081;2151
2082;2178
2082;1903
2082;666
2083;320
2083;872
2086;954
2086;397
2087;2065
2088;1806
2088;1151
2089;497
2091;580
2092;752
2092;790
2096;1021
2099;1339
2099;255
2100;1709
2102;1882
2103;2104
2103;74
2103;245
2105;1994
2106;526
2107;319
2108;1896
2108;2088
2112;2057
2112;1239
2114;1382
2114;1420
2115;1526
2118;2063
2118;2074
2120;452
2121;1338
2121;1398
2121;699
2122;2131
2125;2157
2125;1007
2126;1727
2128;781
2129;1721
2130;308
2135;671
2135;2155
2136;1834
2137;1976
2139;845
2140;1000
2140;960
2140;940
2141;617
2142;2087
2142;1911
2143;1399
2146;922
2146;1835
2146;1505
2148;2149
2148;1848
2148;294
2150;2170
2151;469
2153;1348
2153;928
2154;795
2154;106
2156;675
2158;894
2158;2038
2158;777
2159;411
2160;1805
2160;941
2161;586
2162;1841
2165;1827
2166;878
2166;2024
2171;1358
2172;193
2175;1584
2175;1961
2175;180
2177;2122
2179;1268
2180;836
2180;2053
2180;803
2180;835
2180;2089
2181;1038
2181;1826
2181;2056
2181;1312
2181;1720
2182;1236
2182;1147
2182;1689
2182;971
2182;51
2183;2060
2183;237
2183;1959
2183;1313
2183;840
2184;63
2184;1632
2184;1516
2184;1658
2184;1323
2185;1658
2185;63
2185;2184
2185;1100
2185;1553
2186;1901
2186;835
2186;1936
2186;1768
2186;979
2187;1108
2187;1751
2187;670
2187;1527
2187;97
2188;500
2188;1988
2188;829
2188;1308
2188;137
2189;259
2189;154
2189;2047
2189;82
2189;1071
2190;459
2190;530
2190;356
2190;1064
2190;51
2191;429
2191;276
2191;2116
2191;1618
2191;2101
2192;1638
2192;497
2192;2089
2192;803
2192;90
2193;1583
2193;457
2193;891
2193;918
2193;1185
2194;356
2194;1064
2194;2190
2194;51
2194;459
2195;642
2195;2016
2195;1950
2195;1936
2195;1768
2196;2085
2196;1857
2196;1108
2196;88
2196;1518
2197;109
2197;1119
2197;1283
2197;1922
2197;1746
2198;1901
2198;1451
2198;2186
2198;1936
2198;2118
2199;1572
2199;2105
2199;3
2199;1624
2199;328
2200;1137
2200;510
2200;302
2200;2073
2200;1430
2201;2089
2201;1638
2201;2192
2201;112
2201;328
2202;49
2202;918
2202;2193
2202;1421
2202;1583
2203;1038
2203;1826
2203;368
2203;1312
2203;2181
2204;1308
2204;947
2204;977
2204;95
2204;1689
2205;1451
2205;1548
2205;1901
2205;2198
2205;2186
2206;2183
2206;2060
2206;237
2206;1313
2206;840
2207;512
2207;409
2207;68
2207;160
2207;1337
2208;584
2208;456
2208;1837
2208;1750
2208;1917
2209;994
2209;529
2209;1350
2209;266
2209;1617
2210;738
2210;1350
2210;1297
2210;2209
2210;1183
2211;1226
2211;807
2211;2144
2211;2005
2211;723
2212;1881
2212;1553
2212;444
2212;1100
2212;63
2213;661
2213;1910
2213;2196
2213;1518
2213;590
2214;1017
2214;659
2214;1393
2214;1850
2214;316
2215;444
2215;276
2215;1881
2215;1553
2215;2116
2216;3
2216;1379
2216;1359
2216;1862
2216;901
2217;2186
2217;835
2217;979
2217;1901
2217;647
2218;328
2218;2105
2218;2201
2218;2140
2218;2089
2219;334
2219;1171
2219;1950
2219;244
2219;642
2220;1960
2220;1119
2220;109
2220;1866
2220;2197
2221;444
2221;276
2221;2116
2221;2215
2221;1881
2222;2218
2222;2089
2222;2201
2222;803
2222;328
2223;713
2223;160
2223;303
2223;819
2223;68
2224;497
2224;723
2224;90
2224;2005
2224;2053
2225;1126
2225;1617
2225;297
2225;842
2225;266
2226;860
2226;842
2226;1126
2226;297
2226;2225
2227;478
2227;1750
2227;1837
2227;751
2227;251
2228;658
2228;851
2228;647
2228;1768
2228;979
2229;1642
2229;816
2229;57
2229;641
2229;394
2230;860
2230;1731
2230;2226
2230;842
2230;297
2231;612
2231;1097
2231;1580
2231;869
2231;234
2232;495
2232;429
2232;2101
2232;1618
2232;1452
2233;1726
2233;246
2233;1170
2233;1031
2233;1776
2234;1236
2234;971
2234;95
2234;2182
2234;947
2235;1147
2235;2182
2235;1236
2235;51
2235;1064
2236;1147
2236;2235
2236;2182
2236;1578
2236;1421
2237;1436
2237;1708
2237;2208
2237;1071
2237;584
2238;512
2238;2232
2238;2207
2238;429
2238;495
2239;1308
2239;2204
2239;947
2239;977
2239;95
2240;1994
2240;1624
2240;112
2240;58
2240;1977
2241;2222
2241;2218
2241;328
2241;2089
2241;2201
2242;140
2242;194
2242;2015
2242;2036
2242;1826
2243;1556
2243;829
2243;1988
2243;975
2243;2233
2244;1950
2244;2219
2244;334
2244;642
2244;2190
2245;2223
2245;160
2245;713
2245;303
2245;819
2246;986
2246;1716
2246;735
2246;778
2246;459
2247;530
2247;2190
2247;971
2247;2194
2247;2244
2248;63
2248;1658
2248;2185
2248;2212
2248;1553
2249;1689
2249;2204
2249;2182
2249;2234
2249;1308
2250;824
2250;1419
2250;1024
2250;192
2250;820
2251;1977
2251;1313
2251;840
2251;1229
2251;170
2252;1183
2252;1518
2252;1297
2252;1910
2252;88
2253;1678
2253;730
2253;856
2253;514
2253;807
2254;1081
2254;1161
2254;234
2254;612
2254;1097
2255;68
2255;409
2255;2207
2255;160
2255;570
2256;1791
2256;732
2256;2060
2256;1906
2256;1813
2257;2236
2257;1421
2257;1147
2257;2202
2257;1578
2258;2056
2258;1720
2258;2181
2258;584
2258;1312
2259;2105
2259;1572
2259;2199
2259;1624
2259;328
2260;2184
2260;763
2260;1960
2260;1516
2260;2220
2261;781
2261;348
2261;49
2261;224
2261;742
2262;1959
2262;1378
2262;743
2262;480
2262;237
2263;2136
2263;1448
2263;82
2263;1878
2263;1578
2264;2222
2264;2241
2264;2218
2264;803
2264;2089
2265;2254
2265;1161
2265;612
2265;1097
2265;234
2266;514
2266;730
2266;1678
2266;635
2266;2253
2267;1147
2267;2235
2267;2236
2267;2182
2267;1578
2268;1092
2268;419
2268;1826
2268;2203
2268;1038
2269;874
2269;1866
2269;1090
2269;301
2269;1534
2270;1977
2270;58
2270;1994
2270;2240
2270;1624
2271;2181
2271;1826
2271;2203
2271;1038
2271;2242
2272;1516
2272;2184
2272;2260
2272;1323
2272;1632
2273;2191
2273;2258
2273;2181
2273;2215
2273;276
2274;994
2274;1350
2274;2209
2274;529
2274;1617
2275;1097
2275;2231
2275;612
2275;234
2275;2265
2276;3
2276;2216
2276;2199
2276;1572
2276;1379
2277;2258
2277;2181
2277;2273
2277;2056
2277;2271
2278;1323
2278;1516
2278;626
2278;1632
2278;2272
2279;1910
2279;1390
2279;661
2279;2036
2279;2213
2280;2185
2280;1658
2280;1283
2280;2220
2280;2248
2281;1878
2281;735
2281;1064
2281;51
2281;356
2282;2223
2282;713
2282;2245
2282;303
2282;160
2283;1419
2283;820
2283;2250
2283;1140
2283;824
2284;154
2284;2047
2284;2189
2284;1161
2284;259
2285;1826
2285;1092
2285;419
2285;2268
2285;2203
2286;1352
2286;778
2286;2016
2286;851
2286;1716
2287;1689
2287;2249
2287;2182
2287;2204
2287;2236
2288;891
2288;918
2288;2193
2288;950
2288;1908
2289;338
2289;972
2289;224
2289;1468
2289;1834
2290;2216
2290;3
2290;2276
2290;1379
2290;1359
2291;1850
2291;316
2291;792
2291;1516
2291;2272
2292;429
2292;2238
2292;2232
2292;2191
2292;512
2293;1038
2293;2203
2293;368
2293;1826
2293;1312
2294;235
2294;1917
2294;2258
2294;584
2294;2277
2295;2283
2295;820
2295;2254
2295;2250
2295;1419
2296;2015
2296;2036
2296;2210
2296;1297
2296;140
2297;570
2297;819
2297;1390
2297;2255
2297;194
2298;751
2298;259
2298;2227
2298;1837
2298;1071
2299;1791
2299;732
2299;2256
2299;1813
2299;57
2300;316
2300;659
2300;1850
2300;763
2300;1406
2301;2128
2301;1554
2301;950
2301;302
2301;1908
2302;2230
2302;2256
2302;2060
2302;2206
2302;1810
2303;829
2303;1988
2303;975
2303;2243
2303;1556
2304;2264
2304;2222
2304;2241
2304;2089
2304;803
2305;2204
2305;2249
2305;1689
2305;1308
2305;2239
2306;2301
2306;302
2306;1554
2306;2128
2306;792
2307;1735
2307;647
2307;979
2307;2053
2307;835
2308;103
2308;60
2308;2226
2308;266
2308;1126
2309;2247
2309;530
2309;2190
2309;2244
2309;971
2310;807
2310;2211
2310;1226
2310;2144
2310;2253
2311;763
2311;1406
2311;2300
2311;301
2311;316
2312;743
2312;1378
2312;635
2312;2262
2312;192
2313;2300
2313;659
2313;316
2313;1850
2313;1017
2314;615
2314;2188
2314;1155
2314;500
2314;995
2315;2216
2315;2290
2315;1379
2315;3
2315;1359
2316;2192
2316;2224
2316;497
2316;803
2316;2089
2317;2207
2317;1337
2317;512
2317;409
2317;2245
2318;626
2318;1554
2318;2128
2318;742
2318;1908
2319;419
2319;1092
2319;2268
2319;103
2319;2285
2320;2213
2320;2196
2320;661
2320;2085
2320;1518
2321;2238
2321;2292
2321;512
2321;2207
2321;409
2322;1866
2322;1090
2322;2269
2322;1960
2322;2220
2323;835
2323;2217
2323;2186
2323;979
2323;647
2324;1487
2324;1746
2324;1283
2324;1618
2324;2101
2325;2212
2325;1881
2325;1553
2325;2248
2325;444
2326;1692
2326;836
2326;2264
2326;960
2326;2180
2327;2231
2327;612
2327;2275
2327;1097
2327;1580
2328;2236
2328;2257
2328;1147
2328;2267
2328;1421
2329;2237
2329;1436
2329;1708
2329;1071
2329;2138
2330;1495
2330;1735
2330;2307
2330;1580
2330;658
2331;2284
2331;1161
2331;869
2331;154
2331;1373
2332;2286
2332;1352
2332;2016
2332;851
2332;778
2333;2276
2333;3
2333;2290
2333;2199
2333;1572
2334;2268
2334;1140
2334;743
2334;2312
2334;1378
2335;2294
2335;235
2335;1917
2335;251
2335;584
2336;1312
2336;717
2336;2138
2336;368
2336;2056
2337;1548
2337;2205
2337;1451
2337;2326
2337;1901
2338;626
2338;2318
2338;2278
2338;1554
2338;1323
2339;836
2339;2326
2339;803
2339;2180
2339;2304
2340;2226
2340;860
2340;2308
2340;2183
2340;2262
2341;2238
2341;512
2341;495
2341;2232
2341;2321
2342;751
2342;2298
2342;338
2342;1448
2342;2289
2343;2333
2343;2276
2343;3
2343;2290
2343;2216
2344;2250
2344;2283
2344;2295
2344;1419
2344;824
2345;635
2345;2266
2345;514
2345;480
2345;192
2346;1624
2346;2240
2346;112
2346;1994
2346;2105
2347;1768
2347;2016
2347;851
2347;2195
2347;1936
2348;2190
2348;530
2348;2194
2348;2247
2348;356
2349;1453
2349;840
2349;1313
2349;480
2349;2251
2350;2269
2350;557
2350;1534
2350;1090
2350;2322
2351;2330
2351;1735
2351;1495
2351;2307
2351;2211
2352;2227
2352;1725
2352;256
2352;478
2352;18
2353;334
2353;2219
2353;1171
2353;1950
2353;2244
2354;376
2354;1578
2354;2136
2354;748
2354;1834
2355;97
2355;159
2355;2187
2355;98
2355;173
2356;2276
2356;2333
2356;2343
2356;3
2356;2199
2357;1419
2357;820
2357;2283
2357;1140
2357;2344
2358;2351
2358;1735
2358;2330
2358;2307
2358;1495
2359;2334
2359;1378
2359;743
2359;2312
2359;2268
2360;2229
2360;1642
2360;816
2360;57
2360;641
2361;2189
2361;154
2361;259
2361;2284
2361;2047
2362;194
2362;2255
2362;2242
2362;570
2362;2297
2363;2311
2363;763
2363;2260
2363;1406
2363;2291
2364;1283
2364;2197
2364;2220
2364;1119
2364;109
2365;1857
2365;2085
2365;159
2365;2196
2365;88
2366;2234
2366;1236
2366;2182
2366;971
2366;2235
2367;860
2367;2226
2367;2230
2367;842
2367;2340
2368;2250
2368;2344
2368;1419
2368;2283
2368;2357
2369;57
2369;1229
2369;1642
2369;816
2369;1360
2370;2280
2370;1658
2370;2185
2370;2248
2370;1100
2371;159
2371;1857
2371;97
2371;2365
2371;1637
2372;851
2372;2347
2372;2016
2372;2332
2372;1768
2373;584
2373;2208
2373;2237
2373;1720
2373;1436
2374;615
2374;1764
2374;2314
2374;1865
2374;995
2375;2309
2375;2247
2375;530
2375;2348
2375;2190
2376;803
2376;2316
2376;2089
2376;2192
2376;836
2377;1617
2377;2274
2377;1798
2377;994
2377;1350
2378;1097
2378;2275
2378;2231
2378;2327
2378;612
2379;293
2379;1171
2379;261
2379;334
2379;2353
2380;767
2380;2066
2380;12
2380;398
2380;738
2381;2305
2381;2249
2381;1689
2381;2204
2381;1308
2382;2201
2382;328
2382;2222
2382;2241
2382;2105
2383;2326
2383;2339
2383;2337
2383;836
2383;1692
2384;2263
2384;1448
2384;2136
2384;376
2384;82
2385;751
2385;2298
2385;2342
2385;2227
2385;1837
2386;2237
2386;1436
2386;2373
2386;2329
2386;2208
2387;2251
2387;170
2387;2349
2387;1453
2387;856
2388;2365
2388;2196
2388;1857
2388;2085
2388;159
2389;57
2389;2369
2389;1791
2389;732
2389;2299
2390;2186
2390;2217
2390;1901
2390;2323
2390;2205
2391;2247
2391;2375
2391;2309
2391;530
2391;971
2392;816
2392;1624
2392;1642
2392;1360
2392;2259
2393;2307
2393;1735
2393;647
2393;979
2393;2358
2394;2384
2394;2136
2394;2263
2394;376
2394;2354
2395;2280
2395;2185
2395;2370
2395;1658
2395;63
2396;2204
2396;2239
2396;947
2396;2305
2396;1308
2397;1716
2397;544
2397;2246
2397;1373
2397;986
2398;2324
2398;1487
2398;1618
2398;2116
2398;1100
2399;1487
2399;2324
2399;2398
2399;1452
2399;1618
2400;2258
2400;2056
2400;2277
2400;2181
2400;1720
2401;171
2401;1725
2401;18
2401;1632
2401;1182
2402;2233
2402;246
2402;1776
2402;1726
2402;1170
2403;2276
2403;3
2403;2343
2403;2333
2403;2356
2404;1487
2404;2324
2404;2399
2404;2398
2404;1746
2405;2269
2405;2363
2405;2311
2405;2322
2405;763
2406;2260
2406;2363
2406;1960
2406;2405
2406;2272
2407;2287
2407;1689
2407;2249
2407;2381
2407;2305
2408;2337
2408;2205
2408;2390
2408;1548
2408;1451
2409;1720
2409;2258
2409;2294
2409;2056
2409;584
2410;2273
2410;2277
2410;2292
2410;2321
2410;2181
2411;659
2411;2214
2411;1017
2411;2313
2411;1850
2412;1554
2412;2301
2412;2128
2412;2306
2412;2318
2413;824
2413;1024
2413;2344
2413;234
2413;2250
2414;2361
2414;2189
2414;259
2414;154
2414;2047
2415;2374
2415;1865
2415;1082
2415;2133
2415;1764
2416;713
2416;2223
2416;2282
2416;303
2416;2245
2417;1400
2417;525
2417;1898
2417;34
2417;1185
2418;2273
2418;2410
2418;2191
2418;2215
2418;276
2419;303
2419;2416
2419;713
2419;2223
2419;819
2420;1910
2420;2252
2420;1183
2420;1518
2420;661
2421;570
2421;2297
2421;194
2421;2362
2421;1390
2422;1922
2422;1119
2422;109
2422;1090
2422;1866
2423;2300
2423;2313
2423;316
2423;659
2423;1850
2424;2335
2424;2294
2424;235
2424;1917
2424;2409
2425;2329
2425;2237
2425;1708
2425;1436
2425;2386
2426;1746
2426;1283
2426;1487
2426;2324
2426;2404
2427;2334
2427;1140
2427;2359
2427;2357
2427;1419
2428;2256
2428;2060
2428;2302
2428;2206
2428;2299
2429;1229
2429;2251
2429;1360
2429;1977
2429;57
2430;1878
2430;2281
2430;735
2430;2263
2430;2246
2431;293
2431;261
2431;2379
2431;630
2431;2118
2432;2198
2432;1451
2432;2118
2432;1901
2432;2205
2433;2349
2433;840
2433;1313
2433;2251
2433;1453
2434;2370
2434;1100
2434;2280
2434;1658
2434;2395
2435;2268
2435;419
2435;1092
2435;2319
2435;2334
2436;1768
2436;1936
2436;2347
2436;2372
2436;2195
2437;2257
2437;2354
2437;2328
2437;2236
2437;1578
2438;972
2438;1468
2438;2289
2438;2352
2438;224
2439;2244
2439;2190
2439;1950
2439;459
2439;2309
2440;2015
2440;2296
2440;419
2440;1092
2440;140
2441;194
2441;2421
2441;2362
2441;570
2441;2297
2442;1171
2442;2432
2442;293
2442;2431
2442;2198
2443;869
2443;2331
2443;612
2443;1161
2443;2327
2444;2310
2444;807
2444;2211
2444;1226
2444;514
2445;730
2445;1678
2445;2253
2445;2266
2445;514
2446;2431
2446;630
2446;293
2446;261
2446;2118
2447;2233
2447;2402
2447;1988
2447;2243
2447;829
2448;2418
2448;276
2448;2215
2448;2191
2448;2221
2449;2297
2449;68
2449;2255
2449;570
2449;819
2450;2277
2450;2273
2450;2294
2450;2258
2450;2424
2451;2206
2451;2183
2451;2060
2451;237
2451;2428
2452;1751
2452;1108
2452;670
2452;2187
2452;590
2453;2180
2453;836
2453;2383
2453;2339
2453;2408
2454;334
2454;2219
2454;2353
2454;244
2454;1171
2455;590
2455;670
2455;661
2455;1751
2455;2419
2456;2264
2456;2304
2456;2241
2456;2222
2456;2218
2457;2202
2457;49
2457;918
2457;2288
2457;891
2458;2199
2458;1572
2458;2259
2458;2333
2458;2356
2459;584
2459;2208
2459;2373
2459;2386
2459;2237
2460;842
2460;297
2460;2225
2460;1126
2460;2226
2461;2053
2461;2393
2461;2307
2461;1735
2461;979
2462;2281
2462;1064
2462;51
2462;1878
2462;356
2463;2318
2463;742
2463;1908
2463;2128
2463;950
2464;2258
2464;2400
2464;2277
2464;2409
2464;2181
2465;2191
2465;2448
2465;276
2465;2418
2465;2116
2466;2379
2466;1764
2466;2454
2466;261
2466;293
2467;2417
2467;2287
2467;703
2467;2407
2467;1400
2468;1936
2468;2436
2468;2198
2468;1768
2468;642
2469;972
2469;2438
2469;1468
2469;2289
2469;224
2470;2277
2470;2450
2470;2464
2470;2258
2470;2400
2471;2218
2471;2241
2471;2456
2471;2222
2471;2264
2472;2351
2472;2358
2472;2330
2472;1735
2472;1495
2473;2398
2473;1618
2473;2324
2473;2404
2473;2191
2474;1081
2474;2254
2474;820
2474;1708
2474;2425
2475;2363
2475;2311
2475;2405
2475;763
2475;2406
2476;1583
2476;457
2476;2193
2476;1185
2476;891
2477;60
2477;2209
2477;529
2477;2296
2477;103
2478;735
2478;2246
2478;986
2478;1716
2478;2281
2479;1534
2479;2350
2479;2269
2479;741
2479;557
2480;661
2480;1910
2480;2279
2480;2213
2480;2420
2481;2206
2481;2183
2481;2451
2481;2060
2481;860
2482;2218
2482;328
2482;2471
2482;2241
2482;2382
2483;2364
2483;2280
2483;2220
2483;1283
2483;2395
2484;2393
2484;647
2484;2307
2484;979
2484;658
2485;860
2485;2230
2485;2367
2485;2302
2485;2481
2486;2408
2486;2453
2486;2337
2486;2390
2486;2205
2487;1182
2487;2215
2487;2212
2487;444
2487;18
2488;2376
2488;2316
2488;803
2488;2192
2488;2089
2489;2271
2489;2181
2489;2242
2489;1826
2489;2285
2490;2053
2490;2461
2490;1735
2490;2224
2490;2307
2491;2242
2491;140
2491;2285
2491;2015
2491;2440
2492;235
2492;158
2492;251
2492;1917
2492;2335
2493;2193
2493;891
2493;1137
2493;2476
2493;2200
2494;2277
2494;2470
2494;2181
2494;2464
2494;2450
2495;2383
2495;2453
2495;2486
2495;2326
2495;2339
2496;612
2496;2327
2496;2231
2496;2275
2496;2265
2497;1708
2497;2425
2497;2329
2497;1436
2497;1071
2498;1580
2498;869
2498;1373
2498;2443
2498;2286
2499;2277
2499;2494
2499;2464
2499;2470
2499;2258
2500;1764
2500;2374
2500;2415
2500;2133
2500;2466
2501;2476
2501;2193
2501;1583
2501;457
2501;891
2502;2401
2502;171
2502;2325
2502;2212
2502;1632
2503;2451
2503;2060
2503;2206
2503;2183
2503;237
2504;1960
2504;1866
2504;2220
2504;2322
2504;2422
2505;49
2505;2457
2505;2261
2505;918
2505;781
2506;2502
2506;2325
2506;2212
2506;2248
2506;63
2507;2191
2507;429
2507;2465
2507;2292
2507;2232
2508;235
2508;2335
2508;2492
2508;2424
2508;1917
2509;2189
2509;259
2509;2361
2509;2414
2509;154
2510;2341
2510;1629
2510;495
2510;2238
2510;2317
2511;2431
2511;293
2511;2446
2511;261
2511;2442
2512;2486
2512;2408
2512;2390
2512;2453
2512;2337
2513;2116
2513;276
2513;2221
2513;2465
2513;2191
2514;2337
2514;2408
2514;2383
2514;2495
2514;2486
2515;874
2515;301
2515;1534
2515;2479
2515;2269
2516;2418
2516;2448
2516;2273
2516;2450
2516;2465
2517;2512
2517;2486
2517;2390
2517;2408
2517;2205
2518;2450
2518;2294
2518;2424
2518;2470
2518;2335
2519;2250
2519;192
2519;2368
2519;2344
2519;824
2520;2225
2520;1617
2520;2377
2520;297
2520;2460
2521;2448
2521;2465
2521;276
2521;2418
2521;2516
2522;2005
2522;90
2522;723
2522;2144
2522;497
2523;2365
2523;2085
2523;1857
2523;2388
2523;159
2524;2468
2524;2198
2524;1171
2524;2442
2524;1936
2525;2287
2525;2407
2525;2328
2525;1689
2525;2249
2526;2398
2526;2324
2526;2404
2526;1487
2526;2473
2527;34
2527;1185
2527;457
2527;1583
2527;525
2528;2398
2528;2324
2528;2434
2528;2526
2528;1487
2529;2060
2529;2451
2529;2428
2529;2206
2529;2503
2530;2398
2530;2528
2530;2434
2530;2473
2530;2116
2531;160
2531;68
2531;2245
2531;2449
2531;2223
2532;2300
2532;2423
2532;2313
2532;316
2532;659
2533;647
2533;2484
2533;979
2533;2393
2533;2307
2534;1419
2534;2357
2534;2283
2534;2368
2534;2250
2535;2239
2535;947
2535;977
2535;2396
2535;1308
2536;2200
2536;1137
2536;510
2536;302
2536;2306
2537;2308
2537;1126
2537;2226
2537;266
2537;60
2538;2294
2538;2518
2538;2424
2538;2335
2538;2450
2539;2279
2539;2480
2539;1910
2539;2420
2539;1390
2540;2220
2540;1960
2540;2184
2540;2406
2540;2185
2541;590
2541;670
2541;2455
2541;1751
2541;2452
2542;456
2542;1837
2542;1750
2542;1071
2542;2298
2543;2292
2543;2507
2543;429
2543;2191
2543;2321
2544;2502
2544;18
2544;2401
2544;2506
2544;1725
2545;2519
2545;2250
2545;2344
2545;824
2545;2413
2546;251
2546;478
2546;158
2546;1917
2546;2492
2547;2498
2547;1580
2547;869
2547;2443
2547;1373
2548;2265
2548;2496
2548;2254
2548;2275
2548;612
2549;2187
2549;1108
2549;2452
2549;2355
2549;1751
2550;977
2550;1155
2550;2535
2550;947
2550;95
2551;2471
2551;2482
2551;2218
2551;328
2551;2241
2552;2224
2552;2053
2552;2490
2552;2316
2552;497
2553;1350
2553;2209
2553;2210
2553;994
2553;738
2554;2323
2554;835
2554;2217
2554;979
2554;2390
2555;2214
2555;2411
2555;1017
2555;302
2555;659
2556;2489
2556;2271
2556;2242
2556;1826
2556;2285
2557;2434
2557;1100
2557;2370
2557;1658
2557;2530
2558;2456
2558;2264
2558;2304
2558;2241
2558;2471
2559;2539
2559;2279
2559;2036
2559;1390
2559;2480
2560;2466
2560;1764
2560;2379
2560;2500
2560;2454
2561;2519
2561;2368
2561;192
2561;635
2561;2250
2562;2319
2562;419
2562;1092
2562;103
2562;2435
2563;1988
2563;829
2563;500
2563;2303
2563;137
2564;2182
2564;2366
2564;2249
2564;1689
2564;2525
2565;495
2565;2232
2565;2341
2565;2101
2565;2238
2566;2467
2566;2287
2566;2407
2566;2417
2566;703
2567;2231
2567;2327
2567;2378
2567;1097
2567;2275
2568;2306
2568;302
2568;2301
2568;2555
2568;2412
2569;1959
2569;2262
2569;237
2569;480
2569;840
2570;348
2570;781
2570;2261
2570;742
2570;224
2571;1100
2571;2116
2571;2557
2571;1553
2571;2221
2572;2421
2572;2441
2572;194
2572;1390
2572;570
2573;266
2573;60
2573;529
2573;2209
2573;994
2574;1081
2574;1708
2574;154
2574;2497
2574;2361
2575;2258
2575;2464
2575;2538
2575;2277
2575;2470
2576;626
2576;1323
2576;2278
2576;2338
2576;1554
2577;1950
2577;642
2577;2439
2577;2195
2577;2244
2578;2398
2578;2530
2578;2528
2578;2526
2578;2324
2579;2136
2579;1578
2579;1147
2579;2354
2579;2394
2580;751
2580;1448
2580;259
2580;2298
2580;2509
2581;2296
2581;1297
2581;2210
2581;2036
2581;1183
2582;1421
2582;2525
2582;2328
2582;2257
2582;1185
2583;2582
2583;2525
2583;2287
2583;1421
2583;2407
2584;2105
2584;328
2584;2382
2584;2259
2584;2482
2585;819
2585;2297
2585;570
2585;2419
2585;2449
2586;713
2586;303
2586;2416
2586;2282
2586;2419
2587;2551
2587;2482
2587;328
2587;2218
2587;2471
2588;743
2588;2312
2588;1378
2588;2359
2588;2262
2589;2377
2589;2274
2589;398
2589;1798
2589;12
2590;2016
2590;2195
2590;2577
2590;642
2590;2332
2591;860
2591;2485
2591;2367
2591;2481
2591;2226
2592;2427
2592;2334
2592;2359
2592;743
2592;1140
2593;2498
2593;2547
2593;1580
2593;658
2593;2286
2594;2264
2594;2558
2594;2456
2594;2304
2594;2339
2595;2499
2595;2494
2595;2277
2595;2181
2595;2464
2596;1901
2596;2198
2596;1451
2596;2390
2596;2186
2597;2443
2597;1161
2597;2496
2597;2331
2597;869
2598;2359
2598;2319
2598;1378
2598;103
2598;2435
2599;2334
2599;2359
2599;2592
2599;2427
2599;2435
2600;2373
2600;2459
2600;584
2600;2208
2600;2386
2601;2295
2601;2344
2601;2283
2601;2413
2601;2250
2602;2484
2602;2533
2602;2307
2602;2393
2602;647
2603;2345
2603;635
2603;2266
2603;514
2603;192
2604;2249
2604;2305
2604;1689
2604;2564
2604;2204
2605;2518
2605;2538
2605;2450
2605;2470
2605;2575
2606;748
2606;1834
2606;338
2606;49
2606;376
2607;1421
2607;1185
2607;2582
2607;1898
2607;34
2608;819
2608;2585
2608;2297
2608;570
2608;2449
2609;2367
2609;2230
2609;860
2609;2226
2609;842
2610;2394
2610;2136
2610;376
2610;1578
2610;2354
2611;2425
2611;2138
2611;2329
2611;2474
2611;717
2612;1350
2612;738
2612;12
2612;2589
2612;2553
2613;2379
2613;2466
2613;2560
2613;261
2613;2431
2614;2181
2614;2271
2614;2595
2614;2489
2614;2494
2615;261
2615;2431
2615;293
2615;2511
2615;2446
2616;2596
2616;1901
2616;2198
2616;1451
2616;2432
2617;2528
2617;2578
2617;2324
2617;2398
2617;2530
2618;2446
2618;2511
2618;2431
2618;293
2618;2615
2619;2379
2619;2466
2619;2454
2619;2613
2619;2560
2620;2262
2620;1378
2620;2588
2620;743
2620;2312
2621;2313
2621;659
2621;2423
2621;2300
2621;2532
2622;1764
2622;2500
2622;2560
2622;2466
2622;2374
2623;2333
2623;2343
2623;2356
2623;2458
2623;2199
2624;2207
2624;409
2624;2317
2624;2531
2624;512
2625;2473
2625;2191
2625;2513
2625;2530
2625;2398
2626;2625
2626;2191
2626;2473
2626;2507
2626;429
2627;2624
2627;2207
2627;409
2627;512
2627;2317
2628;2256
2628;2428
2628;2299
2628;1791
2628;2529
2629;2322
2629;2405
2629;2269
2629;1866
2629;2406
2630;2226
2630;2537
2630;842
2630;1126
2630;2460
2631;2519
2631;2545
2631;2250
2631;2561
2631;192
2632;544
2632;1373
2632;82
2632;2397
2632;2047
2633;2399
2633;2404
2633;2526
2633;1487
2633;2324
2634;792
2634;2411
2634;659
2634;2555
2634;1850
2635;171
2635;2401
2635;1725
2635;2438
2635;18
2636;2507
2636;2191
2636;2543
2636;2465
2636;2521
2637;1977
2637;2270
2637;1360
2637;58
2637;1994
2638;158
2638;256
2638;478
2638;1182
2638;2492
2639;2489
2639;2556
2639;2242
2639;2271
2639;2362
2640;2245
2640;2317
2640;2624
2640;2531
2640;2223
2641;2343
2641;2333
2641;2623
2641;2276
2641;3
2642;2243
2642;1556
2642;829
2642;1988
2642;2303
2643;2497
2643;1708
2643;2425
2643;2329
2643;1436
2644;1452
2644;2101
2644;1618
2644;2633
2644;495
2645;717
2645;2336
2645;2138
2645;1312
2645;1720
2646;2467
2646;2566
2646;2417
2646;2583
2646;1400
2647;1638
2647;112
2647;2201
2647;1994
2647;58
2648;1578
2648;1147
2648;2579
2648;2267
2648;2136
2649;1155
2649;2535
2649;2550
2649;2239
2649;2314
2650;1977
2650;2637
2650;2270
2650;58
2650;2429
2651;2328
2651;2582
2651;2525
2651;2583
2651;2257
2652;2211
2652;2310
2652;807
2652;1226
2652;2444
2653;1534
2653;2479
2653;2515
2653;741
2653;2350
2654;2140
2654;2558
2654;2456
2654;2594
2654;2264
2655;302
2655;510
2655;2536
2655;2200
2655;1137
2656;635
2656;2603
2656;2345
2656;514
2656;2266
2657;2292
2657;2238
2657;2321
2657;2543
2657;429
2658;2516
2658;2424
2658;2492
2658;2335
2658;2508
2659;2654
2659;2594
2659;1692
2659;2558
2659;2456
2660;2255
2660;409
2660;2321
2660;68
2660;2207
2661;971
2661;356
2661;51
2661;530
2661;1064
2662;2409
2662;1720
2662;2373
2662;584
2662;2056
2663;2402
2663;1776
2663;2233
2663;1865
2663;246
2664;626
2664;2338
2664;2576
2664;2278
2664;2318
2665;2229
2665;2360
2665;1642
2665;816
2665;2392
2666;2383
2666;2514
2666;2495
2666;2326
2666;2337
2667;1171
2667;334
2667;2353
2667;2454
2667;2219
2668;2381
2668;2305
2668;1689
2668;2249
2668;2604
2669;2281
2669;2462
2669;1878
2669;1064
2669;735
2670;2532
2670;2300
2670;1406
2670;2423
2670;763
2671;2661
2671;356
2671;51
2671;1064
2671;2194
2672;1632
2672;2278
2672;171
2672;2664
2672;626
2673;2418
2673;2273
2673;2516
2673;2448
2673;2450
2674;2562
2674;103
2674;2319
2674;60
2674;2598
2675;647
2675;2533
2675;2228
2675;979
2675;1768
2676;1161
2676;2597
2676;2331
2676;2443
2676;2496
2677;2634
2677;792
2677;2411
2677;1850
2677;659
2678;2586
2678;713
2678;303
2678;2416
2678;2282
2679;803
2679;2089
2679;2376
2679;2304
2679;2488
2680;2528
2680;2617
2680;2578
2680;2530
2680;2398
2681;2274
2681;994
2681;1350
2681;2377
2681;2612
2682;2455
2682;2419
2682;303
2682;590
2682;2541
2683;1236
2683;971
2683;2234
2683;2661
2683;2366
2684;2660
2684;409
2684;2255
2684;68
2684;2207
2685;2312
2685;743
2685;2588
2685;1378
2685;2561
2686;2562
2686;2319
2686;2674
2686;419
2686;1092
2687;2633
2687;2526
2687;2399
2687;2404
2687;1487
2688;303
2688;2678
2688;2586
2688;713
2688;2416
2689;2660
2689;2684
2689;2321
2689;2255
2689;409
2690;891
2690;2288
2690;2493
2690;2193
2690;918
2691;2356
2691;2403
2691;2276
2691;1177
2691;2623
2692;2308
2692;2340
2692;2537
2692;103
2692;2598
2693;2408
2693;2486
2693;2512
2693;2337
2693;2517
2694;2570
2694;348
2694;781
2694;742
2694;2261
2695;2602
2695;2484
2695;658
2695;2330
2695;2533
2696;860
2696;2367
2696;2591
2696;2485
2696;2609
2697;2574
2697;154
2697;2361
2697;2189
2697;2414
2698;140
2698;2015
2698;2036
2698;2491
2698;2242
2699;1826
2699;2203
2699;1038
2699;2293
2699;2285
2700;2236
2700;2328
2700;2651
2700;1147
2700;2267
2701;2646
2701;2467
2701;2566
2701;2417
2701;1400
2702;2578
2702;2680
2702;2528
2702;2617
2702;2398
2703;2503
2703;2060
2703;2451
2703;2529
2703;2206
2704;2454
2704;244
2704;2619
2704;334
2704;2219
2705;2427
2705;2534
2705;2592
2705;2368
2705;2357
2706;2652
2706;2211
2706;1495
2706;2310
2706;807
2707;529
2707;2573
2707;266
2707;2209
2707;994
2708;2685
2708;2312
2708;743
2708;2561
2708;2588
2709;1421
2709;2607
2709;1185
2709;1583
2709;457
2710;2297
2710;2449
2710;570
2710;2421
2710;819
2711;2546
2711;251
2711;1750
2711;1837
2711;478
2712;2128
2712;2412
2712;2301
2712;1554
2712;950
2713;2465
2713;2191
2713;2521
2713;2513
2713;276
2714;2543
2714;2292
2714;2636
2714;2507
2714;2657
2715;2466
2715;2560
2715;2619
2715;2704
2715;995
2716;235
2716;2508
2716;2335
2716;2424
2716;2294
2717;2358
2717;2472
2717;2351
2717;1735
2717;2144
2718;194
2718;2362
2718;2639
2718;2242
2718;2441
2719;2340
2719;2226
2719;2367
2719;860
2719;2591
2720;2269
2720;2350
2720;2479
2720;2653
2720;2515
2721;2385
2721;2227
2721;2289
2721;2342
2721;2469
2722;2635
2722;171
2722;2401
2722;1725
2722;2438
2723;2535
2723;947
2723;2239
2723;977
2723;2550
2724;2624
2724;2627
2724;2531
2724;68
2724;2207
2725;2270
2725;1977
2725;58
2725;2650
2725;1994
2726;1313
2726;840
2726;2433
2726;237
2726;2503
2727;137
2727;2303
2727;2668
2727;1232
2727;2381
2728;2350
2728;2720
2728;2269
2728;2479
2728;1090
2729;2569
2729;1959
2729;2262
2729;237
2729;2620
2730;2645
2730;1720
2730;717
2730;2138
2730;2373
2731;2619
2731;2715
2731;2704
2731;2466
2731;2560
2732;1487
2732;2324
2732;2404
2732;2687
2732;2526
2733;2585
2733;570
2733;819
2733;2297
2733;2608
2734;2432
2734;2118
2734;2511
2734;2446
2734;1451
2735;2377
2735;2589
2735;2520
2735;1617
2735;2681
2736;2394
2736;2610
2736;376
2736;2136
2736;2384
2737;2604
2737;2305
2737;2249
2737;2366
2737;2564
2738;1708
2738;2643
2738;2497
2738;2574
2738;2697
2739;2593
2739;2498
2739;2547
2739;1580
2739;2286
2740;2554
2740;2323
2740;835
2740;2217
2740;2390
2741;1580
2741;658
2741;2593
2741;2739
2741;2498
2742;1161
2742;2265
2742;2676
2742;2254
2742;1081
2743;2509
2743;1071
2743;259
2743;2189
2743;2542
2744;297
2744;2460
2744;842
2744;2609
2744;2225
2745;2234
2745;95
2745;2737
2745;947
2745;2396
2746;751
2746;2580
2746;2342
2746;2298
2746;2385
2747;2742
2747;1161
2747;1081
2747;2676
2747;2597
2748;256
2748;1182
2748;2638
2748;18
2748;1725
2749;90
2749;2522
2749;2005
2749;723
2749;497
2750;2612
2750;12
2750;738
2750;767
2750;1350
2751;2635
2751;171
2751;2722
2751;2664
2751;2338
2752;2229
2752;2665
2752;2360
2752;1642
2752;2392
2753;2445
2753;730
2753;1678
2753;2266
2753;2253
2754;2250
2754;2631
2754;2519
2754;2545
2754;2368
2755;2461
2755;2053
2755;2393
2755;2307
2755;2490
2756;851
2756;2372
2756;2347
2756;2228
2756;2675
2757;2339
2757;836
2757;2180
2757;2326
2757;803
2758;2317
2758;2627
2758;2624
2758;2207
2758;512
2759;2486
2759;2512
2759;2453
2759;2693
2759;2517
2760;2227
2760;2385
2760;2721
2760;2298
2760;2342
2761;792
2761;1323
2761;2576
2761;1554
2761;2677
2762;2338
2762;2318
2762;2751
2762;2664
2762;626
2763;2227
2763;2760
2763;2711
2763;2385
2763;1750
2764;2340
2764;2719
2764;2692
2764;2729
2764;2308
2765;2715
2765;2731
2765;2466
2765;2619
2765;2704
2766;1390
2766;2036
2766;2559
2766;2572
2766;2539
2767;34
2767;2527
2767;1185
2767;1898
2767;525
2768;2296
2768;2581
2768;2036
2768;2015
2768;2210
2769;2672
2769;1632
2769;171
2769;2278
2769;2664
2770;2591
2770;2481
2770;2485
2770;860
2770;2696
2771;194
2771;2718
2771;2242
2771;2441
2771;140
2772;237
2772;1313
2772;2503
2772;840
2772;2726
2773;2397
2773;544
2773;2632
2773;1373
2773;2246
2774;2189
2774;2361
2774;2509
2774;2414
2774;259
2775;2269
2775;2720
2775;2405
2775;2629
2775;2322
2776;2242
2776;2639
2776;2718
2776;2771
2776;2556
2777;1768
2777;2436
2777;2347
2777;1936
2777;2195
2778;2733
2778;1390
2778;2279
2778;2766
2778;2539
2779;2221
2779;2215
2779;444
2779;276
2779;2116
