4.36102;13.6221
7.1767;8.83435
7.74217;1.79857
4.67684;3.99744
4.61287;6.44966
2.50968;10.2254
4.07399;10.0909
1.92019;7.27078
8.36756;5.43185
7.28902;2.25401
5.35726;16.3805
6.85643;14.5393
5.5529;2.43385
7.22927;10.9504
3.41778;2.21375
5.19692;15.5576
7.91793;6.74723
3.19597;13.3202
4.2729;15.7456
8.65882;17.7715
2.09764;4.33699
4.9985;12.3433
7.21395;13.8374
0.807019;13.163
0.634615;16.1921
7.70852;11.9838
7.2863;11.1299
4.26154;7.67842
6.78187;4.98162
0.314385;2.39932
3.59768;11.0226
8.97846;5.03123
8.88492;6.34886
0.175717;8.31564
2.04724;17.6691
4.0436;8.28976
2.00303;0.0841896
1.31651;0.433963
6.96079;4.24705
6.79849;15.1908
1.21957;11.014
4.58728;17.0117
2.07196;17.6976
3.34508;17.7077
2.33963;7.31893
1.05349;11.8746
0.17077;2.0639
8.45292;0.111378
4.20638;17.2573
4.21351;12.5072
8.46318;16.5142
1.3985;2.93243
8.2992;5.43002
1.68319;12.52
4.83854;16.9634
4.85539;12.1162
4.9887;0.885329
5.56398;14.1213
0.291479;17.8181
6.91449;5.26221
3.56853;15.936
8.56841;7.4786
8.99993;16.0427
3.79499;8.41261
7.64998;16.017
1.45993;14.2263
7.2656;5.71686
8.57937;13.1296
5.57344;2.52514
3.82479;2.82396
0.744257;17.3603
7.47009;11.4659
0.122838;8.06814
3.79361;0.828634
3.94313;3.41619
3.04542;15.0233
0.676073;5.22767
2.25096;1.352
1.63518;12.0919
4.8823;0.570317
5.05445;12.6845
7.39832;6.64011
0.20066;13.9554
0.884856;11.5482
8.24026;9.41929
7.18608;17.969
4.38982;11.3123
5.71747;9.02531
0.690237;1.02216
4.92697;9.26674
2.21918;15.9448
3.14503;5.7905
1.58623;10.792
3.57125;6.44281
2.44194;16.9071
3.50657;14.9928
5.79578;3.80977
1.81645;11.9929
8.88258;5.40261
2.77054;16.2457
7.41095;1.91325
8.10736;5.60153
6.61279;9.64967
7.31342;14.6061
5.33592;6.48078
2.9364;15.1102
2.21278;12.1629
1.45034;7.59803
2.47742;10.0432
7.02042;9.83873
4.47515;3.05397
3.41576;2.54186
3.43187;10.4644
7.26737;6.6289
7.93351;2.07584
2.43729;12.6889
1.99454;3.0893
0.145216;17.2147
6.36948;14.9173
6.91037;5.4108
1.69902;1.69353
1.26049;7.82361
6.92819;5.42167
7.71082;0.811231
7.73243;11.4625
5.32498;6.41515
7.25822;17.4815
4.4785;3.38019
4.97294;5.49175
5.00454;7.8129
3.78379;14.8837
1.2509;11.5567
8.98648;2.79224
5.38567;12.7119
8.85475;6.59208
0.0613657;3.10755
4.1428;2.64372
5.46558;4.14199
4.03269;8.3528
2.47661;5.53024
0.907642;15.6032
5.9727;16.3317
7.54233;2.9024
0.855961;7.03054
4.19708;11.721
7.42172;15.9617
4.30234;17.3452
4.75921;8.57763
1.06874;2.28976
1.64478;1.84698
4.44092;3.4123
2.47727;17.1674
3.02801;15.8857
1.65472;14.1214
3.11925;8.26267
0.825822;8.05379
2.93293;13.597
3.19276;2.95051
8.24972;8.09744
4.99053;6.89358
0.909225;6.8245
2.42766;10.4231
3.08487;14.3737
0.500378;8.30722
8.33175;4.29032
5.0771;7.54534
3.85131;15.1087
3.35639;13.7586
6.49722;10.0222
4.94002;1.23295
0.142443;11.5317
4.64337;6.15074
3.56436;15.6723
4.55063;5.62815
2.88485;1.08231
6.26086;7.58816
3.9534;17.3771
0.00563809;14.0765
6.8754;1.01203
2.19188;12.4143
2.65118;14.538
0.979813;13.005
5.82335;8.67241
4.38181;6.64115
0.347314;0.643646
3.93705;0.979515
6.08766;17.1608
3.56513;1.30404
7.41655;16.2315
3.46609;2.6028
8.65691;1.45392
5.09548;7.22061
0.415484;10.2022
1.64858;14.5818
5.60713;7.68093
4.49802;16.5166
2.10945;10.9557
5.7608;15.8656
0.81404;2.2852
2.25338;2.32271
1.46442;12.3809
1.65111;15.1042
5.77084;10.4325
8.20411;8.37478
4.33199;5.3404
5.48879;7.97779
3.39716;3.16854
7.5992;7.62528
6.68538;0.495566
2.10352;6.58503
4.08825;13.2031
2.55082;12.3954
3.07938;16.6232
5.1305;7.78685
0.454221;14.7677
5.05478;3.83729
4.5743;13.4118
0.470733;2.69029
2.92213;17.3497
5.53254;14.5082
2.34504;4.04266
2.24302;11.4844
3.6056;1.68444
0.55484;2.58196
1.09;5.31672
4.5835;10.3565
0.259909;14.2686
2.37594;6.67858
6.44594;15.0129
7.23272;13.8003
5.89031;6.57499
8.81881;2.92922
0.993385;0.579079
2.80975;7.83103
8.96438;16.6846
2.16963;4.61884
1.36362;8.8253
8.05162;9.93844
5.25487;17.2129
6.2602;12.6897
2.26482;3.6874
2.52312;5.04945
8.97802;9.79811
5.86402;12.8479
3.40549;8.19347
4.32412;0.591601
7.38423;8.28586
1.76041;16.7552
4.43247;9.14033
3.29313;8.79369
3.91246;10.9255
6.70627;10.5522
0.875413;11.5158
1.2453;12.2606
5.36434;15.011
3.47515;15.2583
0.349195;11.9965
1.15389;0.654429
1.89732;14.0358
6.75117;10.6056
2.11464;4.15059
5.59861;0.997742
6.21822;14.718
8.87649;3.30138
2.92919;6.33923
6.04754;13.6833
8.63238;7.50761
3.11772;1.01559
0.511685;8.72604
6.63807;11.752
2.86852;2.22644
4.50518;6.43543
7.11149;11.3181
3.54493;0.0176107
3.67697;2.5922
5.31162;11.5832
3.3714;3.82045
6.29048;1.17924
0.269249;12.3339
2.24031;6.39687
0.336585;16.5757
1.04008;17.9379
3.04165;8.31561
0.476758;7.10667
8.52082;14.2297
0.429358;4.77868
8.22805;9.86908
5.60705;12.6791
1.59361;0.303962
6.34835;10.5412
1.44808;5.31992
2.06219;9.63896
4.57019;16.7053
5.4091;9.67887
5.51964;15.2988
8.03787;11.7124
6.93726;0.155905
5.82519;1.95781
4.23576;12.6039
4.53224;7.51316
4.41678;9.9232
6.14592;7.28966
0.896139;5.50595
0.984372;4.97949
2.90495;14.6654
7.76032;8.70607
0.992679;1.64502
0.172516;11.1257
0.175178;11.1632
1.4023;11.3896
4.23102;0.880351
2.55104;4.33656
0.518128;16.7525
3.14719;9.50777
5.67817;15.3589
8.51046;2.1899
3.64103;11.3128
4.73978;9.07433
8.40936;11.4483
7.02691;4.62862
4.05687;11.5745
6.66735;10.0991
6.60974;13.6797
1.61242;13.5698
3.42148;6.02944
3.47974;15.305
3.4549;12.0615
0.820781;7.94605
5.407;7.93593
8.72691;4.17035
2.64739;16.4747
3.18013;12.5768
4.89376;15.8398
1.82559;8.60623
4.64407;17.705
6.61742;17.4019
5.63973;8.56954
4.75049;6.49894
2.12464;12.7258
1.03439;11.0922
0.377635;9.02825
4.19861;7.66507
1.5449;10.0388
7.80556;13.9038
8.98736;15.0649
0.0370798;5.26952
6.76984;6.43442
8.92318;5.3272
2.13712;3.49754
6.96671;13.5624
1.60127;9.16827
6.48213;14.482
8.86891;4.46525
1.49047;3.98709
8.59554;5.04972
7.53966;17.9463
7.03899;5.47654
3.80571;17.1678
7.75767;5.22253
6.53579;15.4901
1.14373;13.1457
1.37979;15.8272
0.790078;2.60594
1.57717;5.8544
3.05174;17.0878
0.708389;9.30601
4.12802;14.381
2.894;7.99386
0.423145;8.76895
5.99047;0.0373661
6.90934;9.06026
8.99186;9.89665
7.2684;7.59512
4.53221;12.0521
6.40883;4.136
4.7711;15.1051
8.64087;12.3018
6.46613;0.861898
7.45386;16.0866
3.35815;3.01119
7.58719;8.13307
6.1586;5.43043
2.25706;0.105205
6.71215;5.3604
4.43708;7.40524
2.69889;4.69283
8.23275;5.38148
7.29474;13.0023
6.4883;5.6539
3.52722;7.79426
4.89495;16.5967
2.44969;9.07164
5.44922;17.8316
4.96677;7.80615
7.95913;16.6498
5.40867;13.0927
3.39145;5.13453
0.261541;11.297
2.61987;13.9474
8.32871;14.1139
1.67631;4.0552
0.403359;1.81811
4.71834;15.3962
7.41021;4.41328
1.52505;3.87487
6.10377;12.84
1.23576;17.1069
1.95581;13.37
8.46928;13.8452
1.58805;14.8568
6.2475;13.9934
4.97474;1.27791
0.56398;10.4726
6.28746;6.36769
3.20997;11.2324
1.24079;9.77254
7.64377;3.2883
5.79533;6.72423
0.342249;8.41107
5.56876;3.73459
6.14297;5.34505
8.28729;14.7575
2.22598;2.4862
5.06371;3.39053
8.16568;13.3035
0.123677;10.8264
4.64847;10.1968
6.05214;10.4249
1.33469;6.6792
8.3963;9.08931
8.95578;1.27419
0.430928;15.1991
2.28125;12.4525
1.96166;5.24699
1.43179;15.0608
4.49079;15.1495
1.20295;7.55616
5.95349;6.85787
5.02118;4.03441
5.1242;8.37373
8.66896;10.4958
0.600048;8.63487
1.34629;13.3044
0.529892;5.36196
0.991783;17.8524
7.22564;1.89512
0.56329;15.3131
8.54711;5.68907
4.88282;3.01755
5.46803;12.6292
0.0391959;1.91764
4.88937;2.48429
4.7369;3.68573
4.67108;1.51616
3.86007;1.59055
4.94494;7.05806
6.04315;11.09
7.84647;14.7789
3.19717;16.7527
1.07042;8.37791
8.30256;16.5921
5.13652;17.7317
6.95262;9.36725
2.71038;5.67088
6.1924;16.3568
0.150052;12.4632
0.137234;10.0788
7.47374;9.74826
6.88229;6.28963
5.63221;3.48472
3.94009;3.1543
5.27139;1.96649
7.12214;8.23572
8.37268;2.63863
3.49422;0.886204
5.50827;5.59356
8.73916;3.28957
2.66262;13.3836
6.32841;10.746
0.527223;7.04162
4.55142;1.35455
0.752408;9.37731
5.7167;16.4523
0.562786;7.19798
2.37096;12.39
5.34135;12.6221
7.77215;3.22549
7.2943;11.7886
5.73061;13.334
7.2136;0.449656
7.11008;7.44375
3.02161;13.6985
5.36666;11.3685
4.54102;5.39015
2.05724;10.1365
6.21589;13.2173
5.74552;13.9366
2.29731;4.92445
6.19444;5.7202
6.06121;17.1308
0.0550939;4.80513
5.87647;15.6545
4.01531;8.34153
4.72153;1.49183
1.83775;5.87027
0.970743;17.8957
6.65701;7.9847
6.79708;6.04735
0.676581;4.6762
5.71875;5.46764
7.40635;5.86927
0.34248;8.30375
0.902932;5.27959
6.6141;14.1948
5.49989;7.35062
6.66279;11.11
6.07788;7.0785
4.38223;2.18638
7.71002;0.207512
1.8391;1.09553
3.03889;5.61969
0.495599;1.3918
6.80219;14.5854
3.71957;14.9576
0.630777;0.876641
1.2126;16.0743
3.37296;3.11015
3.189;8.55178
4.19487;1.60619
2.37326;1.38952
4.47841;0.0721001
6.24974;3.11257
3.5753;3.26394
2.64947;4.57064
1.73573;8.97715
2.83308;9.54923
7.29842;6.65737
5.47052;10.2012
1.62136;0.380177
3.57939;4.50427
0.628409;9.58398
1.28926;8.00273
6.34707;8.95652
8.27725;3.08387
5.28136;3.30104
2.23669;1.51954
1.68657;16.9729
2.31606;10.5237
1.11841;9.93106
7.54719;5.70827
0.454108;2.76055
7.62875;15.5051
4.70896;8.19854
3.85315;12.6606
4.28936;14.8651
8.58245;9.83554
3.22453;1.74343
8.91913;1.14319
5.34998;16.3928
2.11353;3.26268
0.846906;8.70045
2.39111;5.06695
3.83667;9.41433
7.79535;9.91015
0.672693;12.6851
7.80921;2.2536
7.72281;12.8759
8.87933;6.86354
1.53724;7.46496
0.762086;11.6532
2.16502;0.689079
1.74436;10.7791
1.21626;3.32699
5.96115;13.1325
0.859883;16.1494
8.19757;3.41358
3.4249;3.17736
4.24027;14.5231
6.29584;6.07122
3.21665;13.9371
0.378147;4.05171
8.09534;16.2019
8.46382;15.9493
2.53273;2.00212
2.70715;6.58962
6.82766;9.74433
3.63935;17.144
1.26172;9.71121
1.23551;14.4457
2.42184;4.19079
6.29754;3.23882
3.80219;1.4449
3.20809;16.0849
7.98402;1.00786
2.07806;4.40133
7.47247;4.91242
4.22652;13.1356
1.55717;7.38069
5.54247;8.17978
4.6914;16.4992
7.3847;5.03812
4.12178;4.04811
2.09108;10.767
6.87966;6.65318
3.60636;0.603003
5.42199;1.80781
1.92091;0.448346
1.62635;10.258
8.26662;1.22074
5.63294;2.68937
2.81103;8.2108
3.8009;14.0751
1.6732;10.7161
1.7279;14.4313
0.447956;12.8386
6.46528;15.6653
8.93836;3.17413
0.856714;4.05887
6.97056;15.4728
5.35603;3.15384
8.03788;3.55603
2.48082;1.91758
2.00219;8.21435
6.0878;2.53762
4.71755;5.44146
2.6135;15.0572
6.82613;12.8288
5.56613;16.9987
2.77246;14.5881
6.715;6.44083
4.71333;8.36058
2.05308;9.30338
5.76735;5.81958
6.68113;7.47582
1.64617;6.07431
5.31483;1.36809
4.81517;15.5913
1.64283;13.6347
2.90283;15.4613
8.08617;15.2407
1.45136;3.39934
6.14895;16.555
8.11407;5.43017
7.77683;3.77306
1.00911;10.9837
5.10695;11.4449
0.672122;14.32
1.37414;12.8789
1.06981;16.1105
1.17738;5.43196
2.09242;12.9844
3.40003;13.8152
5.28787;10.0857
4.72495;16.3814
3.77349;7.62225
6.81107;10.4497
5.51079;7.92004
4.50235;9.24972
6.67511;6.55835
6.51139;15.3684
8.77101;5.23668
4.40667;0.886259
0.778361;11.5616
6.8826;3.69635
4.83607;16.12
4.56416;13.857
5.5522;15.9284
4.83609;3.68013
4.00704;1.12208
1.03076;15.5611
4.37216;15.6837
4.00538;1.76591
2.80185;17.0155
5.50782;0.953917
2.7869;6.03842
8.16118;5.11582
5.63755;7.1357
3.00104;12.8318
0.348654;1.76728
8.26408;10.3695
8.94363;7.65648
3.11322;10.9917
2.79242;15.8986
7.33589;13.5989
8.51034;16.7333
5.58;7.76501
7.20848;1.17077
4.76546;2.02066
0.0931111;2.54656
1.48729;5.76003
4.29249;1.29694
5.43792;1.86008
4.21632;16.8779
7.34595;9.12995
0.322605;13.2201
0.749698;0.532467
1.43828;7.72583
5.76206;8.4614
2.81222;8.1959
2.03017;4.64513
3.4646;15.2203
6.20507;3.34616
8.19555;3.94106
2.68341;16.5773
3.24381;8.3414
2.16867;15.0726
4.81917;15.2132
8.46634;0.0709794
7.04556;13.6246
4.60046;14.7363
4.42232;10.7003
7.6344;11.7212
0.213077;8.79292
1.0913;6.0506
8.49441;6.24293
5.34786;5.91802
1.73163;5.10587
4.63209;1.85436
4.52347;14.631
0.215839;15.5346
2.48621;4.76902
6.30358;14.6108
0.991109;11.5399
7.34087;16.0733
3.58222;5.88266
6.40483;16.0091
8.29149;10.0785
4.86514;17.0091
0.435691;11.9129
2.52987;17.8602
0.0779087;15.7555
2.88911;3.61908
1.43066;15.0424
2.73672;11.9083
5.83671;5.90512
4.72141;16.6458
5.33707;4.04997
6.6283;12.6564
7.79491;9.93834
5.36485;4.75426
7.9105;5.53937
1.38167;14.404
7.80891;12.4936
6.70656;16.4892
3.20326;0.472854
8.17471;6.56233
8.11416;4.12764
5.09071;1.08964
0.585028;15.6549
6.49894;12.8435
1.77999;4.4407
5.74466;14.2341
4.24534;6.74593
4.44524;6.0805
8.34214;1.62018
5.41738;14.5053
3.57977;13.5981
5.45463;4.77737
4.04587;6.32238
1.63329;14.4983
3.39762;1.616
1.53029;5.02355
2.87182;13.242
3.05659;6.91369
5.44843;1.11107
0.878589;14.4568
2.77589;13.2465
5.34547;14.0424
0.996219;1.58143
1.06147;0.676709
1.6008;12.9577
7.59099;10.3611
4.27791;8.09124
7.56926;16.6475
7.20681;0.405103
6.5729;3.20885
1.01055;16.2064
4.1162;7.76474
5.72419;14.3456
7.33922;4.34523
7.72833;16.4356
0.401029;3.00842
5.84106;11.493
8.52543;13.6746
6.53721;1.17381
7.17563;16.276
7.06576;11.5332
4.31859;4.68733
0.812243;5.7757
1.66744;16.0381
3.0904;16.4807
0.623479;8.2019
7.34353;9.47936
7.98332;8.13544
2.91247;12.6451
6.24034;3.28159
5.54034;13.2827
3.14501;4.7628
3.38787;5.34088
0.218678;1.85016
3.25735;14.7886
0.0630946;2.64622
4.16093;8.76337
3.66677;9.94635
7.26953;10.6684
3.99223;2.71986
4.57455;9.23142
5.46088;5.83616
0.355387;8.8884
6.9858;6.53571
1.76674;8.45227
4.90865;14.6142
1.8675;16.1073
0.688481;10.5107
1.7241;1.81432
6.18045;9.9629
8.30147;12.4871
6.30456;6.92481
1.62522;1.94266
8.43558;17.7895
6.30554;6.85562
1.25469;3.76019
8.04352;13.4311
4.79818;16.7978
2.15977;5.56796
2.66676;7.85302
7.01012;15.1508
2.23359;17.7552
6.62907;5.84414
5.13299;16.7063
3.82923;4.62687
4.33462;6.2614
8.55697;3.27836
6.5931;2.3644
2.61051;12.0574
1.07695;17.8321
0.45649;4.66328
1.79615;17
0.0472072;13.1887
7.89891;4.41395
0.378314;3.13134
6.13349;14.7769
0.141081;16.7341
7.26605;13.5403
2.28914;6.79808
6.12333;12.2367
5.71247;2.9159
0.249074;10.5389
3.09713;13.6844
6.45164;11.4153
3.87086;15.0572
5.6237;8.6547
0.860234;14.8397
3.82736;1.81488
5.01419;5.45253
3.11442;10.785
4.29193;0.495808
3.78093;8.86603
8.61498;4.09397
2.20317;3.80825
5.44602;16.653
8.0225;4.31699
0.784446;16.5431
7.42794;7.76316
6.11375;9.75916
0.589222;1.96922
3.40818;12.4258
5.31196;8.53682
4.63278;0.278631
5.17585;1.29394
2.86558;16.5805
6.03947;14.315
8.53817;1.64081
2.59053;16.3063
2.86739;9.5874
1.05728;16.6268
4.1202;0.159549
1.47191;9.80929
8.35135;17.7997
8.78622;10.9302
4.77943;0.750886
6.44971;16.3752
6.58837;5.52333
3.45602;4.44229
2.90098;17.2637
2.86811;11.5331
7.92214;17.8152
3.92408;14.9206
0.72799;13.0292
6.61347;7.19076
2.30831;15.3415
2.9088;12.857
7.75052;8.76141
2.33315;14.2037
4.28056;4.23875
3.56696;0.119975
2.49482;2.03334
8.24759;0.166366
3.77834;5.40723
2.30433;13.3586
2.33548;10.3449
3.44588;2.51525
5.08003;14.7399
8.71794;11.616
4.88457;12.6628
0.4034;14.3858
5.00215;6.62439
4.62139;7.50535
7.6929;13.9091
1.85454;5.94692
0.0739192;10.843
3.03345;5.13747
6.43817;4.56208
2.65192;2.43302
4.98466;9.9125
7.89583;14.6403
1.12869;4.68343
8.57776;12.4174
0.711674;16.5914
3.01674;11.1925
5.62711;6.84027
3.78913;3.25853
6.73233;16.821
5.38194;10.8505
6.36507;14.473
8.3987;12.878
3.65798;4.86429
0.00772223;2.19231
4.71319;5.31928
2.31267;1.39568
7.61589;2.417
8.01798;17.4892
3.55021;15.1915
5.9533;8.52377
6.89145;17.9401
0.858133;7.03712
3.39017;9.29452
5.14782;2.24501
4.05778;3.05952
6.54774;2.8457
8.76624;11.8929
7.86184;6.84844
8.37858;15.7391
4.52037;8.18354
1.5292;13.6661
4.78961;0.290181
8.04154;7.61518
8.88967;5.18351
2.40334;11.6859
6.85364;0.589566
5.813;15.4236
3.81334;0.406349
3.35904;17.9223
1.32568;14.8336
1.49092;15.7468
8.83967;2.51432
4.81986;15.403
4.68138;8.39688
6.57107;0.403501
8.29021;16.2005
7.03479;8.15964
8.24536;12.1527
7.88741;16.2701
8.66809;2.58149
4.978;13.0435
1.58553;3.58201
5.23351;10.7977
1.99418;17.1851
5.36003;6.63971
7.00937;13.7019
2.19328;13.6981
8.10811;14.0263
5.55055;7.57897
2.21157;6.24325
3.99124;3.00356
2.22189;4.05206
5.5816;2.93451
8.10237;8.93802
0.602288;15.5409
5.75975;11.1606
5.29219;14.6906
7.37129;3.0514
3.74415;0.730939
1.11825;0.208371
3.68533;16.2552
6.95514;11.7572
5.97666;12.1265
3.89174;5.05443
0.852738;12.2066
5.64884;9.68795
7.60509;15.7415
6.87001;8.37337
0.337992;11.9447
8.65569;1.88056
4.74283;10.8309
6.52057;2.07005
3.76073;9.78372
2.56073;15.0098
5.25733;7.35796
7.60907;17.8853
2.8066;11.1284
5.82126;17.5665
2.62746;1.42599
2.31048;6.9604
6.8163;15.9186
8.32417;10.8428
6.83005;12.3884
0.608076;14.3361
3.16656;0.52754
8.10833;15.8188
5.67922;11.2578
8.94441;0.879899
1.52075;5.01028
7.94483;13.5562
6.18412;13.1078
6.72074;17.9814
3.11811;7.08399
8.77398;11.4911
4.25499;4.16891
0.225773;4.14258
1.04378;17.0999
7.49268;15.7477
5.74413;16.2015
6.04188;17.8214
8.36452;10.3004
7.82007;10.0875
1.7791;15.529
5.48369;6.5997
1.26963;8.85705
1.07793;14.9075
1.98243;15.5973
7.44447;10.2011
2.34066;14.4369
1.84612;13.1913
0.302901;4.14378
8.66694;2.69335
1.62184;14.3192
0.220508;14.7319
6.26037;12.5248
7.27665;11.2498
2.41259;12.1934
1.66864;8.38338
4.86121;14.3047
7.49154;12.2617
2.58085;17.139
4.58458;9.12656
7.36814;6.0581
0.663826;1.41761
1.24749;5.01989
7.30446;3.10079
4.58184;13.9428
2.89707;12.4074
5.13101;6.23516
4.56964;4.78275
0.379967;5.69259
8.01627;5.58511
8.94302;1.36981
6.98425;9.60845
7.83723;10.9516
1.93506;2.83617
5.04526;13.0393
5.98137;6.82682
0.548699;13.2904
4.12222;3.59239
0.155138;4.85334
3.34659;9.47395
0.398066;12.4873
1.94065;11.0581
0.361242;13.0206
7.92045;1.48242
0.356585;13.8734
3.53377;0.599206
7.62163;3.03603
5.10383;12.9177
6.9938;14.0778
7.87695;6.07813
4.55854;9.71663
6.45247;10.2145
2.50351;3.14938
6.90343;5.31729
4.00136;2.50004
7.39562;8.79885
7.49368;0.672534
0.928502;15.7098
6.84656;17.6979
8.59613;14.4063
6.78568;6.2598
7.50275;10.8146
4.64791;7.21315
2.86617;5.28343
1.64547;3.48622
5.68078;12.408
6.60143;6.2665
2.31125;0.209864
4.70794;0.429375
2.76358;17.4186
1.46471;2.31839
4.10873;17.9168
1.49546;10.0745
7.81332;16.684
4.88618;14.8189
6.54516;5.34372
1.53935;10.0958
8.07916;12.3745
8.65449;3.89066
8.82897;2.59991
3.68844;11.0195
7.50397;2.57973
8.643;1.63044
1.3948;8.70189
1.02991;8.31675
4.06024;4.98924
5.31757;16.3379
2.45301;13.6261
4.2062;2.53266
6.15505;0.184777
8.67578;7.40043
2.76425;2.43026
8.74812;3.68683
7.40239;16.8052
3.78874;14.4627
0.702565;14.9544
3.74112;16.4131
8.76705;6.76825
0.0217542;2.3237
7.73507;2.10333
5.32022;5.59062
3.54628;3.27559
1.96428;11.9986
8.45083;12.341
7.26562;11.2118
6.26288;13.8828
0.306091;0.0542528
8.15653;0.108429
1.87054;13.1179
8.45682;11.3186
4.7903;0.318777
4.13647;17.0628
8.36592;7.80704
2.91554;16.7754
5.06537;3.30121
0.439338;2.77119
4.44592;7.97124
3.02339;12.8204
0.984913;4.94843
3.58069;16.5011
8.08009;1.68714
6.19194;16.7724
0.870695;10.6969
8.4404;5.48247
2.9074;15.7944
8.40052;15.3954
8.05661;7.07397
7.22911;14.8451
7.44051;2.28931
6.8102;7.01175
2.79526;14.4991
4.89147;14.4824
2.23516;15.8297
4.65138;6.44015
1.38907;16.4641
2.47061;0.938325
0.0756415;17.3251
8.85534;1.89267
5.01102;16.5915
3.68757;15.8369
7.19296;6.17618
6.61612;12.4991
6.62508;9.69048
4.6721;10.1312
5.98989;4.9646
8.57146;17.5703
0.731846;8.92585
7.02633;5.93402
3.37778;5.35543
6.18708;9.53371
1.90979;17.3154
5.23602;3.97086
8.32024;10.1827
2.93177;8.66253
4.3871;13.2387
3.24969;5.16012
0.707428;1.73163
8.82963;14.665
5.71105;9.00346
3.39809;5.40189
6.98403;5.93909
2.4861;15.4318
7.43247;1.02487
1.68288;3.62051
3.19015;15.7399
6.57711;10.1999
7.52766;5.62625
7.08536;13.6958
7.90449;2.03426
2.17917;6.58318
7.63647;10.8577
5.87165;16.6878
6.29468;11.4026
6.6764;6.01146
1.20301;2.14897
5.70668;16.3741
4.04403;16.3856
6.90292;4.95301
8.70521;17.1716
4.28676;5.79072
7.45577;3.72774
7.9953;11.9669
4.677;12.1613
3.83133;7.16297
7.09779;12.021
6.87308;11.4685
2.43937;7.48946
5.07815;17.4681
0.446011;5.5091
2.73978;3.29804
3.82904;16.8929
0.836062;15.7461
7.63924;15.478
1.34958;14.6889
7.32478;11.2727
1.23981;11.5611
7.50021;0.470223
2.76398;6.3544
6.31577;13.1906
6.75869;8.82713
3.60582;9.26353
1.14782;12.0904
8.37649;12.4519
5.77924;17.645
8.98053;17.038
1.47153;7.61913
7.96548;4.61518
2.68264;13.2094
1.04657;8.06443
4.94917;16.7427
0.668548;12.378
5.15189;16.3375
6.42409;15.8317
2.34596;7.47973
5.51118;0.209288
8.15343;0.233995
4.73641;0.602501
6.16219;8.2258
6.52722;5.88284
3.93541;13.0155
2.46044;10.8139
1.31732;2.85183
7.71452;7.9999
8.03063;17.5222
8.03216;7.95959
8.13244;17.4014
1.16878;8.56866
7.86947;15.1857
3.2002;2.43084
2.33274;17.4228
1.32007;2.97233
8.82838;12.113
1.78741;11.9811
1.16938;16.6293
8.93198;10.2096
5.82239;4.78484
1.51172;14.2794
3.81833;0.452483
2.13966;5.69793
8.98733;2.34364
6.82876;16.2395
0.872533;15.9951
3.4041;17.484
6.59041;13.2086
0.957421;17.8463
6.31567;4.55498
1.40931;12.2881
8.33396;6.39344
3.13461;1.00668
2.51136;6.13319
5.60813;16.6675
5.45901;14.2397
6.47345;0.554696
7.34609;17.2262
3.12631;14.6668
0.784929;1.91014
6.45319;3.31492
8.95261;1.71457
1.39946;13.086
7.46158;4.71377
6.46616;9.55451
4.63437;15.7509
1.9213;7.93667
2.07218;10.1118
4.47167;9.16709
8.12251;2.1596
3.91729;9.16304
8.19964;2.78149
4.85887;13.0915
1.00386;15.9704
4.87915;3.57757
8.94025;4.66466
3.44625;17.7857
3.18961;9.69142
6.43588;3.30239
7.20259;7.80407
6.42845;5.67393
2.7775;16.6995
6.8053;9.69936
4.40567;4.55394
0.433226;7.05635
3.35677;8.70104
8.1097;5.11283
5.74127;7.93713
0.102142;13.4902
2.95375;9.96257
8.53391;5.788
7.31362;5.96031
2.78686;3.00646
7.82586;0.44547
3.15443;12.0569
4.12477;1.16575
8.86542;13.8045
8.93262;13.3414
2.75195;8.67658
8.94769;6.37035
7.86646;6.60891
7.53569;13.9523
5.86087;8.55392
1.94473;11.926
2.02208;9.79695
1.9443;3.11197
7.79247;0.515836
4.53614;3.15866
1.76115;6.724
1.80207;9.83115
0.390454;11.8537
5.49845;0.511743
3.8291;10.8621
6.92659;13.1621
0.769362;13.7485
0.76622;17.2717
1.17873;16.6038
6.61199;14.0792
3.57887;17.1134
4.00261;11.2019
4.45519;11.8938
7.15693;6.49532
6.20483;5.38614
4.82699;15.932
6.05507;13.2581
3.88156;12.8911
3.55589;0.760013
6.7014;14.77
5.81108;9.25597
4.96604;13.1609
2.50226;11.4645
6.21627;7.36197
5.03417;7.65651
1.72059;17.2261
3.38497;11.4464
5.21399;15.6803
2.67012;6.74185
2.08781;17.7499
6.064;13.8296
7.84094;6.23814
4.54386;5.44499
0.564598;16.1995
3.1025;14.532
6.48474;17.8272
2.89398;4.90156
6.49402;10.7925
8.18304;7.42057
0.0772234;8.43442
7.53854;3.59562
3.83025;3.84701
7.52101;0.0884903
0.763659;2.38227
3.41517;5.70294
1.06609;0.958344
0.766273;17.814
3.59824;10.6203
2.62952;8.32568
4.40988;11.464
2.42884;3.78924
5.64559;10.6456
4.3454;6.27922
1.71905;7.05688
6.8499;3.59255
7.74565;10.7769
3.59409;5.1518
7.31194;4.23021
2.62015;16.1512
3.30624;12.0706
1.92707;8.74465
6.51449;5.38668
4.27934;2.22547
8.00347;13.8177
5.27558;6.82671
3.64087;15.4088
5.30798;0.572936
4.02723;1.30675
3.42608;11.4926
4.18181;2.55195
7.54256;5.85492
6.66441;4.2733
5.50336;9.95269
4.25176;16.247
4.05194;15.116
5.15883;11.958
2.93032;5.34663
8.67235;14.4193
3.78605;15.3516
5.11852;0.123251
2.08918;17.5188
7.76604;14.7943
0.0458621;5.58654
8.05053;6.94388
8.53955;6.46468
4.74792;14.1642
6.1598;4.82465
0.218766;5.32633
7.38867;8.94104
1.78667;4.88122
3.02851;13.891
8.41962;11.9177
0.618814;16.1839
4.16849;8.80973
6.76779;0.574019
4.46649;17.7139
0.0464035;6.46505
7.25412;0.184531
6.0258;12.6093
3.56421;11.1307
0.536986;16.6242
3.64747;13.3936
1.72445;7.73246
0.359952;0.226238
8.33675;4.29325
2.55373;4.73054
0.0921225;3.9467
8.3241;1.42187
1.06532;6.98518
5.1158;15.6662
3.7796;1.16458
7.69008;7.652
3.81482;11.8884
3.91827;1.68123
3.24885;14.9649
6.40596;7.57167
6.7946;2.10685
1.48262;17.0381
4.91966;3.68515
8.63217;8.51282
3.9892;4.37179
6.62168;8.16265
4.15925;11.8916
4.79226;10.4491
0.438365;1.81612
4.05768;8.43593
1.49035;5.49553
8.04396;10.6103
8.69197;5.92446
6.14578;5.88164
1.44471;7.10348
6.72665;16.4786
4.60517;16.4186
7.75835;1.04965
1.05186;14.781
4.78124;10.0821
0.576411;4.80584
0.12238;9.47132
8.34869;9.82928
0.960228;17.5741
5.8227;10.0358
4.00502;14.6261
7.76568;6.09797
3.61821;14.9153
6.01122;1.52798
1.39847;14.9118
4.31573;16.2502
6.69523;17.8418
7.3344;10.9072
0.445726;16.7725
3.84409;10.4539
4.42731;8.84101
7.62988;9.09938
0.156162;13.9572
0.46433;2.23278
6.76564;12.5741
6.1343;3.54132
4.60008;9.79996
4.81965;16.4366
3.35763;3.66173
8.98228;9.51219
0.286789;8.59603
3.88122;13.964
4.21892;4.43123
3.43559;9.32928
1.60187;14.5594
0.891606;12.0584
2.70019;17.043
1.57887;5.7127
6.50007;4.0864
3.97274;8.5314
8.33023;2.21408
6.03636;7.86062
6.00702;3.71202
3.1486;0.729289
3.68687;6.26177
5.12074;7.94733
7.4289;0.0039081
1.95568;5.29563
2.21757;10.7825
7.31246;7.63888
3.67095;16.4081
0.848621;12.7423
7.72555;4.85499
0.227487;10.4512
4.47069;8.40045
0.491317;7.60185
5.30726;13.0554
7.73123;4.62856
8.38369;3.75967
2.67892;6.14112
5.01072;15.5993
7.04423;6.87923
7.80162;17.9998
6.08743;2.03837
5.39117;8.79977
4.83863;0.124255
3.60395;11.3745
6.43327;4.659
8.11474;13.3215
7.55511;7.17087
1.86098;16.0929
7.38636;14.3365
5.57411;12.2352
0.482518;9.9156
7.99743;6.32288
8.02836;8.01629
1.9611;12.1452
7.44776;1.52544
6.07249;9.07038
1.78191;4.92733
8.93508;13.2411
2.52579;7.07805
3.30778;17.9181
5.86853;4.84503
6.61981;8.84728
6.00795;16.9616
3.47007;8.78862
6.64903;0.0883704
1.5119;14.2631
5.00198;1.01866
1.29299;8.06069
4.51747;6.50819
1.10293;5.93046
4.01682;14.3509
7.50042;11.5974
0.639092;14.871
3.41925;6.32977
1.97453;13.4541
3.12395;15.6861
0.149549;1.48752
3.2667;12.315
0.224551;13.4735
1.55181;13.7472
6.78095;6.12742
5.00513;5.56588
3.57304;12.5962
6.81329;16.181
0.552217;15.8324
2.05574;9.13807
6.09165;1.11233
1.36776;13.4615
7.99167;9.57402
0.895622;1.93239
2.51404;8.03914
8.80925;5.32718
4.76333;6.15189
8.82109;9.97576
0.812715;2.7458
2.86146;15.1873
4.43661;15.7332
1.37661;16.0193
5.16471;16.3798
7.10015;11.4339
7.10612;0.31179
1.28596;8.39552
0.71206;5.30743
1.9285;17.4075
7.44073;5.64824
0.669922;1.90953
6.84369;0.958344
3.61836;5.21403
3.55512;6.87889
7.59489;8.73567
4.81234;2.9127
2.9615;0.497904
0.322942;8.67622
8.2586;10.9753
3.52801;12.7175
2.20458;3.26824
6.51464;6.98108
5.83188;14.4534
6.14426;15.5208
6.93043;9.16997
1.5845;15.2007
5.53975;16.8564
8.07953;0.316215
2.03521;5.26929
3.59755;1.2602
7.00248;16.8198
2.08645;1.92796
8.65885;4.81878
5.30209;15.8349
7.89705;17.6602
5.2762;2.20325
1.46422;5.58168
4.59217;14.5922
1.01755;3.47285
6.05649;15.896
6.32141;15.282
6.54833;5.72232
7.06918;11.2557
3.01927;0.208768
8.2625;13.2336
0.734482;12.53
6.02672;5.64187
7.22896;11.3711
5.23033;7.0621
4.60302;8.25474
3.36115;1.75844
5.229;9.65074
3.67006;1.64233
3.12148;9.37521
2.55759;0.355923
3.63558;17.758
7.81895;2.36784
2.74016;11.7763
6.81178;11.5189
5.99251;12.1486
3.37625;13.454
3.33926;0.805943
0.547927;3.13644
6.08854;11.5565
5.09927;3.38313
0.905623;16.9208
2.57078;12.2692
4.28579;12.4817
6.95579;14.8145
1.92845;1.02676
7.58523;11.1281
0.392381;12.8084
6.74795;6.26509
3.29231;9.11946
8.89197;0.569639
1.63401;6.53644
7.01181;9.94654
3.67119;15.1195
6.54149;1.51948
4.33799;5.28152
2.4513;10.4872
2.10118;10.0442
2.37824;12.7739
2.26293;0.668048
4.79424;8.38276
0.847403;6.75893
0.755411;2.47957
0.783645;15.0067
4.37233;8.1519
3.06309;8.5286
4.36077;9.39419
7.53252;4.74517
0.670365;4.40743
0.932327;14.4237
2.96345;10.5406
0.852612;10.8295
1.51394;5.90758
1.43685;7.78435
0.340764;7.39955
4.2262;10.27
7.89115;10.1472
8.51447;17.2931
6.31339;0.596228
7.14993;3.37143
4.37407;2.42603
5.95001;17.4697
5.91011;8.96507
2.10742;13.161
6.68625;6.0795
4.79233;1.29941
8.31007;11.2899
6.06446;1.64801
8.59874;15.0026
4.71618;17.879
2.20108;17.8848
5.0745;2.18447
5.01598;9.17794
0.7388;4.65873
4.88708;15.7775
4.01508;0.522301
0.101741;1.93018
8.99599;12.0237
5.44763;4.20682
3.59233;6.26776
5.14316;16.7693
3.78358;8.90645
5.0296;1.69609
5.27723;9.25668
8.34936;1.98683
4.56784;3.10088
0.935794;1.28468
2.64268;11.9035
5.23131;6.76295
8.28114;2.23679
2.2702;6.59244
1.37955;4.74389
4.26131;2.75107
8.3838;1.41788
3.47894;5.95226
3.84282;17.2442
2.36079;15.2528
4.07533;14.7808
8.47445;0.705124
3.01873;15.6476
1.34598;15.1731
0.374241;4.56354
8.22891;6.03384
8.23355;8.92044
6.3984;15.0294
5.57862;17.3372
1.8109;13.9163
2.04054;12.1444
8.3337;2.84868
6.78115;5.62528
4.40047;3.24794
2.43474;13.5225
0.250369;13.0201
5.15165;17.4496
6.86263;16.3408
7.54862;16.4172
6.75695;15.8457
1.49038;11.9717
1.93978;1.44785
1.44609;16.6763
8.23861;14.0494
8.00677;2.09903
4.98287;2.09462
7.12173;8.63313
2.47165;9.80577
7.12921;13.7442
6.52686;1.12789
4.63338;13.5545
7.07401;1.57006
6.50204;9.87329
8.95541;10.1013
4.14525;13.4247
3.97351;11.2713
3.69823;11.8266
6.35955;10.2886
5.25146;11.1963
3.16902;8.51645
6.64768;16.3038
5.30554;9.53881
3.46845;15.5544
0.672292;3.19532
5.64931;14.3983
2.1616;2.56537
4.97637;0.471236
2.06771;4.95682
5.17226;4.04625
7.52907;0.635031
8.73549;5.00516
5.95315;6.86743
8.41587;6.6254
8.57803;9.33466
8.91086;5.4941
8.92556;13.1171
1.89894;10.4622
2.32795;10.7348
4.00828;6.00048
6.96505;1.31519
1.19939;0.253308
1.94028;12.3515
0.362272;8.01599
8.65417;11.0691
6.03112;14.3665
5.85205;11.5332
0.685821;5.6104
0.200326;0.203383
6.1179;17.5567
4.76902;12.0575
2.52541;9.38915
3.5873;8.8487
0.92567;11.8305
0.79174;9.86791
8.91549;15.5136
5.59155;2.22976
7.88344;15.0637
7.29064;16.4914
2.53983;13.8896
4.78025;17.1419
5.12805;3.2646
5.33756;11.6277
4.4375;11.0758
5.91557;3.1108
5.31624;3.36917
7.58416;15.6833
6.37916;4.34293
3.266;14.6097
8.08672;8.11548
3.23879;16.0044
2.81453;17.6607
0.117095;3.39595
7.36217;14.8155
0.943689;1.80398
5.35255;11.4479
0.47294;2.9612
7.35624;11.621
7.29448;5.58748
2.34838;8.42008
4.34914;15.3292
5.89463;5.86661
6.50628;6.54757
5.10477;1.54455
1.57862;8.38298
4.83001;9.63481
3.1937;15.2891
4.64774;6.6216
0.342516;6.01981
1.71853;2.57241
3.91189;14.1422
7.01015;8.76967
8.55168;10.7328
1.19533;13.6923
8.16013;7.08743
2.0562;7.01854
2.20834;15.9016
6.44257;17.4292
2.22461;5.09469
0.486889;7.60646
6.73884;10.6338
8.62063;1.86508
3.96145;8.53674
4.24334;8.60793
7.27827;11.9237
5.59017;4.38034
4.03296;7.20063
6.575;7.16928
8.9667;15.5407
1.4308;16.2537
2.31405;6.97399
2.63611;9.04478
2.43782;0.157361
4.237;9.32486
2.62603;9.44778
8.46566;0.729723
1.04079;16.1726
1.2974;10.0045
3.35466;11.0815
0.306205;3.26587
2.50261;11.7927
3.8231;13.0711
0.496688;2.79621
1.12021;0.926783
0.168442;5.10201
8.59023;4.96498
6.038;4.45266
7.00488;16.9516
2.30501;4.48376
4.13825;9.86208
6.96577;7.20783
5.2959;16.0131
2.69021;13.1866
4.00881;12.0897
3.13404;8.63003
7.67781;11.2733
1.21139;5.00182
3.17223;3.41615
3.89902;8.58487
2.17147;8.13492
6.84344;3.52339
6.54995;7.76288
3.98802;9.10966
3.35726;12.5861
6.79671;14.991
2.22407;9.52497
2.09942;15.0399
3.76905;9.57926
5.11328;15.5557
1.8345;16.4946
3.09288;1.02461
4.88397;8.60853
3.01322;16.1124
6.01234;13.8245
3.34863;16.3676
1.97969;2.38414
0.945501;17.0593
5.07351;9.86705
4.08447;16.8615
2.22656;3.76237
6.92628;8.90128
6.64367;0.0514064
2.97061;2.82545
4.81533;16.1678
0.190587;13.2997
7.33121;6.56693
7.16214;6.43036
7.58773;2.3507
2.27138;9.20013
8.08759;11.24
3.78387;2.13456
6.81209;9.45875
0.596922;5.7712
0.662902;9.36279
2.31637;5.77893
6.56258;0.485297
7.3401;8.41251
0.268352;2.62143
5.61898;10.1674
0.394604;11.6191
2.73352;15.4516
0.093032;1.7913
1.94099;15.3615
2.071;8.42475
3.28083;2.31718
0.832391;14.1294
2.22587;15.289
2.79408;5.64558
1.53008;6.91396
7.50419;7.6929
6.34644;10.1335
4.0891;9.3731
0.273026;8.7149
5.99726;11.784
0.441132;12.7837
2.70158;6.3493
5.11768;5.58922
4.0703;14.1173
1.47537;12.2826
2.27105;9.51239
7.29989;6.20687
2.82089;1.05152
1.74792;11.2299
3.34855;6.55599
0.0719498;3.70547
7.12444;12.8368
6.91951;4.42708
2.10494;14.3851
6.57099;16.2044
4.08454;14.0242
5.49407;13.5722
1.18677;3.2235
0.580725;10.5141
8.67042;4.11219
2.39837;3.88294
6.81229;1.39653
5.04491;1.26636
1.22403;13.5856
6.24815;9.14516
1.07082;12.6402
6.42531;16.3905
3.7385;8.68964
1.4088;11.6869
2.53735;15.9596
4.94564;13.2438
5.99191;2.87943
4.40801;14.3574
3.05147;9.97747
3.43575;5.44378
7.04483;11.6682
4.66336;9.71423
6.53239;1.41653
5.49029;15.5128
7.50109;5.47689
3.329;17.1438
0.0585464;1.50862
7.76717;7.59408
5.09913;0.351946
0.640478;15.273
8.15576;11.1722
5.25837;10.2954
7.02584;1.33277
3.32636;2.1546
5.65512;13.5242
3.79919;7.39989
3.59623;16.9251
8.55706;2.25724
0.170813;10.0947
8.88504;15.3438
7.7858;6.42807
7.24381;15.6887
3.96834;12.022
2.64139;0.134946
6.18695;6.56373
7.70395;10.6854
8.86799;7.92466
1.49039;13.7876
4.62871;9.63349
7.97112;2.56766
2.57885;5.54063
4.98378;12.3502
2.23286;9.08167
7.3037;4.80735
0.588189;14.3775
1.07557;16.748
1.40277;16.6388
7.21834;10.7422
5.33036;1.71945
5.43859;5.03462
4.14159;8.28509
7.86002;8.01915
8.10487;0.700831
1.9034;7.46717
5.16716;1.74904
5.01741;15.492
3.64483;2.00238
4.9211;11.7554
5.54202;6.44959
8.28137;12.2604
1.41353;0.713892
5.5042;5.63261
8.67633;7.44508
8.18742;10.0134
4.58226;9.25202
7.524;17.4477
8.76855;12.768
3.73343;15.7469
6.73444;11.2737
2.60701;5.8032
6.51135;15.2488
1.64762;2.31236
8.62561;13.1374
7.03388;10.3353
0.793508;12.6305
2.29785;4.41409
6.67219;15.6041
5.02335;12.697
2.52459;8.42154
2.35521;14.2137
8.83678;1.75842
6.83071;17.2107
7.26323;3.12827
7.47876;9.99534
7.20096;2.17154
7.89927;9.42461
8.71019;1.09378
5.86849;16.6716
7.1156;7.80473
4.50344;15.8182
1.21761;13.6026
1.11615;15.7796
5.60335;12.279
5.23833;16.2559
1.35027;15.1871
6.2348;2.37411
8.47275;8.131
0.79239;13.472
5.62964;16.5423
2.73366;7.66119
0.35692;3.26586
8.5429;0.134225
2.17982;10.8228
8.40292;0.590836
0.313752;7.81272
8.20453;3.06273
1.70765;0.641355
0.421169;14.622
6.46018;11.319
6.43894;15.6209
4.25304;7.34747
8.99751;7.45158
7.73923;1.57979
1.46177;8.73774
0.0610472;8.39085
8.19947;0.835934
5.82836;15.4847
0.48508;16.0163
4.15376;17.776
8.30359;8.93502
3.79436;15.0162
5.99887;11.004
7.8288;12.8401
3.813;10.5779
3.07954;2.50388
4.09943;14.6652
4.92567;8.19387
2.05837;7.32982
4.88683;7.04028
8.03378;9.89575
7.71557;14.4665
5.36584;9.08785
5.97562;11.7018
3.5521;2.25875
5.73892;5.71138
5.59688;1.06655
1.36381;5.19151
6.03528;0.385206
0.0157995;1.69657
5.48158;6.19068
2.10023;1.16201
1.42792;14.0518
4.67794;6.97258
1.69081;1.12953
7.00643;1.44918
5.51264;11.444
7.95784;3.75698
1.26592;9.86691
7.72941;9.63603
6.06283;8.93667
7.67371;5.31943
5.00161;0.0750264
5.25547;4.07378
0.230116;10.5425
2.88518;11.4234
8.36661;9.97081
6.2927;1.58906
3.01131;3.94127
4.28082;9.40423
2.5354;4.57449
5.42671;16.0961
8.00924;8.76909
0.926535;0.550323
0.318001;17.3119
5.09318;12.7617
4.12428;7.53377
0.0405476;0.251779
3.8044;10.592
2.16278;8.06903
1.56729;10.0959
0.746207;1.86781
1.03336;14.0778
1.72844;8.08934
0.00953947;12.0185
8.74679;5.08988
8.29651;10.347
1.59299;14.6115
0.558038;5.03905
7.58091;1.75208
2.17547;7.34817
7.25687;12.5995
7.44097;14.5948
6.42564;4.49074
3.59344;17.1768
6.27988;10.3215
4.63638;14.0522
6.09464;11.3395
5.06499;15.6462
0.71441;10.1491
4.83233;0.922391
7.61947;8.25768
5.63469;0.424925
2.43459;12.3855
2.73199;2.03099
7.06877;9.81491
4.68958;10.6513
2.20721;6.26111
3.62305;17.2657
5.37592;14.433
8.22127;5.31161
3.37723;7.7153
0.681893;0.943727
0.527389;11.4938
8.29494;2.4836
1.82142;8.25455
1.70299;0.881786
8.25611;14.6754
0.653355;3.3814
4.53041;6.77068
2.70619;5.19835
8.2928;14.7916
7.92481;3.00001
1.52633;5.09573
1.13285;13.8045
0.764358;0.708248
0.558058;8.28317
4.21177;2.4799
4.61345;9.47832
6.98684;7.81677
5.98096;17.6165
8.03566;15.3679
0.249149;14.5835
4.90577;8.04067
5.69533;8.21388
4.44343;8.51698
4.40699;8.75484
3.58918;8.62028
4.65484;8.49621
4.79971;9.45693
3.43681;9.50353
5.05137;8.08562
3.70796;8.27451
3.91628;9.43821
5.03828;7.87943
3.58045;8.73321
3.3283;7.82329
3.88226;7.89474
5.26776;9.98803
3.63541;9.76309
3.50191;9.27883
3.58006;9.1089
3.33367;8.36925
5.42918;9.18851
4.56545;9.02888
3.94545;9.20226
3.83242;10.1968
4.98789;8.74037
3.77132;10.1042
3.47858;10.0096
5.6836;8.25903
4.04281;7.8119
3.78232;9.12507
3.40664;7.85008
4.4131;8.24205
5.31316;9.11501
5.22088;10.0932
3.52391;9.75456
3.76247;10.1531
4.24307;9.52793
4.48197;9.38852
4.03019;9.51439
4.88533;7.81808
3.55476;9.85665
5.62224;8.23334
5.16626;10.1058
4.19237;8.00906
5.61774;9.17469
4.83413;7.82438
4.72476;8.04723
3.76643;8.83792
4.86224;10.1873
4.23115;9.58615
5.24187;9.19362
5.03924;8.28494
4.02155;8.32121
5.37345;9.25174
5.5356;9.05878
4.76982;7.89036
4.21543;9.19206
3.8237;8.18169
4.59789;9.21607
3.89075;9.01563
3.69076;9.92489
4.54001;9.61552
5.67212;9.50643
3.75345;9.33436
4.99374;9.1846
4.22052;9.03561
3.67822;8.05976
5.02054;8.89977
4.08097;9.19399
3.4515;8.41656
3.55277;9.42132
4.00692;8.96821
3.91338;9.03063
4.8499;9.71127
3.5467;9.94065
4.0269;8.43746
5.16553;9.7669
3.35298;9.63766
4.57333;8.30643
4.27202;8.36707
5.19103;9.69253
5.10268;10.0692
5.45229;8.92322
4.26901;8.33326
3.41721;8.92051
4.44982;8.16998
3.64183;9.65675
4.83819;8.75521
3.98737;8.48809
3.76648;8.73407
3.72873;8.99338
4.87153;10.0943
4.06028;9.42451
5.03192;9.83362
5.43094;8.10394
3.50069;9.42197
5.49648;9.80337
4.79121;9.74877
4.02659;7.86022
3.38203;8.6438
4.48073;9.03185
4.51379;9.32256
3.9886;8.15198
3.37778;9.17597
4.34006;8.34426
5.61004;9.2688
5.03764;9.28157
4.66307;7.89792
4.00609;8.49499
5.43154;8.23703
4.29894;10.1322
5.359;8.59541
5.23561;8.95021
3.64418;8.0622
4.51043;8.22621
4.406;10.1912
4.95806;10.1198
4.81372;10.1467
3.57177;9.3915
4.62263;9.11183
5.43575;9.03267
3.68063;9.27339
3.61424;9.5437
4.87131;8.82033
3.33869;9.10285
4.75736;8.83763
4.53509;8.91635
5.13304;8.57069
5.56656;9.97723
4.33289;8.87699
3.50344;9.93889
4.36814;9.6615
5.35868;7.98187
5.10816;10.1305
5.07336;8.53079
4.54229;9.30911
5.26346;9.42292
3.8825;10.0777
4.26662;9.95381
4.19803;8.80531
4.35667;10.1554
5.34294;10.0918
4.37174;9.27599
3.96244;8.7383
4.55321;9.49534
5.31529;9.25665
4.73423;8.48343
4.21814;8.89291
4.16529;8.1263
4.32337;8.03866
4.35708;10.0657
5.04777;8.42054
4.78857;10.1303
3.79824;7.85519
5.38409;9.19627
4.3605;8.54075
4.65166;8.50345
3.9325;7.8234
5.47943;9.09495
4.2617;8.83265
3.89028;8.37698
3.38929;9.82451
4.56041;8.80744
4.01743;9.9257
4.63373;9.54079
5.66436;10.1908
4.90645;9.51213
3.91136;8.49502
4.9424;8.9096
4.05021;9.12649
3.40587;9.61071
5.36724;9.25753
3.41416;8.09975
4.78093;10.0936
4.89469;7.84262
4.22624;9.98498
3.9196;8.81554
5.10949;9.68001
5.32297;7.92692
4.90572;8.75671
5.16771;9.37007
4.24753;8.87416
4.1822;9.35889
5.06918;7.9246
3.56849;7.91939
4.75109;8.17436
5.2301;8.91833
5.13189;9.84426
4.71808;8.71282
5.23786;8.41277
4.25545;8.2641
3.69775;9.37505
4.77964;10.0072
4.35506;8.90261
5.63416;8.06078
5.35932;9.60187
5.13085;8.40684
3.77603;8.11305
5.46573;10.0452
3.73765;7.83422
5.66459;9.68874
3.70858;9.69469
3.90708;10.0405
4.83895;9.82516
4.0533;8.87681
3.53793;9.50875
4.84092;8.43568
4.1838;8.42056
3.74293;9.73886
5.02317;8.17708
5.49964;9.18249
5.47895;9.43049
5.28933;8.05498
5.24354;9.55506
3.40018;10.1812
5.08928;7.86477
5.16994;9.99786
5.25946;7.87701
5.33834;8.89841
5.40217;8.19164
5.47522;10.1401
5.40038;9.11614
3.87578;8.38418
5.2367;8.81871
3.42304;9.05987
4.69579;10.1227
3.54235;8.97474
4.85317;10.0317
4.72972;8.89672
4.88675;9.3299
4.37791;8.77603
4.89467;8.34785
4.07389;8.95412
3.92486;8.21223
5.55253;8.12703
4.10387;9.82776
3.56713;8.30425
4.2439;8.64291
4.38843;8.2806
5.16162;9.01147
5.04046;8.65742
4.43416;9.78282
5.33216;8.08733
5.1145;8.86188
4.68405;8.80125
3.49178;7.86196
5.27727;9.58645
3.9098;8.15116
3.84057;9.03466
4.06339;8.1931
4.86169;9.36725
3.32086;9.62881
5.3715;8.76476
3.57173;8.55994
4.74536;9.93335
5.27141;8.58582
3.89076;8.50557
3.66864;8.02292
4.2929;9.98314
4.5848;10.1769
4.08439;9.27658
3.3389;8.16166
4.16303;8.4487
4.01283;9.2036
5.18336;9.27621
5.09671;8.84505
3.94347;9.61757
3.77386;8.11497
3.68233;8.54559
4.37491;9.62769
3.77894;8.44632
3.51351;8.8697
4.65188;8.38215
4.59263;10.1448
3.66529;7.97743
5.62173;8.94968
4.95402;10.1606
4.81134;7.91705
3.90933;10.0242
4.82065;7.8927
4.60038;8.71736
4.43774;9.74385
3.63493;9.41161
5.55882;8.51726
5.6572;8.73373
3.44495;8.23613
4.88005;8.15845
4.80584;8.33193
4.2406;8.19846
3.77672;9.10589
3.8759;8.19844
3.35557;10.0299
3.65907;9.36691
5.64696;8.76841
4.69108;9.26761
4.3611;8.09146
5.68497;9.99885
5.53532;8.1199
4.71045;9.89414
4.33716;9.16765
