0;1750
0;1754
0;216
0;665
0;1180
1;1830
1;1746
1;1081
1;1418
1;1899
2;2136
2;2070
2;1194
2;1125
2;114
3;452
3;438
3;667
3;1448
3;215
4;1159
4;271
4;1552
4;337
4;1826
5;108
5;900
5;161
5;1659
5;547
6;1678
6;1868
6;300
6;1480
6;803
7;2085
7;2011
7;2137
7;1834
7;1383
8;52
8;1149
8;386
8;2157
8;642
9;2042
9;1154
9;1906
9;100
9;445
10;558
10;1112
10;2051
10;1582
10;1237
11;522
11;1349
11;1647
11;351
11;513
12;68
12;1795
12;609
12;1614
12;937
13;1478
13;26
13;2005
13;1130
13;804
14;1981
14;2091
14;1923
14;901
14;1254
15;1887
15;1357
15;1439
15;2145
15;1521
16;941
16;1322
16;1413
16;745
16;1988
17;1639
17;762
17;848
17;156
17;491
18;670
18;1580
18;2047
18;1287
18;1819
19;1171
19;819
19;878
19;1680
19;1204
20;594
20;260
20;2033
20;1867
20;235
21;1999
21;55
21;904
21;80
21;2035
22;229
22;1748
22;1193
22;969
22;683
23;888
23;181
23;1062
23;2055
23;360
24;1422
24;1363
24;574
24;2075
24;1267
25;711
25;1207
25;1043
25;295
25;1843
26;1130
26;1039
26;1220
26;1478
27;341
27;777
27;2123
27;299
27;384
28;1203
28;59
28;1079
28;383
28;319
29;1484
29;1916
29;688
29;223
29;1124
30;1106
30;1429
30;1857
30;1334
30;316
31;947
31;2132
31;1770
31;660
31;347
32;1321
32;134
32;1414
32;714
32;1123
33;2072
33;1369
33;511
33;418
33;72
34;42
34;1359
34;1410
34;827
34;1693
35;502
35;138
35;2008
35;1455
35;1500
36;382
36;1093
36;606
36;1851
36;288
37;1780
37;257
37;2018
37;983
37;288
38;1945
38;1401
38;1387
38;319
38;779
39;1883
39;826
39;2028
39;618
39;659
40;339
40;644
40;1674
40;309
40;92
41;1799
41;54
41;727
41;823
41;292
42;1359
42;827
42;1410
42;1693
43;1298
43;1543
43;952
43;1268
43;1634
44;1239
44;2137
44;1212
44;2085
44;1542
45;1792
45;1227
45;1496
45;722
45;1221
46;1699
46;450
46;927
46;799
46;1920
47;707
47;2059
47;897
47;1133
47;1241
48;146
48;1137
48;176
48;1718
48;692
49;1646
49;298
49;553
49;1872
49;1347
50;460
50;684
50;959
50;581
50;394
51;1256
51;1247
51;1950
51;572
51;640
52;386
52;2157
52;1149
52;642
53;200
53;1781
53;1937
53;1272
53;78
54;727
54;823
54;1799
54;1235
55;1789
55;1208
55;1999
55;373
56;1550
56;2147
56;747
56;880
56;79
57;1277
57;751
57;767
57;496
57;778
58;1376
58;2121
58;1162
58;117
58;70
59;1079
59;119
59;122
59;383
59;356
60;1165
60;2025
60;172
60;1809
60;984
61;266
61;2020
61;1116
61;1138
61;1368
62;1847
62;1794
62;582
62;234
62;942
63;1877
63;1841
63;1500
63;502
63;138
64;378
64;145
64;990
64;1021
64;723
65;1549
65;1262
65;2099
65;1036
65;741
66;1817
66;1588
66;510
66;1313
66;1192
67;2030
67;925
67;1623
67;1775
67;1541
68;609
68;1795
68;976
68;846
69;805
69;974
69;274
69;938
69;470
70;1337
70;1469
70;1895
70;1020
70;2121
71;1555
71;1816
71;1220
71;1626
71;124
72;1782
72;2062
72;511
72;2072
73;982
73;185
73;1348
73;604
73;474
74;921
74;1063
74;470
74;938
74;532
75;105
75;1444
75;1579
75;1825
75;800
76;1586
76;443
76;2135
76;512
76;302
77;929
77;529
77;545
77;2098
77;1741
78;1740
78;1258
78;97
78;1937
78;1272
79;1766
79;1242
79;880
79;1094
79;1136
80;2035
80;2122
80;904
80;1073
80;485
81;1904
81;536
81;113
81;1343
81;1905
82;1483
82;1070
82;177
82;226
82;1310
83;252
83;722
83;662
83;569
83;1792
84;1572
84;2043
84;1773
84;429
84;1468
85;934
85;355
85;999
85;1084
85;1015
86;1379
86;1802
86;1341
86;1755
86;320
87;1184
87;1685
87;1350
87;2107
87;2089
88;2159
88;524
88;2172
88;1709
88;1375
89;1695
89;317
89;2022
89;1706
89;806
90;1835
90;1158
90;1962
90;812
90;1531
91;520
91;1374
91;324
91;1717
91;1926
92;612
92;571
92;1067
92;1776
93;1702
93;1557
93;1505
93;1942
93;1592
94;151
94;1044
94;1497
94;672
94;1303
95;1473
95;932
95;1656
95;523
95;700
96;1503
96;419
96;469
96;1486
96;137
97;1258
97;1325
97;1128
97;1537
98;347
98;1774
98;1575
98;660
98;947
99;1388
99;873
99;330
99;1891
99;703
100;445
100;2136
100;2042
100;2
101;1055
101;642
101;740
101;386
101;52
102;1168
102;1286
102;1304
102;585
102;1752
103;2139
103;1812
103;1153
103;1532
103;1647
104;125
104;968
104;1027
104;2016
104;1711
105;1579
105;1825
105;625
105;1444
106;1730
106;1040
106;179
106;1537
106;484
107;1231
107;696
107;568
107;1676
107;597
108;1747
108;900
108;1660
108;161
109;2152
109;1655
109;585
109;1057
109;1304
110;1708
110;1329
110;1733
110;127
110;150
111;901
111;189
111;1254
111;1923
111;274
112;1377
112;2125
112;2081
112;1480
112;855
113;536
113;1904
113;1343
113;1905
114;1194
114;1744
114;1125
114;1291
114;565
115;1661
115;432
115;2150
115;484
115;211
116;1327
116;559
116;1059
116;1599
116;348
117;1162
117;2121
117;842
117;1479
117;312
118;1727
118;228
118;262
118;841
118;721
119;122
119;1079
119;356
119;383
120;814
120;149
120;818
120;1741
120;1610
121;1676
121;541
121;696
121;1551
121;436
122;1079
122;356
122;383
123;1463
123;1769
123;1082
123;1328
123;593
124;1874
124;1555
124;711
124;1649
125;2016
125;968
125;1027
125;1052
126;2023
126;1279
126;1084
126;85
126;2039
127;150
127;1733
127;1329
127;1708
128;854
128;1565
128;1935
128;624
128;928
129;393
129;213
129;1354
129;1506
129;165
130;523
130;2078
130;887
130;1473
130;850
131;1221
131;1961
131;309
131;722
131;83
132;231
132;1105
132;955
132;1035
132;963
133;485
133;449
133;287
133;2122
133;80
134;1123
134;1321
134;567
134;1414
135;1858
135;1811
135;840
135;2058
135;781
136;1399
136;1114
136;1715
136;805
136;2174
137;1701
137;736
137;2110
137;1844
137;1177
138;502
138;1455
138;2008
138;1500
139;1998
139;463
139;1913
139;2027
139;824
140;1083
140;669
140;1217
140;2049
140;978
141;464
141;1022
141;1201
141;482
141;641
142;1072
142;981
142;1049
142;1107
142;2040
143;935
143;160
143;1438
143;1664
143;479
144;1452
144;320
144;1342
144;1379
144;1990
145;378
145;723
145;1021
145;188
146;1137
146;176
146;1425
146;41
147;1890
147;957
147;1663
147;630
147;1515
148;1200
148;198
148;1373
148;1665
148;1096
149;814
149;818
149;1610
149;2029
150;1733
150;1329
150;1708
151;1044
151;1497
151;1255
151;672
152;1150
152;1190
152;1559
152;1891
152;682
153;1036
153;1549
153;1262
153;65
153;2099
154;282
154;704
154;1759
154;1668
154;244
155;327
155;1234
155;791
155;1110
155;2173
156;491
156;848
156;1420
156;477
156;762
157;379
157;526
157;1901
157;206
157;576
158;1808
158;2054
158;1536
158;1250
158;793
159;455
159;2086
159;906
159;1711
159;1394
160;1664
160;935
160;1438
160;479
161;1659
161;900
161;547
161;1777
162;1364
162;1280
162;1807
162;1156
162;304
163;2173
163;511
163;791
163;418
163;1782
164;1434
164;746
164;861
164;858
164;702
165;1354
165;213
165;998
165;393
166;850
166;2078
166;1656
166;523
166;1404
167;651
167;579
167;848
167;756
167;1639
168;1752
168;321
168;1929
168;1191
168;1077
169;411
169;1955
169;1688
169;747
169;1550
170;397
170;1918
170;308
170;2160
170;1332
171;1576
171;753
171;1159
171;4
171;271
172;1762
172;2025
172;1165
172;1395
173;1362
173;493
173;624
173;1205
173;928
174;1940
174;1889
174;267
174;1274
174;1002
175;1445
175;1353
175;301
175;1880
175;1502
176;1718
176;357
176;2155
177;1483
177;226
177;1070
177;905
178;1590
178;1779
178;1980
178;1749
178;686
179;432
179;484
179;2150
179;1781
180;628
180;1156
180;304
180;1032
180;2037
181;360
181;888
181;1512
181;1958
182;1324
182;933
182;851
182;336
182;697
183;752
183;1552
183;2166
183;271
183;1826
184;524
184;695
184;1433
184;2172
184;2159
185;668
185;1440
185;1317
185;310
186;499
186;1546
186;1684
186;1788
186;1147
187;1608
187;1440
187;591
187;760
187;1631
188;378
188;723
188;1738
188;785
189;901
189;274
189;1254
189;1923
190;1108
190;872
190;1716
190;1056
190;1437
191;1627
191;998
191;455
191;2086
191;165
192;1986
192;1534
192;2146
192;466
192;412
193;1495
193;2134
193;759
193;613
193;1036
194;685
194;972
194;656
194;1309
194;205
195;1462
195;599
195;292
195;735
195;653
196;2060
196;602
196;1067
196;1509
196;1777
197;666
197;501
197;1618
197;1022
197;2074
198;1373
198;1665
198;362
198;1484
199;422
199;1765
199;1894
199;896
199;913
200;1937
200;1272
200;253
200;78
201;1604
201;434
201;732
201;409
201;2052
202;1381
202;427
202;1917
202;537
202;1470
203;158
203;1808
203;793
203;2054
203;1536
204;1658
204;493
204;1362
204;173
204;928
205;656
205;328
205;598
205;685
205;1309
206;576
206;526
206;379
206;1127
206;532
207;1441
207;1928
207;1975
207;863
207;1510
208;1424
208;1914
208;958
208;949
208;1278
209;1195
209;1713
209;279
209;844
209;227
210;596
210;1754
210;1245
210;1860
210;1180
211;2150
211;1645
211;484
211;1040
211;432
212;790
212;458
212;870
212;1139
212;1303
213;1506
213;1354
213;393
214;2065
214;1556
214;1037
214;2179
214;1121
215;438
215;1448
215;1177
215;1768
215;667
216;1750
216;1180
216;1963
216;1294
217;550
217;1141
217;1861
217;223
217;1916
218;884
218;1095
218;364
218;1810
218;672
219;755
219;1764
219;2156
219;778
219;1277
220;975
220;589
220;1953
220;260
220;1380
221;948
221;1352
221;1859
221;1067
221;1325
222;1631
222;760
222;1629
222;853
222;454
223;550
223;1141
223;1861
223;1665
224;649
224;512
224;302
224;2094
224;1048
225;426
225;1453
225;1169
225;2153
225;1465
226;905
226;2179
226;1483
227;1713
227;844
227;1195
227;1003
228;1727
228;2028
228;1619
228;1883
229;1748
229;1193
229;683
229;969
230;417
230;1061
230;437
230;1992
230;1771
231;616
231;1035
231;1105
231;476
232;2120
232;769
232;257
232;695
232;2172
233;825
233;367
233;2057
233;1574
233;698
234;1230
234;684
234;50
234;1204
235;699
235;1867
235;594
235;2033
236;1028
236;1109
236;2071
236;1252
236;534
237;2087
237;2021
237;286
237;738
237;563
238;1736
238;1213
238;1728
238;627
238;727
239;1038
239;405
239;1428
239;749
239;737
240;1898
240;859
240;1380
240;348
240;1953
241;561
241;2167
241;497
241;720
241;1837
242;371
242;1577
242;1490
242;1753
242;555
243;405
243;1428
243;573
243;287
243;1014
244;704
244;282
244;1759
244;389
245;856
245;310
245;661
245;1698
245;1242
246;1915
246;2148
246;380
246;472
246;960
247;546
247;837
247;1888
247;1742
247;2004
248;1290
248;657
248;1045
248;806
248;2022
249;1307
249;1547
249;1873
249;527
249;1791
250;1334
250;1106
250;1341
250;30
250;2125
251;259
251;1839
251;655
251;1367
251;289
252;662
252;722
252;569
252;1792
253;1272
253;1227
253;1937
253;1740
254;294
254;980
254;902
254;314
254;755
255;700
255;325
255;932
255;1395
255;1656
256;992
256;728
256;1332
256;2131
256;278
257;769
257;2120
257;2018
258;1729
258;153
258;1036
258;1946
258;613
259;1839
259;655
259;1367
259;2031
260;975
260;594
260;589
261;2093
261;673
261;764
261;635
261;1333
262;841
262;721
262;924
262;351
263;476
263;616
263;832
263;231
263;1118
264;1223
264;1934
264;1520
264;674
264;584
265;1892
265;1360
265;1131
265;410
265;496
266;2020
266;1116
266;680
266;2069
267;1274
267;1889
267;1504
267;1940
268;368
268;441
268;1596
268;808
268;1931
269;1637
269;985
269;1211
269;849
269;1968
270;1117
270;2151
270;913
270;2082
270;1254
271;1552
271;1159
271;1382
271;1826
272;1621
272;1583
272;1626
272;1039
272;1130
273;895
273;951
273;1263
273;1622
273;744
274;901
274;1080
275;1801
275;1814
275;492
275;2103
275;645
276;1489
276;2115
276;1876
276;1371
276;731
277;1570
277;1749
277;784
277;1970
277;377
278;465
278;1066
278;992
278;1236
279;2154
279;973
279;1195
279;1713
280;1430
280;1479
280;842
280;312
280;918
281;505
281;444
281;835
281;1270
281;1376
282;704
282;1668
282;1759
282;610
283;1306
283;479
283;483
283;1677
283;143
284;1085
284;399
284;1407
284;1743
284;408
285;836
285;1466
285;1724
285;508
285;1064
286;1468
286;2021
286;2113
286;2087
287;449
287;485
287;1091
288;538
288;2064
288;606
288;1780
289;478
289;2142
289;1757
289;1367
289;427
290;2094
290;1456
290;2170
290;1615
290;649
291;1326
291;1884
291;1938
291;1331
291;631
292;735
292;599
292;823
292;1462
293;1761
293;1630
293;989
293;1402
293;1896
294;314
294;1971
294;950
294;2074
295;1207
295;124
295;711
295;1421
296;1584
296;1548
296;1900
296;1427
296;774
297;1524
297;1795
297;1690
297;691
297;605
298;1646
298;553
298;1347
298;1245
299;907
299;384
299;1088
299;2068
300;1487
300;1076
300;1868
300;1969
300;1169
301;1353
301;516
301;1445
301;817
302;512
302;1786
302;1586
302;788
303;1144
303;1875
303;1048
303;512
303;916
304;628
304;1156
304;1280
304;1364
305;892
305;1593
305;2119
305;1081
305;977
306;768
306;1813
306;1182
306;1573
306;2128
307;308
307;397
307;910
307;425
307;170
308;397
308;910
308;425
309;1221
309;1961
309;1941
310;661
310;1317
310;668
311;589
311;2117
311;533
311;2033
311;1867
312;1479
312;1430
312;918
312;862
313;1632
313;1299
313;1065
313;874
313;535
314;950
314;2074
314;1971
314;501
315;1985
315;1501
315;1712
315;1707
315;993
316;1527
316;1429
316;1398
316;1356
317;1045
317;806
317;2022
317;1290
318;1135
318;1689
318;903
318;1017
318;1978
319;1945
319;2001
319;1203
319;779
320;1755
320;1452
320;1379
320;1341
321;1191
321;1077
321;1752
321;1929
322;349
322;1339
322;969
322;1131
322;708
323;637
323;944
323;1563
323;1995
323;1571
324;1717
324;724
324;1702
324;1557
324;1374
325;700
325;932
325;1395
325;1762
326;1389
326;1316
326;1561
326;1756
326;866
327;1234
327;791
327;1110
327;2173
328;656
328;685
328;598
328;1506
329;1952
329;858
329;1104
329;352
329;1434
330;703
330;873
330;870
330;1303
331;1882
331;866
331;1561
331;794
331;1143
332;1697
332;1345
332;2145
332;636
332;1521
333;810
333;1390
333;1041
333;1922
333;1823
334;1425
334;1692
334;461
334;1213
334;2076
335;1836
335;2039
335;1084
335;1365
335;1477
336;851
336;697
336;1324
336;933
337;1159
337;1826
337;1552
337;271
338;1661
338;650
338;115
338;432
338;179
339;644
339;1674
339;1148
339;722
340;808
340;368
340;712
340;1931
340;268
341;777
341;2123
341;2068
341;384
342;1102
342;1098
342;2127
342;607
342;877
343;908
343;1393
343;1323
343;971
343;1013
344;1987
344;1691
344;1183
344;1794
344;1847
345;1417
345;1863
345;1412
345;1064
345;500
346;629
346;658
346;1651
346;1086
346;468
347;1575
347;947
347;1774
347;660
348;559
348;1599
348;1898
348;859
349;708
349;969
349;1193
349;1748
349;843
350;534
350;236
350;2071
350;1028
350;1569
351;924
351;721
351;513
351;522
352;1297
352;1952
352;1611
352;858
353;404
353;400
353;821
353;1189
353;965
354;1864
354;1770
354;2132
354;1611
354;660
355;999
355;1523
355;886
355;1613
356;1079
356;1817
357;1718
357;586
357;2155
357;2141
357;1340
358;2108
358;740
358;1972
358;1308
358;1513
359;659
359;2067
359;2034
359;615
359;2028
360;442
360;1284
360;647
361;954
361;1581
361;2049
361;525
361;789
362;1665
362;1578
362;1373
362;223
363;1675
363;689
363;1498
363;634
363;504
364;884
364;672
364;1973
364;1139
365;1912
365;481
365;540
365;1172
365;340
366;1554
366;577
366;1936
366;1471
366;1965
367;698
367;610
367;825
367;154
368;1596
368;808
368;1931
368;712
369;1115
369;2095
369;1240
369;2149
369;1681
370;1603
370;1899
370;1225
370;1830
370;462
371;1577
371;1753
371;1260
371;1490
372;1510
372;490
372;1301
372;863
372;1928
373;1342
373;1208
373;1789
373;1452
374;1499
374;1806
374;1401
374;2140
374;912
375;706
375;435
375;402
375;956
375;1100
376;917
376;1129
376;1257
376;1228
376;2017
377;1749
377;1681
377;1278
377;784
378;723
378;785
379;526
379;576
379;1127
380;2148
380;1248
380;2009
380;1915
381;1344
381;420
381;1625
381;498
381;1391
382;1093
382;1851
382;1991
382;1633
383;1101
383;1079
383;1391
383;882
384;2068
384;907
384;1088
385;533
385;1435
385;2117
385;720
385;1366
386;2157
386;642
386;1149
387;1944
387;1335
387;2138
387;566
387;626
388;1302
388;1620
388;882
388;1244
388;828
389;2158
389;654
389;1983
389;777
390;1164
390;1235
390;1488
390;735
390;823
391;1850
391;2000
391;1907
391;1790
391;1569
392;461
392;1229
392;1001
392;1736
392;1728
393;1354
393;1506
394;1099
394;780
394;460
394;962
394;773
395;1517
395;796
395;1073
395;1060
395;133
396;1181
396;1386
396;798
396;1174
396;1591
397;2160
397;1918
398;1798
398;1113
398;2037
398;893
398;1420
399;1743
399;971
399;408
399;1085
400;404
400;750
400;1189
400;260
401;1454
401;678
401;799
401;865
401;1589
402;956
402;706
402;636
402;2013
403;779
403;1387
403;1285
403;1670
403;1518
404;821
404;965
404;1189
405;1428
405;1014
405;573
406;1020
406;1447
406;1895
406;1644
406;2003
407;1558
407;1033
407;1686
407;1134
407;899
408;783
408;1743
408;1318
409;1475
409;732
409;2134
409;434
410;1131
410;1360
410;1892
410;1339
411;1955
411;1688
411;869
411;747
412;1951
412;813
412;847
412;1514
413;1992
413;1821
413;578
413;1092
413;658
414;919
414;1857
414;681
414;1356
414;1398
415;587
415;2105
415;548
415;877
415;1856
416;486
416;1072
416;1370
416;981
416;1049
417;920
417;437
417;1061
417;1771
418;511
418;1491
418;2173
419;469
419;736
419;1177
419;137
420;1344
420;1625
420;1391
420;498
421;2168
421;2164
421;1691
421;915
421;457
422;1765
422;1894
422;913
422;1059
423;1643
423;1140
423;1800
423;544
423;1804
424;1529
424;1623
424;822
424;1013
424;67
425;910
425;2111
425;847
426;1169
426;1465
426;1453
426;300
427;2142
427;1757
427;1929
428;1927
428;1654
428;1438
428;1330
428;1460
429;2077
429;1726
429;1773
429;977
430;1056
430;557
430;2044
430;190
430;1011
431;446
431;1977
431;1121
431;978
431;1556
432;484
432;2150
433;1508
433;1607
433;716
433;1837
433;1767
434;732
434;1723
434;2052
434;1475
434;1604
435;1819
435;706
435;402
435;554
436;107
436;1231
436;696
436;1676
437;1771
437;1061
437;516
438;1768
438;1177
438;2110
438;736
439;867
439;2084
439;1663
439;1890
439;630
440;1831
440;1024
440;1260
440;2133
440;679
441;368
441;560
441;1596
441;1491
442;1571
442;1284
442;1956
442;2048
443;1214
443;1586
443;1786
443;1417
444;1270
444;505
444;835
444;1376
445;2042
445;1751
445;2136
446;1977
446;978
446;748
446;1666
447;1312
447;1149
447;1458
447;8
447;52
448;1594
448;1708
448;1140
448;1800
448;1329
449;485
449;1091
449;2050
450;1699
450;1920
450;799
450;2096
451;937
451;1694
451;1745
451;1594
451;1614
452;667
452;1296
452;1448
452;215
453;503
453;480
453;1688
453;717
453;411
454;1443
454;591
454;1631
454;853
454;671
455;2086
455;2100
455;1627
456;2079
456;2144
456;979
456;1010
456;1198
457;1411
457;915
457;1796
457;2088
457;1253
458;1139
458;790
458;364
458;870
459;1110
459;1252
459;1585
459;1234
459;1551
460;684
460;959
460;581
461;1213
461;1736
461;1692
462;1910
462;1603
462;1057
462;1304
463;1926
463;2027
463;1998
463;520
464;641
464;1959
464;881
464;725
465;1066
465;1650
465;1933
465;2131
466;1986
466;1534
466;1514
466;2111
467;2041
467;2106
467;792
467;563
467;738
468;1086
468;1651
468;1564
468;629
469;1804
469;544
469;619
470;938
470;974
470;921
471;691
471;605
471;1614
471;2012
471;2006
472;960
472;1915
472;991
472;1746
473;2161
473;1731
473;1293
473;1035
473;963
474;1348
474;1640
474;1071
474;982
474;604
475;2019
475;1126
475;509
475;807
475;2092
476;832
476;616
476;1118
477;1233
477;766
477;1871
477;762
477;1734
478;1367
478;2079
478;427
478;251
479;1306
479;483
479;935
480;503
480;1688
480;690
480;169
481;1912
481;540
481;1172
481;1793
482;1201
482;2056
482;1276
482;1022
482;2045
483;1306
483;1677
483;935
484;2150
484;1040
485;2122
486;1072
486;2169
486;142
486;620
487;1843
487;1816
487;1968
487;1555
487;1210
488;796
488;1982
488;573
488;1346
488;1949
489;774
489;1584
489;1427
489;1222
489;1082
490;1869
490;1510
490;2046
490;1301
491;848
491;1420
491;579
491;167
492;1814
492;2103
492;1758
492;1801
493;1362
493;624
493;928
493;1658
494;1289
494;1660
494;1326
494;900
494;1776
495;1224
495;1014
495;1346
495;573
495;1269
496;1892
496;751
496;1360
497;561
497;1837
497;1767
497;720
498;1459
498;1625
498;1302
498;388
499;1546
499;1684
499;1147
499;1788
500;1064
500;1863
500;285
500;1724
500;836
501;2074
501;950
501;1602
501;1618
502;1455
502;2008
502;1500
503;1688
503;411
503;169
504;909
504;634
504;1498
504;1675
505;1270
505;835
505;1376
506;1451
506;1880
506;2176
506;960
506;991
507;1564
507;1687
507;1199
507;1086
507;1186
508;1696
508;1466
508;836
508;1671
509;2092
509;2019
509;1625
509;632
510;1313
510;1400
510;1046
510;549
511;2173
511;1782
512;1586
513;1339
513;924
513;1074
513;410
514;972
514;998
514;676
514;194
514;1627
515;2026
515;2066
515;1367
515;849
515;1211
516;1771
516;1061
516;817
517;1392
517;1683
517;2174
517;1114
517;717
518;1372
518;1315
518;1328
518;1222
518;1507
519;1648
519;2101
519;2163
519;2098
519;1741
520;1926
520;1406
520;1089
521;1047
521;1560
521;1182
521;678
521;88
522;1349
522;1647
522;1883
523;2078
523;1473
523;1656
523;850
524;2159
524;2172
524;695
525;648
525;1581
525;1855
525;1295
525;776
526;576
526;1127
527;1759
527;1873
527;1668
527;704
527;1307
528;671
528;1443
528;690
528;454
528;1397
529;929
529;545
529;1002
529;2098
530;868
530;1526
530;876
530;945
530;1136
531;590
531;795
531;701
531;1300
531;1282
532;1127
532;576
532;921
532;526
533;2117
533;1435
533;720
534;1390
534;1569
534;2071
534;333
535;874
535;1853
535;1632
535;1790
536;1904
536;1343
536;1905
537;1917
537;652
537;1979
537;1402
538;2064
538;606
538;37
538;2018
539;883
539;830
539;926
539;1450
539;797
540;1912
540;1793
540;1534
541;1551
541;1234
541;1676
541;696
542;1957
542;2107
542;1545
542;1539
542;1225
543;2063
543;1731
543;1293
543;575
543;832
544;1804
544;1800
544;619
544;1643
544;1140
545;929
545;1741
545;2098
546;837
546;1447
546;1355
546;967
547;1659
547;900
547;1777
547;1509
548;2105
548;1856
548;587
548;1793
549;1192
549;1588
549;1400
549;1972
550;1141
550;1861
550;1815
551;1218
551;1805
551;990
551;1021
551;1253
552;1628
552;630
552;943
552;957
552;1663
553;1347
553;1566
553;1598
553;1245
554;1720
554;2083
554;718
554;709
554;1404
555;1468
555;2113
555;1577
555;286
555;726
556;1629
556;760
556;222
556;1981
556;1631
557;2044
557;1056
557;1011
557;190
558;1112
558;2051
558;1582
558;1237
559;1599
559;1327
559;1078
560;1172
560;268
560;1252
560;459
561;1837
561;720
561;2167
562;1886
562;1930
562;1292
562;1226
562;1881
563;738
563;1025
563;2087
563;1679
564;2032
564;1624
564;1512
564;1933
564;614
565;1635
565;1125
565;1194
565;1906
566;2080
566;742
566;2138
566;1529
567;1123
567;1321
567;32
567;1772
568;597
568;1231
568;696
568;1432
569;662
569;1792
569;722
570;1662
570;606
570;1161
570;1648
570;2064
571;612
571;1067
571;602
571;1776
572;1950
572;640
572;1617
572;1256
573;1346
573;1014
574;1267
574;776
574;1855
574;648
575;620
575;2063
575;832
575;1519
576;1127
577;2083
577;1965
577;1471
577;1554
578;1459
578;1244
578;1092
578;498
579;1420
579;651
579;848
580;1034
580;1019
580;1436
580;1671
580;1943
581;959
581;962
581;1009
581;780
582;942
582;959
582;1009
582;581
583;896
583;621
583;2151
583;270
583;199
584;1358
584;1934
584;1223
584;227
585;1304
585;1057
585;1168
586;2141
586;1340
586;2155
586;1984
587;2105
587;877
587;1856
588;741
588;1219
588;1672
588;65
588;1262
589;975
589;2033
589;1953
590;795
590;701
590;1300
590;1282
591;1631
591;1443
591;1397
591;1608
592;1809
592;1891
592;152
592;1893
592;1190
593;1463
593;2073
593;2010
593;608
594;2033
594;1867
594;699
595;600
595;1670
595;2001
595;1285
595;1513
596;1180
596;1754
596;1245
596;1860
597;1231
597;1460
597;2011
598;656
598;1309
598;697
599;1462
599;653
599;1488
599;735
600;2001
600;1670
600;1285
600;1513
601;1018
601;894
601;1450
601;1371
601;1493
602;2060
602;1509
602;1777
602;1067
603;809
603;658
603;346
603;629
603;1522
604;1071
604;1348
604;982
604;1263
604;951
605;691
605;2006
605;2012
605;1705
606;2064
607;2127
607;1102
607;1098
607;1776
608;1437
608;1716
608;2073
608;754
609;846
609;976
609;1964
610;698
610;1378
610;154
611;1829
611;1492
611;1936
611;1948
611;1554
612;1776
612;602
612;1067
613;759
613;1036
613;1495
613;2134
614;1933
614;1650
614;1068
614;1735
615;2067
615;1238
615;2034
615;659
616;132
616;832
617;1671
617;580
617;821
617;1034
617;1617
618;826
618;2034
618;1989
618;1739
619;1804
619;1800
619;976
619;1140
620;2104
620;643
620;1519
620;702
621;896
621;2151
621;1610
621;199
622;2162
622;1878
622;2126
622;1922
622;1288
623;2053
623;1964
623;609
623;1524
623;68
624;928
624;1362
625;997
625;1579
625;1719
625;1187
626;1485
626;737
626;1944
626;749
626;1335
627;1605
627;1276
627;1728
627;860
628;1156
628;1364
628;1280
629;658
629;1651
629;1086
629;1092
630;957
630;1663
630;1628
631;1569
631;1907
631;1884
631;2000
631;1938
632;734
632;2092
632;1820
632;807
632;1625
633;1445
633;889
633;1880
633;1846
633;1869
634;1675
634;909
634;689
635;869
635;1822
635;1955
635;764
635;2006
636;956
636;1521
636;1697
636;2013
637;944
637;1563
637;1995
637;1571
638;1919
638;1722
638;1579
638;1559
638;1150
639;2178
639;1253
639;1796
639;1151
639;2168
640;1090
640;965
640;1950
640;1189
641;1147
641;2045
641;1197
642;2157
642;1055
643;2104
643;1370
643;1206
643;702
644;1674
644;1148
644;252
645;1814
645;492
645;1758
645;1801
646;1007
646;2002
646;765
646;1924
646;905
647;1284
647;770
647;1958
647;181
648;1855
648;776
648;1295
649;302
649;2094
649;512
650;1686
650;1134
650;1033
650;1661
651;756
651;848
651;1639
652;1979
652;1402
652;1896
652;1917
653;1488
653;1462
653;1902
654;1983
654;2123
654;777
654;2158
655;1839
655;2031
655;1191
656;685
656;1309
657;806
657;2022
657;1290
657;1045
658;1821
658;1092
659;2028
659;1619
659;2067
659;2034
660;1575
660;947
660;2132
661;880
661;1317
661;856
662;722
662;2160
663;1384
663;1879
663;1682
663;1499
663;38
664;1902
664;1345
664;653
664;332
664;1488
665;1050
665;2143
665;1750
665;1415
666;2118
666;1612
666;1870
666;1022
667;1448
667;1296
668;1317
668;1397
668;1440
669;1083
669;2049
669;1217
669;1295
670;1580
670;2047
670;1287
670;1819
671;1443
671;853
671;1631
672;1497
672;1044
672;1139
672;884
673;2093
673;764
673;1396
673;747
674;1520
674;1275
674;2027
674;1223
674;1934
675;1308
675;2157
675;386
675;642
675;52
676;920
676;1627
676;1771
676;437
677;1143
677;891
677;794
677;331
677;762
678;1454
678;799
678;1920
678;1699
679;2133
679;1024
679;1178
679;726
679;1457
680;2069
680;1994
680;2020
680;1116
681;855
681;919
681;1857
681;1000
682;1150
682;1962
682;1388
682;1891
683;843
683;1748
683;1193
684;1204
684;394
685;972
685;1309
686;1980
686;1188
686;1779
686;2102
687;717
687;1745
687;1694
687;517
687;1705
688;801
688;1916
688;1124
688;927
689;1498
689;1675
689;1615
689;1456
690;1317
690;1397
690;668
691;2006
691;2012
691;1614
692;1897
692;1137
692;1216
692;292
693;1418
693;1482
693;1081
693;1
693;792
694;1903
694;1068
694;1735
694;1062
694;1562
695;2172
695;2120
695;769
696;1676
696;1231
697;1324
697;933
697;851
698;1378
698;282
698;154
699;1767
699;20
699;1867
700;932
700;1656
701;795
701;1486
701;1300
702;746
702;1519
702;2104
702;1434
703;1303
703;870
703;873
703;1139
704;1759
705;1885
705;1925
705;1719
705;890
705;1921
706;956
706;2013
707;2059
707;897
707;1133
707;1241
708;1193
708;969
708;1748
708;843
709;718
709;1616
709;1100
709;811
710;2153
710;994
710;1802
710;225
710;1453
711;1555
711;1816
711;71
712;1931
712;1596
712;808
712;1491
713;1553
713;788
713;1675
713;689
713;363
714;1273
714;1414
714;1725
714;1458
714;1772
715;807
715;2097
715;2019
715;1126
715;475
716;1540
716;2170
716;761
716;1419
716;1012
717;503
717;1745
718;1616
718;1965
718;577
719;730
719;978
719;748
719;431
719;446
720;1435
720;2117
721;924
721;841
722;1221
723;785
724;1717
724;1374
724;1702
724;1505
725;1238
725;1947
725;615
725;1618
725;881
726;1178
726;2021
726;2113
726;286
726;1024
727;1799
727;823
727;1235
728;1332
728;992
728;1918
728;569
729;827
729;1693
729;1810
729;1359
729;1255
730;1568
730;2075
730;748
730;978
731;2115
731;1876
731;1215
731;1489
731;1380
732;1475
732;1723
732;2052
732;1604
733;1710
733;1636
733;834
733;1859
733;1645
734;1820
734;2092
734;1459
734;1625
735;823
735;1488
736;2110
736;1177
736;1768
736;1701
737;1167
737;1485
737;749
737;1006
738;1025
738;1679
738;2087
739;757
739;2007
739;1844
739;1261
739;1544
740;1055
740;642
740;2108
741;1262
741;1549
741;1036
742;1103
742;2080
742;1043
742;816
743;1461
743;1760
743;1737
743;1266
743;881
744;1008
744;1595
744;1504
744;1622
744;1071
745;1273
745;1772
745;1535
745;1322
746;861
746;1434
746;839
747;1550
747;1955
747;869
748;978
748;1568
748;1217
748;140
749;1167
749;1269
750;594
750;699
750;20
750;235
751;778
751;1764
751;1601
751;1277
752;2166
752;1552
752;271
752;1826
753;831
753;1382
753;1576
753;1205
754;872
754;1437
754;1716
754;1146
754;1108
755;2156
755;980
755;1764
755;1277
756;1431
756;1639
756;17
757;2007
757;1261
757;1544
757;1844
758;831
758;1382
758;1778
758;1505
758;1702
759;1495
759;2134
759;1036
760;1629
760;1631
761;1012
761;2170
761;2094
761;1540
762;766
762;1871
762;1233
763;1016
763;1358
763;1942
763;584
763;1592
764;2093
764;869
765;1672
765;1007
765;2002
765;1924
766;1233
766;1871
766;156
767;1277
767;2156
767;496
767;751
768;1813
768;1709
768;1182
768;1573
769;2120
769;1862
769;1375
770;1284
770;1134
770;1033
770;442
771;1031
771;1993
771;1025
771;1679
771;2041
772;1667
772;1142
772;2008
772;943
772;35
773;1119
773;1738
773;1099
773;780
773;1797
774;1584
774;1427
774;1222
775;1282
775;1300
775;590
775;531
775;795
776;1855
776;1295
777;2123
777;772
778;1764
778;1601
779;1387
779;1285
780;1738
780;962
780;1099
781;1815
781;840
781;1641
781;1861
781;1141
782;1785
782;2090
782;1642
782;1010
782;2144
783;1318
783;1743
783;399
783;1623
784;1749
784;1970
784;1657
785;1797
785;1737
786;1583
786;1968
786;1211
786;272
786;1626
787;1305
787;1053
787;1493
787;1111
787;894
788;1786
788;1911
788;1553
789;1531
789;812
789;1581
789;1848
789;954
790;870
790;1893
790;1139
791;2173
791;511
791;1782
792;1057
792;462
792;2106
793;1808
793;1536
793;2009
793;1250
794;1143
794;891
794;1051
795;1300
795;1282
796;1982
796;1949
796;1517
797;1366
797;911
797;1181
797;396
797;883
798;1174
798;1185
798;1967
798;1181
799;1920
799;1699
800;1444
800;1280
800;1807
800;1364
801;1916
801;1124
801;29
801;1141
802;1423
802;1842
802;1481
802;1500
802;1841
803;996
803;1886
803;1868
803;1480
804;2005
804;1478
804;1087
804;2031
805;1080
805;1399
805;1715
806;2022
806;1045
806;1290
807;2019
807;1126
807;2092
808;1931
808;1596
809;1343
809;1905
809;346
809;468
810;1041
810;1823
810;2162
810;1922
811;1157
811;1100
811;902
811;1042
811;1616
812;1531
812;1888
812;1835
813;1951
813;1148
813;1674
813;2146
814;818
814;1610
814;1741
815;864
815;1929
815;168
815;1752
815;1470
816;1228
816;1129
816;2017
816;1103
816;917
817;820
817;1600
817;1061
817;1771
818;2029
818;1096
819;878
819;1171
819;1249
819;1251
820;1600
820;1992
820;516
820;1061
821;1617
821;965
821;640
822;1529
822;1013
822;1623
822;1393
823;1235
824;1264
824;1913
824;1607
824;1508
825;2057
825;1574
825;698
826;1883
826;1647
826;1153
827;1693
827;1359
827;1410
828;1244
828;1620
828;1199
828;1687
829;1703
829;1164
829;1235
829;390
829;860
830;926
830;1450
830;883
830;1111
831;1382
831;271
831;1552
833;995
833;1446
833;2053
833;939
833;623
834;1710
834;1645
834;1040
834;1859
835;1270
835;1469
836;1724
836;1466
836;1696
837;1355
837;967
837;1447
838;1903
838;1735
838;694
838;1310
838;1562
839;861
839;1232
839;1518
839;164
840;2058
840;1858
840;1641
840;1815
841;1727
841;924
842;1479
842;312
842;1430
843;1193
843;1748
843;229
844;1003
844;1849
844;1713
844;1195
845;1638
845;986
845;1038
845;1428
845;1932
846;976
846;1803
846;1964
847;2111
847;1514
847;1951
848;1420
849;2066
849;1198
849;2026
849;2144
850;2078
850;887
850;1404
851;1324
851;1525
852;1666
852;1121
852;1464
852;1556
852;1029
853;1443
853;1631
854;1565
854;1935
854;624
854;928
855;1673
855;1857
855;919
856;1698
856;876
856;310
856;868
857;1704
857;1960
857;1791
857;1877
857;1881
858;1952
858;1104
858;1434
859;1898
859;1953
859;1380
859;975
860;1276
860;2056
860;1605
860;558
860;10
861;1232
861;1434
862;918
862;1430
862;875
862;2003
863;1928
863;1510
863;1301
864;1175
864;1470
864;1752
864;1286
865;1589
865;2128
865;1281
865;1454
866;1882
866;1561
866;1566
866;1598
867;1525
867;336
867;851
867;598
868;945
868;1136
868;1094
868;1526
869;1955
869;169
870;1303
870;1139
871;1784
871;1601
871;751
871;778
871;924
872;1108
872;1840
872;993
873;1388
873;1962
874;1853
874;1632
874;1299
875;1259
875;2003
875;1338
875;1644
876;1698
876;951
876;1263
877;2105
877;1856
878;1171
878;1249
878;886
879;1783
879;1831
879;440
879;1005
879;1135
880;1242
880;2147
880;1094
881;1959
881;1947
881;1760
882;1391
882;1101
882;1620
883;926
883;1450
884;1095
884;1497
885;2112
885;1636
885;919
885;1352
885;733
886;1613
886;1523
886;1249
886;999
886;931
887;2078
887;166
887;1720
888;1512
888;1062
888;614
889;1846
889;1600
889;1155
889;1869
890;1925
890;1719
890;1187
890;1885
891;1143
891;762
891;331
892;1593
892;2119
892;1081
892;1482
893;2037
893;1032
893;1946
893;1798
894;1018
894;1493
894;1450
894;1305
895;951
895;1263
895;1071
895;604
896;2151
896;270
897;1133
897;1241
897;1606
898;1591
898;1386
898;1967
898;987
898;1185
899;1734
899;1686
899;1113
899;1558
900;1659
901;1923
901;1254
902;1100
902;980
902;1157
903;1017
903;940
903;1135
903;1421
904;2035
904;2122
904;1999
904;1073
905;2002
905;1007
905;2065
905;2179
906;1711
906;337
906;1394
906;1826
907;1088
907;27
907;2068
908;1323
908;1393
908;971
908;1013
909;363
909;1675
909;1498
910;2111
910;847
911;1181
911;1089
911;1406
911;1366
911;2167
912;2140
912;1528
912;1271
912;1806
912;1401
913;1117
913;2151
914;1896
914;1465
914;1824
914;652
914;1630
915;1411
915;2088
915;2164
916;1714
916;1144
916;1875
916;1048
917;1129
917;1228
917;2017
918;1430
918;1479
918;875
919;1000
919;2112
919;1857
920;1027
920;437
920;1771
921;1127
921;974
922;1609
922;1866
922;743
922;1461
922;2039
923;966
923;1381
923;1758
923;979
923;1010
924;1784
925;2030
925;1623
925;2024
925;816
926;1386
926;987
926;1591
927;1124
927;450
927;1699
928;1362
929;2098
929;1002
930;1906
930;1107
930;1635
930;1154
930;565
931;1249
931;1251
931;1613
931;878
932;1656
933;1324
933;851
934;1015
934;1477
934;1084
934;1365
935;1438
935;1664
936;1494
936;1065
936;1652
936;1226
936;1632
937;1694
937;1614
937;1745
937;471
938;974
938;921
938;805
939;775
939;531
939;590
939;1300
939;1282
940;1257
940;1700
940;1421
940;1017
941;1413
941;1322
941;1152
941;1833
942;1009
942;1151
942;959
942;2178
943;1628
943;1667
943;1515
943;1142
944;1563
944;1995
944;1571
945;1136
945;1094
945;1526
945;1766
946;1368
946;1975
946;1250
946;1441
946;1138
947;1575
947;2132
948;1859
948;1352
948;1710
948;1636
949;1424
949;1914
949;958
949;1590
950;2074
950;1971
951;1263
951;1698
951;982
951;1071
952;1543
952;1298
952;1634
952;1268
953;1475
953;1219
953;732
953;434
953;1029
954;1581
954;1026
954;2049
955;1105
955;963
955;1265
955;1035
956;2013
956;1521
957;1663
957;1628
958;1914
958;1278
958;1424
958;1681
959;962
960;991
960;2176
960;2046
961;2017
961;1103
961;1129
961;1421
961;1207
962;64
962;1738
963;1035
963;1105
963;1985
964;1060
964;1351
964;1294
964;1073
964;1963
965;1189
965;1090
966;1758
966;1381
966;994
966;1979
967;1176
967;1587
967;1355
967;1410
968;1027
968;1711
968;1394
969;1193
969;1748
970;1113
970;1734
970;1558
970;899
970;1798
971;1743
971;1393
971;408
972;656
972;998
973;2154
973;1275
973;1195
973;1713
974;805
975;1953
976;1803
977;1726
977;2119
977;2077
977;892
978;1977
978;1568
978;1217
979;1010
979;2079
979;782
979;2103
980;2156
980;219
981;1049
981;2040
981;1072
982;1348
982;1071
982;1263
983;1780
983;232
983;2120
983;257
984;1511
984;1122
984;1145
984;1893
985;1968
985;786
985;1637
985;1210
985;1211
986;1638
986;1932
986;2050
986;1091
987;1111
987;1386
987;1591
988;1496
988;1236
988;1227
988;1624
988;1792
989;1402
989;1761
989;1470
989;1630
990;1805
990;1021
990;1218
991;1451
991;1746
991;1830
992;1332
992;1918
992;2131
993;1840
993;1163
993;2038
993;1108
994;2153
994;1453
994;1802
995;1446
995;2053
995;1524
995;2114
996;1886
996;562
996;1868
996;6
997;1719
997;1579
997;105
997;705
998;1627
999;1523
999;1613
1000;2112
1000;885
1000;414
1001;1229
1001;1684
1001;2177
1001;1788
1001;1728
1002;77
1002;545
1002;1940
1003;1849
1003;1542
1003;1834
1004;1739
1004;1567
1004;1266
1004;2034
1004;1947
1005;1597
1005;1831
1005;1457
1005;1978
1005;1783
1006;1485
1006;1167
1006;626
1006;1210
1007;2002
1007;1924
1008;1504
1008;1595
1008;1640
1008;1622
1009;959
1009;2178
1010;2103
1010;1785
1010;492
1011;1653
1011;2044
1011;1056
1012;2170
1012;2094
1012;1048
1013;1393
1013;1529
1014;1224
1014;1346
1015;1477
1015;1365
1015;1084
1016;1592
1016;1358
1016;1942
1016;1542
1017;1135
1017;1783
1018;1493
1018;1450
1018;1305
1019;1034
1019;1436
1019;1724
1019;1943
1020;1895
1020;1644
1020;1337
1020;2003
1021;1805
1021;1989
1022;1201
1022;2118
1023;2177
1023;1788
1023;1229
1023;1001
1023;1684
1024;2133
1024;1178
1024;2113
1025;1679
1025;237
1025;2087
1026;1030
1026;1921
1026;1604
1026;201
1027;2016
1028;1109
1028;2071
1028;1252
1028;560
1029;1464
1029;1666
1029;1475
1030;1921
1030;1158
1030;1835
1030;1925
1031;2041
1031;1025
1031;2031
1031;738
1032;2037
1032;1946
1032;628
1033;1134
1033;1686
1033;1558
1034;1436
1034;1724
1034;1671
1035;1105
1036;1262
1036;1549
1037;2179
1037;2065
1037;905
1037;1556
1038;1428
1038;405
1038;1167
1039;1130
1039;1220
1039;1626
1040;1645
1040;2150
1041;1823
1041;2162
1041;2130
1042;1157
1042;1415
1042;2143
1042;1616
1043;1843
1043;2138
1043;1210
1044;1497
1044;1095
1045;1290
1045;2022
1046;1313
1046;1939
1046;1166
1046;1400
1047;1709
1047;1182
1047;768
1047;88
1048;1875
1048;2094
1048;1144
1049;2040
1049;1682
1049;1072
1050;2143
1050;1415
1050;0
1050;1750
1051;331
1051;211
1051;1645
1051;1561
1052;104
1052;2097
1052;1576
1052;715
1053;1305
1053;1493
1053;1111
1053;1658
1054;1214
1054;1911
1054;1786
1054;1827
1054;1412
1055;386
1055;52
1056;1283
1056;2044
1057;1304
1057;2152
1057;1910
1058;1385
1058;1196
1058;1993
1058;1649
1058;1874
1059;1327
1059;1828
1059;1765
1059;1894
1060;1073
1060;1351
1060;1294
1060;1963
1061;1771
1062;2055
1062;1068
1063;150
1063;1371
1063;127
1063;1733
1064;1863
1064;836
1064;1724
1065;1494
1065;1632
1065;1299
1066;1236
1066;1933
1066;1650
1067;1941
1067;2060
1068;1735
1068;1650
1068;1933
1069;2070
1069;1146
1069;2
1069;1437
1069;2136
1070;1483
1070;226
1070;1562
1071;1348
1071;1640
1072;2169
1073;2122
1073;2035
1074;22
1074;1748
1074;229
1074;969
1074;1339
1075;1472
1075;1361
1075;1535
1075;1725
1075;1988
1076;1487
1076;1969
1076;1996
1076;2175
1077;1757
1077;1191
1077;1929
1077;2142
1078;1215
1078;1314
1078;1599
1078;348
1080;1399
1080;136
1080;1114
1080;2174
1081;1418
1081;1593
1081;1746
1082;1769
1082;1222
1082;1328
1082;1188
1083;1217
1083;2049
1083;1295
1084;1477
1084;1365
1085;1407
1085;1183
1085;2164
1086;1651
1086;1564
1086;1092
1087;1196
1087;1478
1087;1993
1087;1385
1088;2100
1088;2086
1089;1406
1089;2167
1089;1926
1090;1189
1090;404
1090;572
1091;2050
1091;1533
1091;1428
1092;1651
1092;1687
1092;1564
1093;1851
1093;1633
1093;1991
1094;1136
1094;1242
1095;1810
1095;151
1096;2029
1096;1200
1096;1828
1097;2076
1097;1425
1097;1634
1097;176
1097;334
1098;1102
1098;2127
1098;1856
1099;1738
1099;962
1100;1157
1101;1391
1101;388
1101;1344
1102;2127
1102;1856
1103;2017
1103;1228
1104;1952
1104;1118
1104;1519
1105;1265
1106;1429
1106;1334
1106;316
1107;1906
1107;1154
1107;1635
1108;2038
1108;1840
1109;2071
1109;1252
1109;1585
1110;1234
1110;1585
1110;1252
1111;1658
1111;926
1112;2051
1112;1582
1112;1237
1113;1734
1113;1798
1113;477
1114;1399
1114;2174
1114;1683
1115;2095
1115;1681
1115;958
1115;1278
1116;2020
1116;2069
1117;2082
1117;2151
1117;1254
1118;1519
1118;858
1119;1797
1119;1609
1119;1738
1119;1866
1120;1554
1120;1471
1120;1829
1120;366
1120;2083
1121;1666
1121;1556
1121;1977
1122;1511
1122;1145
1122;1202
1122;1893
1123;1772
1123;1414
1124;46
1125;1194
1125;1744
1125;1635
1126;2019
1126;1935
1126;1565
1128;1325
1128;1537
1128;1730
1128;1258
1129;1228
1129;2017
1130;1220
1130;1626
1131;1360
1131;1892
1131;1339
1132;1433
1132;1787
1132;2124
1132;184
1132;695
1133;1241
1133;1606
1134;1686
1135;1689
1135;1783
1135;1978
1136;1526
1136;1766
1137;1897
1137;1718
1138;158
1138;2054
1138;1250
1139;1303
1140;1800
1140;1643
1140;1804
1141;1861
1141;1815
1142;1667
1142;1628
1142;27
1143;1882
1144;1875
1144;512
1145;1511
1145;1893
1145;1984
1146;2
1146;2070
1146;1437
1147;1546
1147;1197
1147;2045
1148;1674
1148;1951
1148;412
1149;2157
1150;1722
1150;1559
1150;1190
1151;2178
1151;1691
1151;1987
1152;1833
1152;1413
1152;16
1152;1368
1153;1812
1153;1647
1153;2139
1154;1906
1154;2042
1155;1869
1155;1522
1155;1846
1155;1600
1156;1364
1157;1616
1158;1835
1158;1962
1158;1531
1159;1552
1159;1826
1160;2004
1160;1848
1160;1742
1160;1338
1160;1259
1161;1662
1161;1940
1161;2098
1161;174
1162;2121
1162;842
1162;1479
1163;2038
1163;1283
1163;1840
1163;1108
1164;1235
1164;1703
1164;1488
1165;2025
1165;1762
1165;984
1166;1939
1166;1313
1166;1905
1166;1173
1167;1485
1168;1304
1168;1286
1168;1752
1169;1465
1169;1487
1170;1544
1170;1416
1170;1261
1170;420
1170;1344
1171;1680
1171;1204
1172;268
1172;441
1172;368
1172;340
1173;1186
1173;507
1173;1313
1173;1564
1174;1185
1174;1967
1174;1181
1175;1286
1175;1957
1175;815
1175;102
1176;1587
1176;1355
1176;1410
1176;837
1177;1768
1177;2110
1178;2133
1178;2021
1179;1320
1179;1668
1179;1873
1179;1759
1179;527
1180;1754
1181;1185
1182;2128
1182;1589
1182;1281
1182;1813
1182;865
1183;1407
1183;1691
1183;284
1184;1685
1184;1350
1184;182
1184;2089
1185;1967
1185;396
1186;1564
1186;1166
1186;1199
1187;1719
1187;1919
1187;1925
1188;1463
1188;123
1188;1769
1190;1559
1190;1722
1190;1809
1191;1757
1191;1929
1192;1588
1192;1972
1192;1400
1192;1817
1193;1748
1194;1744
1194;1291
1195;1713
1196;1385
1196;1993
1196;1649
1197;2045
1197;1276
1197;482
1197;2056
1197;1546
1198;2066
1198;2144
1198;1642
1199;1687
1199;1564
1199;1244
1200;1573
1200;198
1200;1813
1201;2056
1201;1276
1202;1403
1202;1476
1202;1511
1202;984
1203;59
1203;1079
1203;2001
1204;1680
1204;1230
1205;1778
1205;1362
1205;204
1206;1370
1206;1682
1206;416
1206;2104
1207;2017
1207;1103
1208;1789
1208;1342
1208;1999
1209;1845
1209;1983
1209;1592
1209;2068
1209;654
1210;1843
1210;1968
1211;1637
1211;1583
1211;2026
1211;1968
1212;1239
1212;2137
1212;2057
1212;2085
1213;1736
1213;1799
1214;1786
1214;1417
1214;1911
1215;1314
1215;1876
1215;1901
1216;1984
1216;1897
1216;357
1216;586
1216;1340
1217;1267
1218;1805
1218;1021
1218;1253
1219;1475
1219;2134
1219;1495
1220;1626
1220;272
1221;1961
1221;83
1222;1769
1222;1328
1223;1934
1223;1520
1224;1346
1224;1269
1224;573
1225;1545
1225;1899
1225;1830
1225;1603
1226;1494
1226;1292
1226;1065
1227;1496
1227;1272
1228;2017
1229;2177
1229;1684
1229;1788
1230;1680
1230;684
1230;1171
1231;1676
1232;1518
1232;1513
1232;1670
1233;1871
1233;1734
1234;1551
1235;1703
1236;1624
1236;2032
1236;564
1237;1582
1237;2051
1238;2067
1238;1739
1238;2034
1239;2137
1239;2085
1239;2057
1240;2149
1240;1333
1240;1409
1240;1396
1240;1976
1241;1606
1242;1766
1242;1136
1243;933
1243;1502
1243;1324
1243;1451
1243;697
1244;1620
1244;1302
1245;1860
1245;1347
1246;1777
1246;1509
1246;2060
1246;547
1246;1659
1247;1256
1247;1950
1247;572
1247;1828
1248;2009
1248;2148
1248;793
1248;1536
1249;1251
1249;1613
1250;1536
1250;1808
1250;2009
1251;1613
1251;1680
1251;878
1252;1585
1253;1796
1253;2178
1254;1923
1254;2082
1254;1981
1255;1410
1255;827
1255;1044
1255;34
1256;1950
1256;640
1257;1700
1257;917
1257;1129
1258;1325
1258;1537
1259;1338
1259;2003
1259;2004
1260;1753
1260;1577
1260;242
1261;1544
1261;1416
1261;1865
1262;1549
1263;1698
1263;1071
1264;1913
1264;504
1264;139
1264;909
1265;963
1265;1985
1265;132
1266;1567
1266;1737
1266;1760
1266;1461
1266;1947
1267;1295
1267;648
1267;1855
1268;1298
1268;2155
1268;1973
1268;1634
1269;1335
1269;1014
1270;1376
1271;2140
1271;1528
1271;1806
1271;1865
1272;1937
1272;1740
1273;1414
1273;1772
1273;1535
1274;1889
1274;1504
1274;1640
1275;1520
1275;1934
1275;2154
1276;2056
1276;1605
1276;2045
1277;2156
1277;1764
1278;1914
1278;1681
1278;1424
1279;2023
1279;1119
1279;1866
1279;2039
1280;1364
1280;1807
1281;2128
1281;1573
1281;1589
1281;1813
1282;1300
1282;701
1283;2038
1283;1108
1283;993
1284;1571
1285;1670
1285;2001
1285;1518
1285;1513
1286;1752
1286;1910
1287;2047
1287;1580
1287;636
1287;1697
1287;1345
1288;2130
1288;2126
1288;1432
1288;1878
1289;1660
1289;1326
1289;900
1289;1331
1290;2022
1291;1744
1291;1712
1291;1501
1292;1881
1292;1930
1292;1704
1292;857
1293;1731
1293;2063
1293;2161
1294;1351
1294;1963
1294;1073
1295;1855
1295;2049
1295;574
1296;1448
1296;423
1296;1643
1297;1611
1297;31
1297;1770
1297;1864
1298;1634
1298;1543
1299;1966
1299;1632
1301;2046
1301;1510
1301;2176
1302;1620
1302;882
1304;1910
1305;1493
1306;1677
1306;143
1307;1547
1307;1873
1307;1759
1308;2157
1308;386
1308;642
1309;1502
1310;1562
1310;1903
1310;694
1310;1070
1311;1966
1311;1299
1311;874
1311;535
1311;108
1312;1458
1312;1149
1312;1725
1312;8
1313;1939
1314;1901
1314;157
1314;1876
1315;1328
1315;1606
1315;1222
1315;1769
1316;1389
1316;1561
1316;1051
1316;733
1317;1397
1318;1319
1318;284
1318;1541
1319;1541
1319;1775
1319;2030
1319;67
1320;2036
1320;1668
1320;1378
1320;1873
1321;1414
1321;1123
1321;714
1322;1988
1322;1535
1323;229
1323;22
1323;683
1325;1537
1325;1730
1326;1331
1326;1660
1326;1884
1327;1599
1327;348
1328;1769
1329;1708
1329;1733
1330;1654
1330;1927
1330;1383
1330;209
1330;1834
1331;342
1331;877
1331;2127
1332;1918
1332;2160
1333;2149
1333;1396
1333;1976
1333;673
1334;2125
1334;2081
1335;1944
1335;349
1336;2055
1336;2171
1336;1924
1336;2129
1336;1832
1337;1895
1337;1469
1337;1644
1338;2003
1338;2004
1340;2141
1340;2155
1340;1984
1341;1755
1341;1106
1341;316
1342;1452
1342;1789
1343;1905
1343;1904
1344;1391
1344;1625
1344;498
1345;1697
1345;1902
1347;1860
1347;210
1347;1598
1348;1640
1349;1883
1349;1647
1349;228
1350;1685
1350;1539
1350;2107
1351;1963
1351;1073
1352;1859
1352;2112
1353;1445
1353;516
1353;1846
1354;1506
1355;1587
1356;1398
1356;1527
1356;1429
1357;1439
1357;2145
1357;1887
1357;1612
1358;227
1358;1542
1358;844
1358;1934
1359;1693
1359;1410
1360;1892
1361;1472
1361;1535
1361;1988
1361;1322
1363;1422
1363;2075
1363;574
1363;1568
1364;1807
1365;1477
1365;1836
1366;2167
1366;1435
1367;1839
1368;1833
1368;1138
1369;2072
1369;1491
1369;418
1369;511
1370;486
1370;1682
1371;74
1371;1489
1372;1507
1372;1427
1372;1222
1372;774
1373;1665
1373;223
1374;1717
1374;1967
1374;1185
1375;1862
1375;257
1375;1709
1376;1469
1377;2125
1377;2081
1377;1480
1377;1334
1378;2036
1378;1818
1378;1574
1379;1802
1379;1342
1380;1953
1380;1898
1381;427
1381;537
1382;1552
1383;1927
1383;1460
1383;1834
1384;1879
1384;1682
1384;775
1384;1282
1385;1993
1385;1457
1386;1591
1386;798
1386;1174
1387;1945
1387;319
1388;1962
1388;330
1389;1561
1389;866
1389;1756
1390;810
1390;1922
1390;1569
1391;388
1391;1302
1392;1683
1392;2174
1392;1114
1392;1399
1393;1743
1394;1711
1394;1627
1394;1027
1395;1408
1395;1762
1395;932
1396;1976
1396;1766
1396;2149
1397;1440
1398;1527
1398;1429
1399;2174
1399;1715
1400;1588
1400;1313
1401;1499
1401;1806
1401;1945
1402;1917
1403;1476
1403;195
1403;1462
1403;653
1404;887
1404;2078
1404;1720
1405;2015
1405;55
1405;1801
1405;1789
1405;275
1406;2167
1406;1926
1407;399
1407;2164
1408;166
1408;1656
1408;932
1408;850
1409;2109
1409;1976
1409;1526
1409;945
1409;1766
1410;1587
1411;1796
1411;2088
1411;2139
1412;1417
1412;1214
1412;1863
1413;1833
1413;1322
1414;1772
1415;2143
1415;1157
1416;1544
1416;1271
1416;1528
1417;1863
1418;1482
1418;1593
1419;1540
1419;1767
1419;761
1419;1012
1420;167
1421;2017
1421;1129
1422;2075
1422;574
1422;1267
1423;1842
1423;1481
1423;1500
1423;1841
1424;1914
1425;1692
1425;2076
1426;1827
1426;1306
1426;479
1426;283
1426;1054
1427;1584
1427;1507
1429;1857
1429;1527
1430;1479
1431;1639
1431;1860
1431;17
1431;167
1432;1231
1432;696
1432;1676
1432;107
1433;1787
1433;2124
1433;695
1435;2117
1435;241
1436;1943
1436;1811
1437;1716
1437;872
1438;1664
1438;1460
1439;2145
1439;1887
1439;1521
1440;1608
1440;591
1441;1975
1441;1928
1441;863
1441;1248
1442;1756
1442;1990
1442;1872
1442;1452
1442;320
1443;1631
1444;95
1444;1280
1444;1825
1445;1880
1446;2042
1446;445
1446;9
1447;1355
1447;1742
1448;423
1449;2054
1449;203
1449;2077
1449;158
1449;1726
1450;1493
1451;1880
1451;960
1452;1990
1452;1872
1453;2153
1453;1169
1453;1465
1454;799
1454;1589
1455;1500
1455;1841
1456;1615
1456;1498
1456;649
1457;1993
1457;2133
1458;32
1458;1725
1459;1820
1459;1625
1460;1927
1460;568
1461;1760
1461;1737
1461;881
1462;1488
1462;735
1463;1082
1463;1069
1464;953
1464;1219
1464;1666
1465;1487
1466;1696
1466;2135
1467;340
1467;540
1467;1912
1467;1534
1467;466
1468;2113
1468;2021
1468;726
1469;1270
1469;444
1470;1917
1470;1402
1470;537
1471;2083
1471;1720
1472;1535
1472;1400
1472;1988
1473;2078
1473;1656
1474;1690
1474;2114
1474;1570
1474;277
1474;297
1476;195
1476;1462
1476;653
1478;2005
1480;2081
1480;2125
1480;1334
1481;1842
1481;248
1481;1045
1482;1593
1482;1081
1483;1310
1484;865
1484;1373
1484;46
1485;749
1486;1503
1486;795
1486;590
1486;1300
1487;1969
1487;1996
1487;1824
1489;1876
1489;1127
1489;2115
1489;532
1490;1773
1490;1577
1490;555
1491;1596
1491;1931
1491;368
1492;1829
1492;1948
1492;1936
1492;1554
1494;1652
1494;1632
1495;2134
1495;1036
1496;1792
1496;1236
1498;1615
1498;1675
1499;1806
1499;2140
1499;912
1500;1841
1500;1877
1501;1712
1501;1707
1501;1985
1502;194
1502;685
1503;701
1503;469
1503;419
1504;1640
1505;1702
1505;1557
1505;324
1507;1584
1507;774
1508;1607
1508;716
1508;1837
1509;2060
1509;1777
1510;1928
1510;2046
1511;1893
1512;2032
1512;1624
1512;1958
1513;1670
1513;1518
1514;2111
1514;192
1514;1951
1515;1628
1515;957
1515;630
1515;1667
1516;1838
1516;1677
1516;2062
1516;483
1516;1782
1517;1073
1517;1060
1517;964
1518;1670
1520;1934
1521;2145
1521;2013
1521;1887
1522;113
1522;536
1522;1869
1523;1613
1523;1249
1524;2053
1524;1690
1524;2114
1525;2089
1525;336
1525;1184
1526;2109
1527;30
1528;2140
1528;1806
1529;1623
1529;67
1530;941
1530;207
1530;1975
1530;1441
1530;1152
1531;1835
1531;1888
1532;2139
1532;2088
1532;1323
1532;1074
1533;2050
1533;449
1533;986
1533;1638
1534;1793
1534;2146
1534;1986
1535;1988
1536;1808
1536;2009
1537;1730
1537;1781
1538;2136
1538;2070
1538;1751
1538;100
1538;2
1539;2107
1539;1957
1539;1685
1540;1012
1540;1767
1541;1775
1541;2030
1541;2024
1542;1849
1542;844
1543;1634
1543;1268
1544;1865
1545;1899
1545;370
1545;1830
1546;2045
1547;1791
1547;1960
1547;857
1548;1900
1548;958
1548;1914
1548;208
1550;2147
1550;1955
1551;1676
1551;1585
1552;1826
1553;1675
1553;689
1553;302
1554;1829
1554;1936
1554;1471
1555;1816
1556;1666
1556;2065
1557;1702
1557;1942
1558;1686
1559;1722
1560;1974
1560;2096
1560;1920
1560;678
1561;1882
1562;1903
1562;1062
1563;1995
1563;1729
1564;1687
1564;1651
1565;1935
1565;624
1566;1598
1566;1882
1566;331
1567;1737
1567;1760
1567;1947
1568;2075
1568;1217
1568;1422
1569;2000
1569;1907
1570;1749
1570;784
1570;377
1571;1956
1571;2048
1572;2043
1572;2106
1572;2087
1572;237
1573;1813
1573;2128
1573;1589
1573;1182
1574;698
1574;610
1574;2126
1575;1774
1576;1159
1576;4
1576;337
1577;1753
1578;1665
1578;223
1578;1861
1578;217
1579;1919
1580;2047
1580;636
1581;1848
1582;2051
1583;1626
1583;1621
1584;949
1585;1823
1586;1786
1587;34
1588;1817
1588;1972
1589;2128
1590;1749
1590;784
1590;1779
1591;798
1591;1174
1592;1942
1594;1708
1594;110
1594;1329
1595;1622
1595;1504
1595;1633
1596;1931
1597;1978
1597;1908
1597;1689
1597;1831
1598;1882
1598;331
1600;1846
1601;1764
1601;1784
1602;1619
1602;2067
1602;2074
1602;950
1603;1899
1603;1910
1604;2052
1604;1723
1605;2056
1605;1197
1606;1328
1607;1837
1607;1767
1608;474
1608;1631
1609;1866
1609;2039
1609;1797
1610;896
1610;199
1610;545
1611;1864
1611;1770
1611;2132
1612;1870
1612;1439
1612;2118
1614;1694
1614;1745
1614;1795
1615;363
1616;1965
1617;1950
1617;2165
1617;640
1618;1238
1618;1602
1619;2028
1619;1727
1621;1626
1621;1130
1621;1039
1622;1991
1622;1633
1623;2030
1624;2032
1624;1066
1625;1820
1625;2092
1627;159
1629;1631
1629;2014
1630;1761
1630;1896
1630;1706
1632;1652
1633;1851
1633;1991
1635;1906
1635;1997
1636;1710
1636;1859
1636;834
1637;786
1637;2026
1637;1968
1638;1932
1638;1091
1638;2050
1639;848
1641;1763
1641;1815
1641;2058
1642;2090
1642;2144
1642;1785
1642;1932
1643;1800
1643;1804
1644;1895
1644;2003
1645;2150
1645;484
1646;553
1646;1872
1646;373
1647;1883
1648;2098
1648;2101
1648;2163
1649;1874
1649;1220
1649;26
1650;1933
1650;1735
1650;564
1652;249
1652;1226
1653;1721
1653;1854
1653;2061
1653;2044
1654;1927
1654;634
1654;209
1655;2152
1655;585
1655;1304
1655;1057
1656;2078
1657;1970
1657;2114
1657;1954
1657;1749
1658;1362
1658;928
1659;1777
1660;1331
1661;432
1661;484
1662;606
1662;1633
1662;1093
1663;1628
1664;479
1666;1977
1667;1628
1667;2008
1668;1759
1668;1873
1669;2116
1669;1852
1669;657
1669;1290
1669;2022
1670;2001
1671;1696
1671;836
1671;1724
1672;646
1672;1924
1672;1007
1673;112
1673;681
1673;1659
1673;161
1677;1838
1678;225
1678;300
1678;1868
1678;1480
1679;237
1679;2087
1680;819
1681;1914
1681;2095
1682;2040
1682;1879
1682;981
1683;2174
1683;1399
1684;2177
1684;1788
1685;2107
1685;182
1687;1651
1689;1978
1689;1908
1690;2114
1690;1657
1691;2168
1692;1213
1692;2076
1694;1745
1694;471
1695;1706
1695;317
1695;2089
1695;1045
1696;285
1697;1521
1697;2145
1698;982
1699;1920
1699;2096
1700;376
1700;903
1700;917
1701;1844
1701;2110
1701;1177
1702;1717
1703;390
1703;860
1704;1791
1704;1960
1704;1881
1705;2012
1705;1822
1705;2006
1705;471
1705;503
1706;2089
1706;1761
1707;1712
1707;1291
1707;1840
1708;1733
1709;306
1710;1859
1711;1627
1712;2161
1714;1012
1714;1048
1714;1875
1714;761
1715;1114
1715;2174
1716;872
1718;2155
1718;586
1718;2141
1719;1925
1720;2083
1720;577
1721;1854
1721;2061
1721;2073
1721;2010
1722;152
1723;2052
1723;1475
1724;1466
1724;508
1725;1535
1725;1273
1726;2077
1726;2119
1726;84
1727;2028
1727;659
1728;1229
1728;1684
1729;153
1729;637
1729;1995
1730;1781
1731;2063
1731;2161
1732;882
1732;119
1732;122
1732;1620
1732;828
1734;1798
1736;1728
1736;1799
1737;1760
1738;1797
1738;378
1739;2034
1739;1567
1739;615
1740;1961
1740;1258
1740;1937
1741;2098
1742;2004
1742;1338
1742;1259
1744;565
1745;471
1746;1830
1746;1915
1746;1899
1747;1938
1747;1884
1747;1853
1747;1790
1749;1970
1750;1180
1751;2102
1751;1980
1751;1779
1751;1954
1752;1929
1753;555
1754;216
1755;316
1755;250
1755;1106
1756;1990
1756;1872
1756;1398
1757;2142
1757;1929
1758;1814
1758;2103
1759;1873
1760;1947
1761;1896
1762;255
1762;2025
1763;2165
1763;840
1763;1815
1763;2058
1765;1894
1765;1828
1766;1976
1766;1094
1767;1837
1768;2110
1770;2132
1770;1864
1770;660
1773;2077
1773;555
1774;660
1774;947
1775;2030
1775;2024
1776;602
1777;2060
1778;1505
1778;831
1778;1382
1779;1980
1779;2102
1779;1954
1780;232
1780;2120
1781;106
1782;2062
1783;1831
1783;1597
1784;778
1784;751
1785;2090
1785;1932
1785;2144
1786;1911
1787;2124
1787;184
1787;695
1788;2177
1788;1836
1789;2015
1790;1853
1790;1938
1790;1907
1790;1884
1791;1960
1791;1307
1792;722
1793;2146
1793;415
1794;1847
1794;1987
1794;1151
1795;691
1796;2178
1797;188
1798;2037
1799;823
1799;1235
1800;1804
1801;1814
1801;2103
1802;1341
1803;1964
1803;531
1803;795
1803;701
1805;145
1806;2140
1807;1444
1808;2009
1809;152
1809;1891
1810;884
1810;43
1811;1858
1811;2058
1811;1943
1811;840
1812;2139
1812;1411
1812;1647
1813;2128
1814;2103
1815;1861
1816;1626
1817;1972
1818;2036
1818;1922
1818;1878
1818;2126
1819;1404
1819;402
1819;1580
1820;2092
1821;629
1821;346
1821;1092
1822;2012
1822;869
1822;1955
1823;2162
1823;2130
1824;1969
1824;1996
1824;2175
1824;1076
1825;700
1825;255
1825;325
1826;2166
1827;1911
1827;1214
1827;1412
1827;788
1828;2029
1828;1894
1829;1936
1829;1948
1830;1899
1832;2048
1832;1956
1832;2171
1832;1571
1832;1995
1833;16
1834;1849
1834;2085
1834;844
1835;1962
1836;186
1836;2039
1838;2062
1838;483
1838;1782
1839;289
1840;2038
1841;1877
1841;138
1841;502
1842;1455
1842;1500
1842;1841
1843;1816
1843;1968
1843;985
1844;736
1845;2068
1845;1983
1845;2123
1845;384
1846;817
1847;1987
1847;1151
1848;525
1848;2004
1849;227
1850;1790
1850;1320
1850;1907
1850;1853
1851;1991
1852;2116
1852;1930
1852;248
1852;657
1853;1938
1854;2061
1854;2073
1854;2010
1854;2044
1856;2105
1856;342
1857;1106
1858;2058
1858;1641
1858;781
1862;257
1862;2018
1862;232
1863;2135
1864;2132
1864;660
1865;1806
1865;2140
1865;1416
1866;2039
1867;2033
1867;2117
1868;1076
1870;2118
1870;2051
1870;1112
1871;891
1872;1990
1872;144
1874;71
1874;1220
1875;2094
1876;206
1876;576
1876;526
1877;1960
1877;1455
1878;2126
1878;1922
1879;775
1879;1282
1881;1930
1881;1852
1884;1938
1884;1907
1885;1925
1885;1719
1885;1921
1886;1226
1886;1930
1887;2145
1887;2013
1888;1742
1888;1160
1889;1940
1889;1504
1890;1663
1890;957
1890;630
1894;2029
1895;2003
1896;1824
1896;1465
1897;48
1897;357
1898;1953
1900;958
1900;1914
1900;208
1901;2082
1901;379
1901;1117
1902;1488
1902;1462
1903;1735
1904;1905
1907;2000
1907;1938
1908;1978
1908;1135
1908;1058
1909;2014
1909;2091
1909;853
1909;14
1909;1080
1910;102
1910;585
1912;340
1912;1172
1913;2027
1913;1998
1915;2148
1916;1141
1918;2160
1919;1722
1919;1150
1920;2096
1921;1925
1922;2162
1923;1981
1924;2129
1926;1998
1926;2027
1929;2142
1930;2116
1930;1669
1932;2090
1932;782
1935;2019
1936;1948
1939;1905
1939;1343
1940;1274
1941;571
1941;196
1941;92
1942;1702
1942;1505
1943;1034
1944;2138
1944;1485
1945;779
1946;2037
1946;613
1947;1959
1948;1554
1949;1982
1949;496
1949;395
1951;2111
1952;1434
1952;164
1954;2102
1954;1980
1954;1970
1956;2048
1956;2171
1957;2107
1957;1685
1958;2032
1958;1624
1959;1760
1959;743
1960;1841
1961;45
1963;1073
1964;531
1965;2143
1966;874
1966;313
1966;535
1967;1591
1968;1583
1969;1996
1969;2175
1970;2114
1971;15
1971;1357
1972;2108
1973;1340
1973;2141
1973;586
1973;2155
1974;2096
1974;1920
1974;799
1974;678
1975;1928
1975;863
1976;2109
1976;79
1979;1917
1979;1402
1979;1896
1980;2102
1981;2091
1981;2014
1982;496
1982;265
1983;2123
1983;2068
1984;2141
1984;357
1985;1712
1985;1707
1986;1514
1986;847
1987;1691
1989;145
1989;1805
1989;990
1992;1821
1992;1061
1994;2054
1994;266
1994;2069
1994;1138
1995;2099
1996;2175
1997;1293
1997;2161
1997;565
1997;930
1998;2027
1999;80
1999;2035
2000;1850
2002;2065
2004;2003
2005;1087
2005;26
2006;2012
2006;1822
2007;1261
2007;1544
2007;509
2008;1455
2010;2073
2010;2061
2010;1328
2011;2085
2011;2137
2011;1432
2013;2145
2013;15
2013;1439
2014;853
2014;2091
2014;14
2014;222
2015;645
2015;55
2015;275
2016;968
2016;2097
2018;2064
2018;2163
2018;769
2019;2092
2020;2069
2021;2113
2021;2087
2023;1613
2023;999
2023;931
2024;2030
2024;917
2024;67
2025;1395
2026;2066
2031;1655
2031;251
2034;2067
2035;2122
2035;485
2036;610
2036;698
2040;1072
2041;738
2041;563
2041;1025
2043;2106
2043;1482
2043;2087
2044;190
2045;2056
2046;2176
2046;372
2046;863
2047;1345
2048;2171
2048;944
2050;287
2052;1475
2053;1964
2054;1808
2055;2048
2055;1956
2057;367
2058;781
2059;897
2059;1133
2059;1241
2061;2073
2061;1606
2062;1677
2063;2169
2064;2163
2065;2179
2066;2144
2068;2123
2069;61
2070;2136
2071;1252
2072;418
2072;511
2072;1491
2074;1971
2075;748
2076;176
2076;146
2077;2119
2079;2144
2079;1010
2080;1103
2080;387
2080;1529
2081;2125
2081;250
2082;1923
2082;111
2083;366
2084;552
2084;1663
2084;630
2084;1506
2085;2137
2086;2100
2088;2139
2090;2144
2091;1923
2093;635
2093;869
2094;2170
2095;2149
2095;1278
2097;125
2097;104
2099;1549
2099;1262
2100;2166
2100;159
2101;2163
2101;1741
2101;2098
2104;746
2104;575
2106;563
2106;738
2108;1192
2108;1588
2109;945
2109;1136
2111;412
2112;414
2112;1636
2113;1178
2114;277
2115;1876
2115;1380
2116;657
2116;248
2118;2051
2118;1112
2120;2172
2121;1337
2122;1060
2123;384
2124;184
2124;695
2126;1922
2127;1856
2129;2171
2129;1672
2129;2099
2129;765
2130;2162
2130;622
2131;278
2131;1332
2131;728
2133;726
2133;2021
2135;285
2135;1586
2135;443
2138;1006
2138;626
2140;1401
2141;2155
2146;412
2147;747
2147;169
2148;2009
2152;585
2152;1304
2153;426
2154;1195
2154;1713
2156;1764
2158;244
2158;1983
2158;367
2159;2172
2159;1375
2159;695
2160;569
2160;252
2161;1501
2164;2168
2164;457
2165;1641
2165;2058
2165;1858
2165;840
2166;1552
2168;915
2168;457
2169;1293
2169;543
2171;1995
2173;1782
2175;2022
2175;806
2176;372
2178;1218
2180;2084
2180;1506
2180;393
2180;129
2180;552
2181;598
2181;697
2181;1309
2181;205
2181;656
2182;1515
2182;1842
2182;957
2182;1628
2182;630
2183;1481
2183;1842
2183;2182
2183;1423
2183;802
2184;1960
2184;1547
2184;1791
2184;1307
2184;63
2185;957
2185;147
2185;630
2185;1663
2185;1515
2186;1824
2186;2175
2186;89
2186;1996
2186;1969
2187;1065
2187;1494
2187;936
2187;313
2187;1226
2188;2180
2188;1506
2188;2084
2188;129
2188;393
2189;63
2189;244
2189;502
2189;138
2189;35
2190;562
2190;1930
2190;1886
2190;1292
2190;1881
2191;129
2191;393
2191;1506
2191;213
2191;2188
2192;2184
2192;1791
2192;1547
2192;1960
2192;1307
2193;2158
2193;389
2193;244
2193;367
2193;154
2194;777
2194;654
2194;389
2194;341
2194;2189
2195;652
2195;1896
2195;1402
2195;914
2195;537
2196;996
2196;803
2196;1886
2196;2187
2196;562
2197;1494
2197;1226
2197;936
2197;2187
2197;1065
2198;1226
2198;2197
2198;1791
2198;1494
2198;936
2199;704
2199;244
2199;1759
2199;527
2199;154
2200;2089
2200;1706
2200;87
2200;1184
2200;1761
2201;1045
2201;1290
2201;248
2201;317
2201;806
2202;1292
2202;1881
2202;1930
2202;2190
2202;562
2203;1480
2203;6
2203;803
2203;2081
2203;2125
2204;1890
2204;147
2204;867
2204;439
2204;1663
2205;2203
2205;803
2205;6
2205;996
2205;1480
2206;803
2206;2196
2206;2205
2206;996
2206;2203
2207;2181
2207;598
2207;697
2207;336
2207;1309
2208;777
2208;2194
2208;341
2208;27
2208;2123
2209;1292
2209;2202
2209;2198
2209;1881
2209;1704
2210;2193
2210;389
2210;2158
2210;244
2210;654
2211;1667
2211;943
2211;1515
2211;1628
2211;772
2212;2089
2212;2200
2212;1706
2212;1695
2212;1525
2213;652
2213;2195
2213;1979
2213;1896
2213;537
2214;2196
2214;996
2214;803
2214;2206
2214;2187
2215;2205
2215;2203
2215;803
2215;1480
2215;6
2216;2116
2216;1669
2216;1852
2216;1930
2216;2190
2217;1669
2217;657
2217;2175
2217;2022
2217;806
2218;2190
2218;1930
2218;2216
2218;562
2218;1886
2219;393
2219;129
2219;2191
2219;1354
2219;2180
2220;2214
2220;2196
2220;803
2220;2206
2220;996
2221;2207
2221;2181
2221;598
2221;697
2221;205
2222;2213
2222;652
2222;2195
2222;1979
2222;1896
2223;772
2223;1667
2223;2208
2223;777
2223;1142
2224;87
2224;2200
2224;1184
2224;1350
2224;2089
2225;2219
2225;393
2225;129
2225;2191
2225;2180
2226;552
2226;2180
2226;1628
2226;943
2226;2225
2227;857
2227;1704
2227;1960
2227;1791
2227;2192
2228;1465
2228;1169
2228;426
2228;1453
2228;914
2229;2216
2229;2116
2229;2218
2229;1669
2229;1930
2230;1706
2230;2212
2230;2089
2230;2200
2230;1695
2231;439
2231;2084
2231;2188
2231;1663
2231;2180
2232;502
2232;138
2232;35
2232;1455
2232;2008
2233;2200
2233;1706
2233;2230
2233;2212
2233;2089
2234;2224
2234;2200
2234;2089
2234;1184
2234;87
2235;2225
2235;2219
2235;2226
2235;2180
2235;393
2236;1852
2236;1930
2236;2116
2236;248
2236;1881
2237;2189
2237;63
2237;2232
2237;35
2237;502
2238;806
2238;2022
2238;1045
2238;657
2238;1290
2239;1881
2239;1292
2239;1704
2239;2209
2239;857
2240;803
2240;2220
2240;996
2240;2196
2240;2205
2241;1996
2241;1076
2241;2175
2241;1969
2241;1487
2242;989
2242;1350
2242;293
2242;2224
2242;1761
2243;562
2243;1226
2243;2190
2243;2209
2243;2202
2244;1695
2244;89
2244;2230
2244;317
2244;1706
2245;2236
2245;1423
2245;248
2245;1881
2245;802
2246;2237
2246;2189
2246;2194
2246;244
2246;389
2247;2204
2247;1695
2247;2244
2247;1890
2247;317
2248;1881
2248;2236
2248;2202
2248;1292
2248;1930
2249;2199
2249;704
2249;244
2249;2184
2249;2189
2250;2187
2250;1494
2250;2197
2250;1226
2250;936
2251;2239
2251;1881
2251;1292
2251;2245
2251;1423
2252;2239
2252;1881
2252;2251
2252;1292
2252;2209
2253;1824
2253;1969
2253;1996
2253;914
2253;2186
2254;2220
2254;2206
2254;803
2254;2240
2254;2214
2255;1455
2255;138
2255;502
2255;1500
2255;2232
2256;1630
2256;1896
2256;914
2256;2195
2256;293
2257;2187
2257;1065
2257;1299
2257;2214
2257;313
2258;1628
2258;943
2258;1515
2258;957
2258;630
2259;2008
2259;2211
2259;1515
2259;1455
2259;2182
2260;1630
2260;2256
2260;1761
2260;1896
2260;293
2261;2222
2261;2213
2261;2195
2261;652
2261;914
2262;1525
2262;2234
2262;2089
2262;2212
2262;2200
2263;2259
2263;2008
2263;2211
2263;1667
2263;1515
2264;1547
2264;249
2264;1791
2264;1307
2264;1652
2265;943
2265;1667
2265;2211
2265;1628
2265;2258
2266;2196
2266;1886
2266;2214
2266;996
2266;2220
2267;2204
2267;1890
2267;147
2267;2247
2267;2185
2268;1500
2268;1841
2268;2255
2268;1455
2268;1877
2269;1960
2269;2227
2269;857
2269;1704
2269;2192
2270;1704
2270;857
2270;2209
2270;2227
2270;2239
2271;1465
2271;2228
2271;1169
2271;914
2271;2261
2272;1930
2272;2218
2272;2190
2272;1852
2272;2216
2273;1896
2273;914
2273;2256
2273;2260
2273;2253
2274;598
2274;205
2274;328
2274;656
2274;2221
2275;2250
2275;2187
2275;1494
2275;2197
2275;1065
2276;1402
2276;293
2276;989
2276;2195
2276;1630
2277;2253
2277;1824
2277;1969
2277;1487
2277;1996
2278;2208
2278;777
2278;2194
2278;2223
2278;341
2279;1307
2279;1547
2279;249
2279;2184
2279;527
2280;2201
2280;248
2280;1290
2280;1045
2280;1481
2281;2217
2281;657
2281;2022
2281;806
2281;2238
2282;35
2282;2237
2282;2232
2282;502
2282;2008
2283;1652
2283;936
2283;2197
2283;1494
2283;2198
2284;2259
2284;2263
2284;2211
2284;1515
2284;1667
2285;2224
2285;2200
2285;1350
2285;2234
2285;2233
2286;1695
2286;2244
2286;89
2286;2230
2286;1706
2287;2235
2287;2226
2287;2225
2287;1142
2287;2219
2288;2268
2288;1500
2288;1841
2288;2255
2288;1455
2289;598
2289;2274
2289;2221
2289;2207
2289;2181
2290;1678
2290;6
2290;300
2290;1868
2290;426
2291;867
2291;1525
2291;851
2291;336
2291;439
2292;2212
2292;2089
2292;1525
2292;2262
2292;2247
2293;2246
2293;2237
2293;2189
2293;244
2293;2194
2294;943
2294;2265
2294;1628
2294;2211
2294;2258
2295;2290
2295;1678
2295;426
2295;225
2295;300
2296;2271
2296;2228
2296;2261
2296;1465
2296;2222
2297;2228
2297;1465
2297;2271
2297;1169
2297;2296
2298;2250
2298;2275
2298;1226
2298;2197
2298;1494
2299;1045
2299;2201
2299;2238
2299;317
2299;806
2300;2089
2300;2234
2300;2262
2300;2212
2300;2200
2301;1226
2301;2243
2301;2298
2301;2197
2301;2209
2302;2266
2302;2250
2302;2298
2302;1886
2302;2275
2303;2267
2303;2204
2303;2247
2303;1890
2303;147
2304;1652
2304;2283
2304;936
2304;2264
2304;2197
2305;2303
2305;2267
2305;317
2305;2204
2305;147
2306;2201
2306;2280
2306;1481
2306;2183
2306;2299
2307;867
2307;439
2307;2204
2307;2291
2307;1890
2308;1402
2308;2276
2308;1917
2308;537
2308;1470
2309;1481
2309;2183
2309;1423
2309;2245
2309;2306
2310;2254
2310;2206
2310;2220
2310;803
2310;2214
2311;2229
2311;2241
2311;2216
2311;1076
2311;1996
2312;328
2312;205
2312;2274
2312;656
2312;1506
2313;2261
2313;2222
2313;2213
2313;2296
2313;652
2314;2307
2314;439
2314;1890
2314;2204
2314;867
2315;2281
2315;2022
2315;657
2315;806
2315;2217
2316;1761
2316;1706
2316;2233
2316;2230
2316;1630
2317;2205
2317;2203
2317;2215
2317;6
2317;2240
2318;300
2318;1868
2318;2290
2318;6
2318;2295
2319;1423
2319;802
2319;2309
2319;1842
2319;2183
2320;2295
2320;2290
2320;1678
2320;2318
2320;300
2321;652
2321;2213
2321;2195
2321;537
2321;2222
2322;1669
2322;657
2322;1852
2322;1290
2322;248
2323;1877
2323;2269
2323;802
2323;1841
2323;1500
2324;2175
2324;2241
2324;2217
2324;1996
2324;2281
2325;1706
2325;2233
2325;2230
2325;2200
2325;2212
2326;2185
2326;147
2326;957
2326;1663
2326;630
2327;2319
2327;1423
2327;2309
2327;802
2327;2245
2328;772
2328;2223
2328;2008
2328;2282
2328;35
2329;772
2329;1667
2329;2223
2329;1142
2329;2328
2330;2290
2330;2320
2330;2295
2330;2318
2330;300
2331;439
2331;2314
2331;2231
2331;2307
2331;1890
2332;2297
2332;1465
2332;2271
2332;2228
2332;1169
2333;2194
2333;2278
2333;654
2333;2246
2333;2208
2334;2200
2334;2233
2334;2325
2334;2212
2334;2089
2335;2182
2335;1842
2335;1515
2335;2259
2335;2284
2336;2185
2336;2326
2336;957
2336;147
2336;630
2337;2194
2337;2278
2337;2208
2337;2333
2337;777
2338;2234
2338;2300
2338;2200
2338;2089
2338;2334
2339;2319
2339;2327
2339;2309
2339;1423
2339;802
2340;63
2340;502
2340;2232
2340;138
2340;2268
2341;2214
2341;2310
2341;2220
2341;2257
2341;2254
2342;2306
2342;1481
2342;2183
2342;2305
2342;2201
2343;1868
2343;6
2343;2317
2343;2318
2343;996
2344;2175
2344;2324
2344;1996
2344;2241
2344;1969
2345;1917
2345;537
2345;1470
2345;2308
2345;202
2346;2186
2346;1824
2346;2253
2346;89
2346;2277
2347;1841
2347;1500
2347;2268
2347;1877
2347;2288
2348;2247
2348;2303
2348;2204
2348;2267
2348;2305
2349;1881
2349;2248
2349;2202
2349;1292
2349;2251
2350;2257
2350;2187
2350;1065
2350;2214
2350;2275
2351;2233
2351;2325
2351;2334
2351;1706
2351;2200
2352;244
2352;2293
2352;2210
2352;2246
2352;2199
2353;1465
2353;2332
2353;2297
2353;2271
2353;1169
2354;2219
2354;2225
2354;393
2354;129
2354;2235
2355;2318
2355;1868
2355;2330
2355;2290
2355;6
2356;2323
2356;857
2356;2227
2356;1704
2356;2269
2357;2260
2357;2256
2357;1630
2357;2273
2357;1896
2358;2312
2358;328
2358;205
2358;656
2358;1506
2359;2267
2359;2303
2359;2204
2359;1890
2359;2348
2360;2316
2360;2286
2360;1706
2360;2325
2360;2230
2361;2327
2361;2339
2361;2319
2361;2309
2361;1423
2362;1852
2362;1930
2362;2116
2362;2272
2362;2236
2363;2191
2363;1506
2363;129
2363;213
2363;393
2364;389
2364;2293
2364;2210
2364;2246
2364;2352
2365;552
2365;2226
2365;1628
2365;2084
2365;630
2366;2292
2366;1525
2366;2247
2366;2212
2366;2089
2367;1896
2367;2256
2367;2273
2367;914
2367;2260
2368;2267
2368;2305
2368;147
2368;2342
2368;2303
2369;439
2369;867
2369;2307
2369;2331
2369;2314
2370;2263
2370;2259
2370;2008
2370;2284
2370;2211
2371;2243
2371;2301
2371;2298
2371;562
2371;1226
2372;1465
2372;2353
2372;2332
2372;2271
2372;2297
2373;2309
2373;1481
2373;2361
2373;2339
2373;2327
2374;598
2374;1309
2374;2181
2374;205
2374;2221
2375;1761
2375;293
2375;1630
2375;2260
2375;2316
2376;439
2376;2331
2376;2369
2376;2314
2376;2231
2377;2237
2377;2246
2377;2293
2377;2189
2377;2282
2378;1402
2378;2308
2378;2321
2378;537
2378;652
2379;2333
2379;2194
2379;2364
2379;2337
2379;389
2380;989
2380;2242
2380;2276
2380;293
2380;2308
2381;2266
2381;2196
2381;996
2381;1886
2381;2302
2382;2317
2382;2205
2382;2343
2382;2203
2382;6
2383;2277
2383;2253
2383;914
2383;1824
2383;2372
2384;2251
2384;1423
2384;2356
2384;802
2384;2319
2385;2302
2385;2250
2385;2275
2385;2187
2385;2298
2386;1663
2386;2326
2386;630
2386;147
2386;957
2387;2259
2387;2263
2387;1455
2387;2008
2387;2255
2388;996
2388;2381
2388;2196
2388;2266
2388;1886
2389;2188
2389;2084
2389;2231
2389;2180
2389;439
2390;2200
2390;2338
2390;2334
2390;2224
2390;2234
2391;1761
2391;2351
2391;2242
2391;2233
2391;2285
2392;2312
2392;2358
2392;2274
2392;328
2392;1506
2393;1761
2393;1630
2393;2375
2393;2316
2393;2260
2394;2206
2394;2310
2394;2254
2394;112
2394;803
2395;2191
2395;2363
2395;213
2395;1506
2395;129
2396;2261
2396;2195
2396;2222
2396;2213
2396;2313
2397;2358
2397;2312
2397;1506
2397;213
2397;328
2398;2366
2398;1525
2398;2292
2398;2262
2398;2300
2399;2289
2399;2274
2399;598
2399;2392
2399;2312
2400;537
2400;2378
2400;2321
2400;1917
2400;2308
2401;2089
2401;2200
2401;2334
2401;2338
2401;2212
2402;2340
2402;63
2402;2347
2402;502
2402;2268
2403;2366
2403;2398
2403;2292
2403;1525
2403;2247
2404;2304
2404;2283
2404;2264
2404;1652
2404;2198
2405;1169
2405;426
2405;2353
2405;2332
2405;1465
2406;1791
2406;2264
2406;2198
2406;2404
2406;2270
2407;2271
2407;2372
2407;1465
2407;2353
2407;2332
2408;2305
2408;2303
2408;317
2408;2267
2408;2368
2409;89
2409;2186
2409;2286
2409;2244
2409;2346
2410;2183
2410;1481
2410;2309
2410;2373
2410;2339
2411;2386
2411;1663
2411;2084
2411;2231
2411;2331
2412;2251
2412;2384
2412;2327
2412;2245
2412;1423
2413;2282
2413;2237
2413;35
2413;2232
2413;502
2414;598
2414;2374
2414;2274
2414;2221
2414;205
2415;1868
2415;2343
2415;2355
2415;2318
2415;6
2416;2189
2416;2249
2416;244
2416;2199
2416;63
2417;1842
2417;802
2417;2335
2417;2319
2417;1423
2418;2211
2418;2284
2418;2265
2418;1667
2418;2263
2419;2292
2419;2366
2419;2247
2419;2212
2419;2230
2420;2204
2420;2307
2420;2314
2420;1890
2420;2359
2421;2311
2421;1076
2421;300
2421;1487
2421;2241
2422;2392
2422;2274
2422;2312
2422;2399
2422;2358
2423;2247
2423;2366
2423;2403
2423;2292
2423;2419
2424;2305
2424;2368
2424;2408
2424;2342
2424;2267
2425;389
2425;2210
2425;2364
2425;2193
2425;2158
2426;2393
2426;1761
2426;1630
2426;2375
2426;2260
2427;2413
2427;2282
2427;2237
2427;2377
2427;35
2428;2239
2428;2252
2428;2209
2428;2270
2428;1704
2429;2282
2429;35
2429;2008
2429;2328
2429;2232
2430;2409
2430;2186
2430;89
2430;2346
2430;2286
2431;2257
2431;2350
2431;1299
2431;1065
2431;2187
2432;1525
2432;2398
2432;2403
2432;2291
2432;2262
2433;2184
2433;2192
2433;2249
2433;2279
2433;1960
2434;2372
2434;2383
2434;2407
2434;1465
2434;2353
2435;867
2435;2291
2435;2307
2435;2369
2435;2432
2436;2347
2436;1841
2436;1877
2436;1500
2436;2268
2437;2246
2437;2293
2437;2377
2437;2364
2437;2379
2438;2318
2438;2355
2438;2330
2438;300
2438;2290
2439;426
2439;1169
2439;2405
2439;2295
2439;225
2440;2248
2440;1930
2440;2362
2440;2272
2440;2349
2441;244
2441;2352
2441;704
2441;2199
2441;154
2442;2387
2442;1455
2442;2259
2442;2255
2442;2263
2443;2202
2443;2248
2443;2349
2443;1881
2443;2440
2444;2360
2444;1706
2444;2230
2444;2325
2444;2286
2445;2423
2445;2247
2445;2403
2445;2204
2445;2366
2446;2218
2446;1886
2446;2190
2446;2272
2446;562
2447;2377
2447;2237
2447;2246
2447;2437
2447;2293
2448;2433
2448;2184
2448;1960
2448;63
2448;2269
2449;2311
2449;2229
2449;2216
2449;2241
2449;2421
2450;63
2450;2402
2450;2436
2450;2340
2450;2448
2451;1791
2451;1547
2451;2264
2451;2406
2451;2192
2452;957
2452;630
2452;2258
2452;2185
2452;2336
2453;2439
2453;426
2453;1169
2453;2405
2453;2295
2454;2437
2454;2246
2454;2293
2454;2364
2454;2379
2455;1184
2455;87
2455;2234
2455;2262
2455;2338
2456;2296
2456;2228
2456;2271
2456;2297
2456;2313
2457;2235
2457;2225
2457;2354
2457;2219
2457;2287
2458;2382
2458;2317
2458;2343
2458;2205
2458;6
2459;2457
2459;2235
2459;2225
2459;2354
2459;2219
2460;2342
2460;2368
2460;2424
2460;2183
2460;2305
2461;2421
2461;2311
2461;1076
2461;2449
2461;2241
2462;2298
2462;2371
2462;2250
2462;2302
2462;2275
2463;336
2463;851
2463;697
2463;2291
2463;867
2464;851
2464;336
2464;182
2464;2455
2464;2463
2465;244
2465;2441
2465;2352
2465;2416
2465;2199
2466;2084
2466;2180
2466;2365
2466;2389
2466;552
2467;1663
2467;2411
2467;630
2467;2386
2467;957
2468;2370
2468;2328
2468;772
2468;2008
2468;2263
2469;2209
2469;2428
2469;2270
2469;2239
2469;1292
2470;2413
2470;2237
2470;2427
2470;2282
2470;2377
2471;2206
2471;2394
2471;2310
2471;2341
2471;2254
2472;2371
2472;2462
2472;2298
2472;2301
2472;2243
2473;2464
2473;851
2473;2455
2473;336
2473;182
2474;2238
2474;2022
2474;806
2474;2315
2474;2299
2475;1667
2475;2329
2475;772
2475;2265
2475;1142
2476;2308
2476;1470
2476;1917
2476;1402
2476;2345
2477;2414
2477;598
2477;2274
2477;2374
2477;2221
2478;2434
2478;2372
2478;1487
2478;2383
2478;2277
2479;248
2479;2322
2479;2236
2479;1290
2479;2245
