0;79
0;327
0;1354
0;1072
0;1867
1;2045
1;1059
1;435
1;360
1;1115
2;1798
2;1341
2;181
2;445
2;1800
3;1914
3;390
3;1366
3;807
3;1081
4;2144
4;743
4;1043
4;888
4;793
5;873
5;494
5;1848
5;2060
5;1718
6;2113
6;264
6;755
6;1359
6;941
7;1877
7;303
7;877
7;1141
7;1758
8;565
8;637
8;1453
8;1201
8;2064
9;1944
9;1599
9;2035
9;1338
9;1063
10;396
10;1864
10;227
10;442
10;1221
11;582
11;460
11;1130
11;1055
11;665
12;322
12;1309
12;722
12;2005
12;1474
13;416
13;1809
13;139
13;595
13;1414
14;1789
14;1855
14;1941
14;1394
14;1642
15;899
15;194
15;1813
15;1471
15;2174
16;1034
16;405
16;309
16;2010
16;70
17;158
17;422
17;58
17;1553
17;530
18;1775
18;700
18;718
18;720
18;269
19;600
19;1185
19;1427
19;712
19;671
20;281
20;1768
20;761
20;1240
20;1576
21;904
21;1593
21;817
21;339
21;931
22;778
22;2043
22;860
22;1503
22;157
23;1704
23;1710
23;1284
23;763
23;740
24;1905
24;1651
24;1192
24;370
24;542
25;50
25;1333
25;844
25;2077
25;2062
26;257
26;1628
26;864
26;154
26;1512
27;1685
27;46
27;1199
27;80
27;1741
28;967
28;513
28;169
28;1484
28;1518
29;1035
29;120
29;936
29;1000
29;1499
30;1218
30;1448
30;1380
30;1925
30;658
31;1176
31;1954
31;2066
31;2013
31;2159
32;1080
32;749
32;706
32;152
32;1810
33;1444
33;1421
33;1809
33;1074
33;595
34;1549
34;1608
34;1296
34;1919
34;2156
35;2042
35;1188
35;1705
35;260
35;1594
36;1099
36;499
36;943
36;900
36;826
37;583
37;1196
37;733
37;286
37;1510
38;2048
38;1490
38;2131
38;478
38;1395
39;496
39;1760
39;1882
39;2026
39;546
40;604
40;1326
40;1762
40;865
40;1158
41;1442
41;1552
41;1355
41;1458
41;2007
42;134
42;1148
42;1772
42;1729
42;2016
43;2009
43;1230
43;1994
43;2178
43;128
44;275
44;1349
44;1403
44;1640
44;419
45;558
45;620
45;1487
45;128
45;1293
46;1685
46;1199
46;879
46;947
47;237
47;174
47;1068
47;347
47;1356
48;1842
48;423
48;525
48;1289
48;786
49;643
49;151
49;654
49;1491
49;2119
50;2077
50;404
50;2131
50;1333
51;2173
51;913
51;1815
51;560
51;1773
52;922
52;364
52;671
52;1580
52;1795
53;1839
53;420
53;201
53;1535
53;992
54;110
54;1139
54;437
54;1599
54;592
55;1460
55;767
55;402
55;1486
55;756
56;766
56;1406
56;985
56;1563
56;1988
57;1606
57;1238
57;1579
57;207
57;845
58;1639
58;1553
58;530
58;1242
59;671
59;1869
59;963
59;1323
59;52
60;1038
60;1397
60;462
60;1597
60;432
61;107
61;1093
61;691
61;817
61;751
62;1953
62;893
62;1401
62;2058
62;1190
63;1963
63;718
63;1689
63;914
63;700
64;1825
64;1416
64;1374
64;1031
64;1504
65;811
65;897
65;788
65;686
65;1122
66;1696
66;1369
66;1161
66;995
66;1854
67;1661
67;1742
67;1765
67;1351
67;1010
68;588
68;1612
68;1480
68;584
68;2104
69;1304
69;1634
69;334
69;2143
69;1496
70;2010
70;1118
70;272
70;97
71;259
71;1985
71;226
71;878
71;1177
72;77
72;801
72;843
72;705
72;207
73;909
73;132
73;1044
73;640
73;319
74;1544
74;137
74;634
74;1962
74;647
75;1253
75;987
75;2088
75;1318
75;98
76;1621
76;2087
76;467
76;1526
76;274
77;705
77;843
77;801
77;1875
77;1945
78;1152
78;310
78;1675
78;1217
78;1234
79;327
79;1867
79;772
79;1682
80;1199
80;1741
80;1685
80;46
81;1507
81;1920
81;928
81;2136
81;183
82;563
82;310
82;1350
82;1840
82;206
83;397
83;1154
83;1666
83;1413
83;1351
84;1701
84;301
84;1051
84;1625
84;842
85;249
85;730
85;1440
85;775
85;344
86;227
86;1610
86;442
86;2153
86;1873
87;186
87;1084
87;1503
87;1918
87;1616
88;1166
88;1906
88;300
88;292
88;606
89;1719
89;1474
89;2166
89;2174
89;722
90;1694
90;1332
90;1402
90;670
90;1769
91;427
91;1988
91;301
91;985
91;842
92;689
92;1707
92;1065
92;122
92;512
93;1883
93;1029
93;1677
93;344
93;1960
94;302
94;1693
94;769
94;770
94;554
95;1080
95;1387
95;835
95;1658
95;847
96;410
96;717
96;190
96;1586
96;1451
97;272
97;1118
97;290
97;271
98;1318
98;1832
98;1243
98;987
99;506
99;947
99;1106
99;46
99;1685
100;1077
100;1021
100;780
100;895
100;117
101;1205
101;916
101;1702
101;826
101;818
102;1889
102;1608
102;365
102;1096
102;247
103;888
103;1808
103;743
103;1626
103;933
104;934
104;733
104;1510
104;351
104;1402
105;1647
105;2012
105;1811
105;1305
105;175
106;785
106;997
106;637
106;565
106;545
107;817
107;691
107;1093
107;1593
108;1680
108;862
108;462
108;1235
108;981
109;2096
109;1407
109;433
109;539
109;325
110;1139
110;437
110;1599
110;1116
111;2105
111;321
111;1272
111;959
111;1189
112;1146
112;1198
112;1192
112;1020
112;1175
113;1259
113;1581
113;890
113;523
113;1653
114;411
114;866
114;1424
114;668
114;2179
115;134
115;1186
115;1772
115;578
115;42
116;529
116;1443
116;266
116;273
116;1295
117;780
117;1855
117;2037
117;587
118;1178
118;1273
118;696
118;1002
118;1841
119;1131
119;2038
119;166
119;1447
119;760
120;1016
120;1232
120;1035
120;1388
121;157
121;2036
121;2043
121;860
121;1503
122;512
122;1311
122;1940
122;1901
123;1862
123;1170
123;543
123;962
123;1186
124;127
124;1651
124;1905
124;1175
124;1570
125;1923
125;1108
125;2095
125;1191
125;2067
126;2120
126;1688
126;2122
126;306
126;1069
127;1175
127;1905
127;1651
127;1192
128;558
128;620
128;1913
128;1994
129;1052
129;2094
129;1687
129;2150
129;161
130;682
130;1727
130;1473
130;1639
130;465
131;1204
131;927
131;1881
131;2126
131;466
132;1044
132;909
132;319
132;1385
133;418
133;657
133;307
133;1623
133;1901
134;1772
134;1148
134;1729
134;2016
135;626
135;2069
135;1075
135;524
135;1313
136;159
136;968
136;470
136;574
136;1590
137;781
137;1544
137;1962
137;1104
138;1308
138;2093
138;155
138;329
138;1779
139;416
139;595
139;1947
139;1809
139;2000
140;2028
140;1818
140;1070
140;1504
140;1973
141;1716
141;545
141;208
141;500
141;785
142;1330
142;384
142;305
142;659
142;1150
143;1085
143;473
143;1405
143;1037
143;213
144;797
144;978
144;1967
144;920
144;1757
145;428
145;1863
145;1937
145;1677
145;1134
146;535
146;466
146;1120
146;836
146;2126
147;1136
147;640
147;1179
147;1933
147;319
148;1169
148;2022
148;273
148;2066
148;1181
149;566
149;1378
149;1783
149;352
149;698
150;1974
150;1636
150;1555
150;1865
150;1482
151;643
151;1491
151;1897
151;1821
152;2074
152;324
152;189
152;1429
153;1778
153;1181
153;1878
153;852
153;1089
154;257
154;2056
154;923
154;687
155;747
155;581
155;396
155;1767
156;1567
156;1734
156;1466
156;1133
156;729
157;1503
157;2036
157;2043
158;422
158;1553
158;58
158;1763
159;1590
159;470
159;968
159;574
160;854
160;252
160;650
160;983
160;759
161;1687
161;424
161;1052
161;2094
162;2136
162;903
162;1920
162;250
162;899
163;586
163;2032
163;1364
163;494
163;1753
164;1556
164;436
164;660
164;1017
164;1476
165;796
165;700
165;720
165;1775
165;1963
166;2038
166;1131
166;1578
166;1447
167;1915
167;1777
167;218
167;1301
167;1684
168;917
168;567
168;993
168;2132
168;1826
169;513
169;967
169;1086
169;1039
170;1643
170;1873
170;271
170;272
170;1223
171;704
171;1541
171;828
171;386
171;1738
172;934
172;104
172;733
172;1287
172;1329
173;931
173;1089
173;691
173;852
173;61
174;1356
174;237
174;262
174;1068
175;1811
175;769
175;554
175;1693
176;458
176;1127
176;812
176;750
176;1669
177;754
177;1935
177;2112
177;794
177;973
178;212
178;408
178;2109
178;386
178;284
179;1831
179;189
179;2074
179;324
179;842
180;1162
180;731
180;1767
180;2051
180;329
181;1341
181;1800
181;1798
181;827
182;799
182;1186
182;1862
182;543
182;123
183;1507
183;1920
183;853
183;2130
183;2136
184;1632
184;1271
184;2094
184;1052
184;1949
185;507
185;948
185;372
185;1871
185;1547
186;1918
186;984
186;1616
186;1084
187;1126
187;1637
187;1733
187;360
187;361
188;215
188;1872
188;1673
188;1697
188;1777
189;324
189;2074
189;236
189;872
190;1586
190;1635
190;410
190;509
191;738
191;926
191;741
191;287
191;790
192;1421
192;999
192;199
192;1523
192;1655
193;220
193;514
193;2161
193;326
193;679
194;899
194;1471
194;1813
194;250
195;787
195;1750
195;2121
195;519
195;1408
196;413
196;2019
196;1482
196;1552
196;613
197;1182
197;378
197;235
197;1229
197;2152
198;1367
198;1431
198;1791
198;497
198;1739
199;876
199;999
199;2070
199;1421
200;752
200;1875
200;1728
200;1945
200;765
201;675
201;1535
201;1839
201;992
202;1448
202;1218
202;1925
202;658
202;30
203;856
203;1084
203;2139
203;1918
203;87
204;2176
204;1081
204;571
204;1913
204;1848
205;438
205;1265
205;460
205;2012
205;1956
206;563
206;1581
206;1350
206;523
206;1989
207;1606
207;1238
207;1708
208;1716
208;1036
208;1649
208;256
209;328
209;2118
209;920
209;1208
209;1273
210;1053
210;2031
210;1654
210;1521
210;832
211;973
211;391
211;794
211;1751
211;655
212;2109
212;408
212;1738
212;645
213;1037
213;1652
213;1085
213;473
214;1968
214;1133
214;896
214;1734
214;2108
215;1122
215;788
215;1455
215;1673
216;1942
216;630
216;287
216;1441
216;866
217;1071
217;540
217;477
217;1007
217;1724
218;1915
218;1537
218;1684
218;1579
219;444
219;1105
219;1609
219;1197
219;1828
220;679
220;514
220;2161
220;1564
221;2062
221;851
221;366
221;844
221;1821
222;1303
222;543
222;1592
222;480
222;1862
223;1866
223;1797
223;1068
223;1903
223;1353
224;483
224;486
224;961
224;1163
224;1187
225;547
225;1613
225;1751
225;1379
225;794
226;537
226;878
226;259
226;725
227;442
227;1670
227;261
227;396
228;798
228;1614
228;475
228;1420
228;848
229;1879
229;1321
229;1856
229;504
229;395
230;1713
230;2104
230;617
230;584
230;1612
231;1722
231;570
231;611
231;1056
231;1167
232;1329
232;2068
232;1779
232;805
232;1287
233;412
233;1476
233;1784
233;906
233;2053
234;1911
234;1275
234;2109
234;284
234;1447
235;1182
235;1319
235;378
235;481
236;2171
236;872
236;324
236;1203
237;347
237;1068
237;2085
238;1357
238;834
238;1957
238;1871
238;339
239;2071
239;1145
239;330
239;939
239;2049
240;688
240;1969
240;668
240;1959
240;421
241;2033
241;392
241;1114
241;1830
241;274
242;580
242;489
242;693
242;885
242;942
243;2155
243;686
243;544
243;382
243;1846
244;1120
244;1528
244;1761
244;146
244;1607
245;1641
245;777
245;463
245;443
245;407
246;1858
246;1850
246;644
246;954
246;280
247;1096
247;1296
247;2061
247;1168
247;1390
248;1845
248;1102
248;744
248;735
248;1425
249;730
249;1440
249;775
249;344
250;899
250;1471
250;903
251;678
251;1040
251;1689
251;914
251;1595
252;854
252;759
252;650
252;983
253;1262
253;1730
253;1618
253;2162
253;1103
254;1589
254;1113
254;2072
254;1119
254;954
255;285
255;1770
255;409
255;516
255;708
256;1649
256;1795
256;1036
256;1580
256;2160
257;1628
257;2056
257;923
258;1642
258;346
258;1498
258;1394
258;1215
259;1985
259;1177
259;1450
260;591
260;610
260;1464
260;1623
261;1674
261;581
261;747
261;1207
261;2051
262;1356
262;891
262;951
262;430
263;1219
263;2164
263;1565
263;1223
263;697
264;1836
264;481
264;755
264;990
265;1193
265;294
265;498
265;2049
265;1587
266;1295
266;350
266;1239
266;529
266;1731
267;447
267;511
267;1312
267;1844
267;1715
268;1119
268;1676
268;1771
268;254
268;280
269;1775
269;720
269;1222
269;700
270;468
270;1648
270;288
270;1975
270;1788
271;1219
271;1223
271;272
272;2010
272;1643
273;607
273;340
273;529
274;392
274;2033
274;1830
274;1885
275;1403
275;1349
275;744
275;419
276;1300
276;1090
276;957
276;1982
276;1376
277;501
277;956
277;449
277;1400
277;1991
278;1128
278;1151
278;1100
278;476
278;1587
279;609
279;1561
279;2082
279;1744
279;728
280;644
280;1676
280;1850
280;1714
281;761
281;1576
281;2078
281;1768
282;1667
282;1686
282;482
282;1823
282;1863
283;2170
283;1887
283;1047
283;1758
283;1032
284;1275
284;2109
284;521
284;408
285;409
285;1524
285;942
285;972
286;583
286;1849
286;733
286;934
287;630
287;1942
287;738
288;1975
288;468
288;394
288;1788
289;1843
289;1010
289;1240
289;1214
289;1768
290;2164
290;2148
290;1219
290;271
291;1437
291;919
291;450
291;503
291;2155
292;606
292;1475
292;1461
292;1166
293;426
293;949
293;2040
293;1711
293;2135
294;1193
294;1358
294;757
294;2145
295;2018
295;1334
295;1615
295;1947
295;1387
296;1970
296;399
296;764
296;685
296;663
297;1678
297;636
297;833
297;2025
297;818
298;1440
298;1995
298;730
298;249
298;85
299;567
299;2132
299;527
299;1826
299;917
300;1906
300;1166
300;1497
300;1806
301;1701
301;427
301;842
302;1693
302;770
302;769
302;554
303;1877
303;877
303;1141
303;672
304;1585
304;1101
304;398
304;1691
304;371
305;1330
305;742
305;384
305;441
306;886
306;1345
306;2122
306;1700
307;1623
307;657
307;418
307;591
308;393
308;1061
308;1857
308;1598
308;1074
309;405
309;1034
309;2143
309;334
310;602
310;1152
310;1675
311;1976
311;1520
311;1931
311;534
311;1726
312;2154
312;485
312;1804
312;1819
312;1138
313;858
313;822
313;1364
313;586
313;2036
314;1540
314;1655
314;889
314;1739
314;451
315;837
315;355
315;1771
315;1119
315;268
316;1755
316;1064
316;1082
316;980
316;1952
317;1597
317;432
317;1447
317;521
317;760
318;833
318;636
318;1816
318;1290
318;297
319;1385
319;640
319;1044
320;476
320;1732
320;286
320;172
320;278
321;959
321;2105
321;708
321;1770
322;722
322;1474
322;1309
322;2166
323;388
323;374
323;908
323;1547
323;1965
324;2074
324;872
325;539
325;383
325;824
325;1983
326;642
326;2161
326;1564
326;1554
327;772
327;1867
327;1072
328;2118
328;1208
328;642
328;1273
329;1033
329;1790
329;1767
330;1530
330;2071
330;1145
330;37
331;1824
331;1578
331;1656
331;381
331;1502
332;1803
332;1776
332;916
332;900
332;826
333;1792
333;1125
333;456
333;1322
333;1109
334;2143
334;1496
334;1304
334;1634
335;915
335;2092
335;662
335;431
335;1347
336;1736
336;440
336;892
336;341
336;552
337;969
337;1669
337;1907
337;823
337;1127
338;1790
338;820
338;1355
338;2019
338;1552
339;1871
339;1957
339;904
339;834
340;560
340;607
340;2173
340;51
340;2066
341;1459
341;552
341;440
341;1736
342;551
342;1891
342;1672
342;1851
342;1627
343;1469
343;2017
343;1569
343;1363
343;1250
344;1960
344;775
344;1029
345;470
345;1735
345;1058
345;1164
345;510
346;1642
346;1941
346;2160
346;14
347;2085
347;1893
347;2114
347;608
348;1908
348;861
348;1415
348;480
348;1359
349;1340
349;1782
349;1569
349;343
349;629
350;1731
350;1295
350;1239
350;529
351;1510
351;1196
351;1402
351;934
352;2014
352;566
352;335
352;464
353;368
353;945
353;571
353;2176
353;204
354;917
354;1011
354;168
354;2110
354;2132
355;837
355;1771
355;268
355;1119
356;1794
356;990
356;1800
356;827
356;1836
357;2023
357;1205
357;818
357;916
357;101
358;597
358;1973
358;1467
358;1416
358;1825
359;925
359;1660
359;1763
359;422
359;158
360;2045
360;1646
360;1059
360;1637
361;434
361;1646
361;867
361;360
361;1733
362;2055
362;676
362;2057
362;1681
362;2101
363;1147
363;1617
363;2152
363;1690
363;1319
364;2057
364;1681
364;922
364;2101
365;1889
365;996
365;1562
365;1390
366;1244
366;1805
366;2088
366;2062
367;1117
367;2001
367;1228
367;1320
367;1050
368;945
368;571
368;2176
368;492
369;1221
369;1864
369;804
369;938
369;596
370;542
370;918
370;1135
370;1020
370;1391
371;1101
371;1585
371;398
371;499
372;948
372;507
372;1547
372;908
373;1630
373;875
373;1972
373;2133
373;1575
374;1093
374;751
374;1965
374;388
375;2075
375;1700
375;886
375;2178
375;1088
376;795
376;985
376;552
376;2063
376;440
377;979
377;1852
377;1092
377;1820
377;1311
378;1182
378;1956
378;991
379;1645
379;603
379;1959
379;585
379;597
380;1554
380;1668
380;326
380;690
380;2161
381;1502
381;1342
381;1750
381;1824
382;1846
382;686
382;544
382;2175
383;419
383;1640
383;44
383;275
384;659
384;1330
384;784
385;865
385;1326
385;707
385;604
385;40
386;828
386;1738
386;408
386;645
387;637
387;8
387;565
387;2037
387;1453
388;908
388;1547
388;1965
389;1717
389;391
389;655
389;429
389;1550
390;1366
390;807
390;1095
390;1914
391;1717
391;849
391;973
392;2033
392;1114
392;1830
393;1857
393;1061
393;974
393;1210
394;1975
394;1163
394;1801
394;468
395;853
395;1879
395;709
395;1922
396;1864
396;1221
396;442
397;1666
397;1413
397;1154
397;1351
398;1585
398;1691
398;1101
399;764
399;663
399;1557
399;1408
400;1201
400;2064
400;680
400;1650
400;1453
401;2175
401;1663
401;874
401;1088
401;375
402;756
402;1157
402;1984
402;767
403;2020
403;734
403;944
403;516
403;1241
404;2131
404;2077
404;1245
404;1274
405;1034
405;2010
405;70
406;1375
406;562
406;541
406;1194
406;1470
407;1756
407;777
407;1020
407;463
408;1505
408;2109
409;1524
409;1242
409;1553
410;717
410;1586
410;1451
411;1998
411;1277
411;1424
411;589
412;1784
412;1476
412;906
412;2172
413;1482
413;613
413;1346
413;455
414;439
414;1430
414;1362
414;669
414;1288
415;970
415;1025
415;1893
415;2085
415;1237
416;1809
416;595
416;1947
417;1744
417;575
417;665
417;491
417;2082
418;1623
418;657
418;1901
419;1640
419;1403
420;2112
420;1478
420;1839
420;1935
421;2151
421;2169
421;656
421;677
422;1553
422;1763
422;58
423;1842
423;450
423;503
423;525
424;1692
424;1687
424;1517
424;550
425;458
425;176
425;1249
425;1153
425;1542
426;949
426;2040
426;1711
426;2135
427;1701
427;84
427;842
428;1863
428;1937
428;1134
428;1677
429;905
429;1546
429;2065
429;2083
429;988
430;1028
430;951
430;902
430;891
431;915
431;662
431;2092
431;1347
432;760
432;1597
432;1447
433;2106
433;1352
433;2096
433;716
434;1646
434;867
434;360
434;1733
435;2045
435;1059
435;1115
435;1573
436;1017
436;2053
436;660
436;1315
437;1139
437;1116
437;1368
438;1265
438;1246
438;2012
438;894
439;1362
439;669
439;1430
439;1288
440;1736
440;552
440;2063
441;1566
441;742
441;758
441;465
441;2008
442;261
442;581
442;1674
442;1670
443;825
443;1641
443;789
443;2134
444;1609
444;1105
444;1197
444;779
445;1798
445;1341
445;989
445;181
446;2146
446;1759
446;2076
446;1800
446;181
447;1844
447;1312
447;511
447;1715
448;1276
448;991
448;1972
448;1671
448;619
449;1400
449;484
449;956
449;1590
450;490
450;599
450;525
450;2039
451;1928
451;1540
451;1739
451;1655
452;1996
452;1314
452;695
452;1438
452;512
453;1281
453;800
453;698
453;594
453;921
454;2080
454;2024
454;1964
454;1625
454;84
455;613
455;1346
455;1620
455;1482
456;1322
456;1792
456;1125
456;1009
457;863
457;2117
457;960
457;2103
457;1748
458;812
458;696
458;1127
459;1254
459;509
459;1361
459;976
459;576
460;582
460;1130
460;2073
461;1449
461;612
461;1966
461;1445
461;1698
462;1397
462;1038
462;1597
463;777
463;1391
463;1641
463;918
464;1611
464;1067
464;2014
464;1433
465;1473
465;742
465;758
465;1566
466;535
466;2126
466;1120
467;1047
467;1539
467;2087
467;806
467;1887
468;1975
468;536
468;1648
469;1268
469;727
469;706
469;1224
469;2018
470;484
470;1735
471;1810
471;749
471;813
471;835
471;1429
472;1698
472;1966
472;1449
472;612
472;2123
473;1405
473;803
473;1091
473;1774
474;975
474;1591
474;1783
474;337
474;453
475;1420
475;1699
475;1614
475;798
476;1732
476;1151
476;286
477;540
477;1174
477;1724
477;838
478;1490
478;2047
478;2048
478;1562
479;1316
479;520
479;1917
479;1733
479;1631
480;861
480;1303
480;543
480;182
481;1836
481;1319
481;990
482;1686
482;1667
482;1823
482;1863
483;486
483;961
483;1163
483;1801
484;1400
484;1735
484;1164
485;1225
485;489
485;693
485;885
486;1163
486;1801
486;961
487;930
487;638
487;1042
487;1377
487;652
488;1508
488;1388
488;1325
488;1981
488;1446
489;1225
489;693
489;1796
490;2039
490;525
490;599
490;981
491;728
491;575
491;559
491;779
491;1197
492;807
492;571
492;2176
492;1081
492;673
493;1124
493;1412
493;1258
493;1439
493;1111
494;873
494;1062
494;932
495;593
495;574
495;1423
495;524
495;871
496;1882
496;2026
496;546
496;1760
497;855
497;1787
497;1183
497;1292
498;2049
498;1145
498;1530
498;1193
498;1587
499;943
499;1101
499;1851
499;1099
500;545
500;1716
500;785
500;387
501;956
501;310
501;1400
501;449
502;937
502;2089
502;1172
502;601
502;679
503;919
503;2155
503;1437
503;243
504;1856
504;745
504;553
504;853
505;1087
505;1695
505;1909
505;1073
505;1732
506;947
506;1977
506;46
506;879
507;948
507;1547
507;908
508;1260
508;1868
508;1479
508;2037
508;1453
509;1853
509;1254
509;976
509;1586
510;1426
510;1638
510;1123
510;1723
511;2156
511;1549
511;1769
512;1311
512;1852
513;967
513;1484
513;1159
514;679
514;1900
514;502
515;958
515;1234
515;1134
515;1749
515;1217
516;944
516;708
516;1770
516;2020
516;959
517;564
517;703
517;2081
517;816
517;2162
518;1324
518;953
518;1945
518;1875
518;1379
519;2121
519;1353
519;957
519;1750
520;1316
520;1631
520;1917
520;726
521;1275
521;2109
521;1505
522;1266
522;576
522;976
522;1853
522;661
523;1581
523;1876
523;1653
523;1152
524;626
524;2069
524;850
524;1531
524;1423
525;981
525;2039
525;786
525;862
526;1457
526;910
526;912
526;1291
526;1802
527;1822
527;1826
527;567
527;638
528;1215
528;1498
528;699
528;732
528;1427
529;1731
529;1295
530;1150
530;1639
530;158
531;1602
531;2082
531;554
531;1561
531;1007
532;1293
532;2120
532;1037
532;213
532;126
533;954
533;1113
533;1112
533;2072
533;935
534;1515
534;1976
534;653
534;1987
534;1931
535;2126
535;1120
535;131
536;1320
536;1251
536;1129
536;1228
537;725
537;793
537;1043
537;878
537;1927
538;2159
538;2165
538;1954
538;1939
538;1438
539;716
539;824
539;433
540;1724
540;1174
540;838
541;592
541;1375
541;1470
541;1194
542;918
542;1135
542;1020
542;1756
543;1862
543;1170
543;799
544;2175
544;1846
544;686
545;1716
545;785
546;1882
546;2125
546;979
547;1379
547;1751
547;1613
547;794
548;2054
548;2167
548;245
548;2124
548;1641
549;1788
549;1648
549;1975
549;288
549;270
550;1327
550;1687
550;1517
550;129
550;161
551;1891
551;1851
551;1672
551;943
552;1736
552;2063
553;896
553;745
553;1683
553;2130
553;1968
554;769
554;1602
555;1435
555;748
555;1559
555;1005
555;937
556;1012
556;1389
556;1140
556;664
556;1679
557;1745
557;2006
557;1509
557;1488
557;1264
558;620
558;1293
558;1487
559;1828
559;1197
559;728
559;219
559;779
560;2173
560;913
560;2066
561;1520
561;2127
561;1489
561;1912
561;1286
562;1375
562;1584
562;1194
562;1470
563;1350
563;1989
563;310
564;703
564;2081
564;816
564;2162
565;1201
565;1453
565;637
565;2064
566;1378
566;698
566;1783
567;1826
567;2132
567;917
568;2044
568;1307
568;2138
568;1258
568;1124
569;1981
569;1325
569;1534
569;1508
569;1446
570;1056
570;1722
570;739
570;1167
571;2176
571;1081
572;2091
572;1024
572;946
572;940
572;701
573;1529
573;1745
573;1509
573;1624
573;1664
574;593
574;1423
574;871
575;728
575;665
575;1744
576;1266
576;976
576;1254
576;1853
577;1373
577;1709
577;616
577;2177
577;784
578;1720
578;1932
578;1884
578;1725
579;1902
579;692
579;1328
579;1236
579;2158
580;942
580;2084
580;972
580;1796
581;747
581;1674
581;1207
581;2051
582;1130
582;2073
582;1978
583;1849
583;733
583;934
584;1612
584;2104
584;2158
584;1200
585;1454
585;1817
585;1645
585;1143
585;1288
586;1364
586;858
586;822
587;1394
587;1855
587;100
587;14
588;1480
588;617
588;1612
588;2104
589;848
589;1277
589;622
589;1699
589;1420
590;1164
590;1058
590;1735
590;1964
590;1780
591;610
591;1464
591;1623
592;1470
592;1375
592;1194
592;406
593;1423
593;524
593;871
594;921
594;1281
594;2030
594;800
594;830
595;1809
595;1598
595;1074
595;1444
596;966
596;938
596;804
596;1221
597;1973
597;1959
597;1467
598;1137
598;1157
598;831
598;756
598;1310
599;2039
599;1038
599;1397
600;1185
600;712
600;1427
600;1869
601;1172
601;2089
601;759
601;1435
602;1234
602;1675
602;1217
602;956
602;958
603;1645
603;1143
603;585
603;1959
604;1326
604;865
604;1762
604;1158
605;1165
605;1008
605;964
605;1354
605;1072
606;1475
606;1461
606;1497
606;1166
607;560
607;529
607;2066
608;2114
608;1893
608;1025
608;2085
609;1561
609;2082
609;1007
609;1744
610;1464
610;1496
610;334
611;1722
611;2078
611;315
611;1576
612;1449
612;1966
612;1452
613;1346
613;1620
613;1482
614;884
614;1132
614;2079
614;2097
614;746
615;774
615;771
615;1506
615;621
615;304
616;1709
616;2177
616;1373
616;784
617;1713
617;2104
617;1248
618;829
618;2059
618;1477
618;312
618;1189
619;1671
619;2034
619;641
619;651
619;1229
620;623
620;1994
621;933
621;1506
621;1321
621;1691
622;848
622;1277
622;1424
622;798
623;1994
623;1740
623;2178
623;558
624;1433
624;1721
624;1067
624;1611
624;765
625;719
625;1880
625;674
625;1591
625;1347
626;1075
626;2069
626;1531
627;1255
627;1337
627;1399
627;882
627;1103
628;1871
628;1957
628;834
628;1357
628;238
629;792
629;1971
629;1574
629;707
629;1050
630;1942
630;1441
630;738
631;1250
631;30
631;1380
631;923
631;1218
632;1997
632;1030
632;1992
632;1558
632;802
633;2149
633;1622
633;883
633;2124
633;1248
634;647
634;1496
634;1544
634;610
635;1237
635;810
635;970
635;1110
635;415
636;833
636;1678
636;1290
637;1453
637;1201
638;930
638;1042
638;1386
638;1822
639;1227
639;1791
639;1739
639;692
639;1367
640;1385
640;132
641;2034
641;1315
641;660
641;651
642;209
642;1554
642;193
643;1491
643;1897
643;1821
644;1850
644;1714
644;1676
645;1738
645;828
645;178
646;1465
646;649
646;814
646;666
646;746
647;1594
647;1544
647;1188
647;1705
648;938
648;369
648;2002
648;1930
648;596
649;1465
649;814
649;666
649;1916
650;983
650;854
650;830
650;759
651;2034
651;711
651;952
652;1377
652;1386
652;1042
652;1492
652;993
653;1931
653;1976
653;1987
653;1078
654;1812
654;2119
654;643
654;151
655;1751
655;391
655;2030
656;677
656;2169
656;2151
656;2058
657;1623
657;591
658;1448
658;1218
658;1925
659;784
659;2177
659;1330
660;1315
660;1017
660;1556
661;1306
661;2101
661;576
661;963
662;2092
662;915
662;1347
663;764
663;1408
663;1557
663;667
664;1057
664;1032
664;1679
664;2170
665;1055
665;582
666;2107
666;1916
666;746
666;1027
667;1557
667;764
667;685
667;399
667;1408
668;1969
668;2179
668;688
669;1288
669;1817
669;1362
669;1454
670;1769
670;2156
670;1402
670;1287
671;1869
671;963
672;1344
672;1141
672;932
672;877
672;2060
673;911
673;1993
673;807
673;571
674;719
674;337
674;969
674;1339
675;1535
675;1839
675;53
675;705
676;2055
676;522
676;1266
676;976
677;2169
677;2151
677;2058
678;914
678;1689
678;1040
678;1595
679;1900
680;997
680;1650
680;1201
680;565
681;1360
681;977
681;838
681;1358
681;2145
682;1727
682;1473
682;1639
682;465
683;735
683;1267
683;1805
683;1102
683;1845
684;1361
684;1254
684;1958
684;459
684;1417
685;2172
685;1970
685;1784
685;399
686;1846
686;897
686;811
687;1925
687;2056
687;1380
687;1218
687;202
688;1969
688;1959
688;379
688;1645
689;1707
689;1065
689;1827
689;729
690;1668
690;1401
690;893
690;1953
690;62
691;817
691;931
691;1093
692;1902
692;1328
692;1236
693;885
693;1225
694;2106
694;1174
694;1041
694;1766
694;433
695;1996
695;1820
695;1939
695;1092
696;1273
696;1208
696;2118
697;2148
697;1582
697;773
697;2164
698;1378
698;1783
699;1233
699;732
699;1215
699;796
700;1775
700;720
700;718
701;1949
701;2003
701;1024
701;1632
701;1271
702;1173
702;795
702;2063
702;1933
702;376
703;816
703;2007
703;2081
704;1541
704;1833
704;1235
704;386
705;843
705;801
705;1535
706;727
706;1268
706;1080
707;792
707;865
707;1326
708;944
708;1770
708;959
709;846
709;1813
709;15
709;899
710;832
710;1521
710;1596
710;210
710;2031
711;1280
711;952
711;1276
711;1630
712;1185
712;1967
712;1427
713;1461
713;400
713;1479
713;1868
713;1475
714;202
714;910
714;658
714;1899
714;1802
715;1560
715;1210
715;1098
715;308
715;2134
716;2106
716;824
716;1829
717;1451
717;1396
717;190
718;914
718;1775
719;1880
719;1347
719;2092
719;662
720;1775
720;718
721;1618
721;1607
721;762
721;1600
721;1761
722;1309
722;1474
722;2166
723;1568
723;809
723;1079
723;1516
723;1748
724;890
724;1870
724;1995
724;1336
724;1259
725;793
725;1043
725;2144
725;878
726;1631
726;1184
726;1316
726;1782
727;1268
727;1387
727;2018
728;1197
729;1133
729;1827
729;1734
729;1707
730;1440
730;1995
731;1162
731;1285
731;1767
731;2051
732;796
732;1233
732;1401
732;690
733;934
733;1510
733;351
734;2020
734;1763
734;1660
734;1209
735;1102
735;1845
735;1257
736;2008
736;1874
736;1187
736;961
736;2021
737;1167
737;1699
737;1381
737;1420
737;935
738;926
738;741
738;790
739;1381
739;1167
739;737
739;1056
739;1699
740;1572
740;1551
740;763
740;1627
740;1704
741;926
741;790
741;1409
742;1566
742;1473
743;888
743;1808
743;2144
744;1845
744;1102
744;1425
744;1349
745;2130
745;1683
745;896
746;814
746;2097
746;1027
747;2051
747;1207
747;1767
748;1435
748;1559
748;601
748;1504
749;1810
749;835
749;1080
750;812
750;1127
750;2118
750;458
751;1093
751;691
751;107
752;1875
752;1728
752;1945
752;765
753;1123
753;1638
753;901
753;1723
753;1570
754;794
754;1935
754;2112
754;973
755;1359
755;990
755;941
756;1157
756;1137
756;831
757;2145
757;1799
757;838
757;681
757;1360
758;1473
758;742
758;1566
759;854
759;983
759;830
760;1597
760;1447
761;1576
761;2078
761;1765
762;1528
762;1607
762;1761
762;253
763;1710
763;1704
763;1627
764;1557
764;1408
765;1721
765;1728
765;1708
766;1406
766;1610
766;1459
766;1670
767;1486
767;1460
767;756
768;1814
768;1819
768;1171
768;1220
768;2154
769;1602
769;531
770;1352
770;1693
770;1041
771;774
771;1099
771;36
771;1211
772;1867
772;1609
772;0
773;1582
773;2013
773;2148
773;913
774;1506
774;304
774;621
775;1960
775;1029
776;887
776;1392
776;982
776;1006
776;1488
777;1641
777;1756
778;96
778;2043
778;860
778;1503
779;1197
779;219
779;728
779;1828
780;2037
780;1021
780;1077
781;998
781;1662
781;2061
781;12
782;1194
782;1470
782;592
782;299
782;541
783;1372
783;928
783;2042
783;903
783;1705
784;2177
784;1282
784;1709
785;997
785;637
786;1289
786;981
786;2027
786;862
787;1750
787;2121
787;519
787;1408
788;1122
788;811
788;1455
789;2168
789;1183
789;1787
789;825
790;1409
790;1297
790;1434
790;926
791;1005
791;937
791;1564
791;1559
791;220
792;1971
792;1574
792;1782
793;1043
793;2144
793;878
794;1379
794;1935
795;2063
795;1173
795;552
796;1233
796;1401
797;978
797;920
797;1967
797;1757
798;1614
798;1420
798;848
799;1186
799;1862
799;123
800;921
800;1281
800;650
801;843
801;1535
802;2021
802;1764
802;1926
802;1282
802;1495
803;1091
803;1405
803;1774
803;1462
804;1221
804;966
804;1864
805;2068
805;1844
805;1312
805;447
806;1539
806;2116
806;841
806;1369
806;995
807;1095
807;911
807;571
808;2007
808;703
808;816
808;517
808;2162
809;1568
809;1079
809;1516
809;908
810;1110
810;1237
810;415
810;970
811;897
811;382
812;1127
812;823
813;1429
813;1810
813;749
813;152
814;2097
814;884
814;614
815;1336
815;1892
815;1269
815;1604
815;724
816;2162
816;1618
817;931
817;1593
818;1205
818;2023
818;2025
818;1711
819;1932
819;1812
819;1884
819;654
819;1335
820;2019
820;1961
820;1355
820;1552
821;1212
821;1527
821;1665
821;2140
821;1302
822;858
822;1364
822;2036
823;1127
823;1907
823;1669
824;1829
824;1703
824;1121
824;1270
825;2168
825;974
825;2134
826;1702
826;916
826;1803
827;1415
827;1800
827;445
827;1341
828;1738
828;178
829;2059
829;321
829;1189
829;1796
830;983
830;921
830;2030
831;1157
831;1137
831;55
832;1521
832;1053
832;1596
833;1678
833;1290
834;1357
834;1957
834;1871
835;1658
835;847
835;1810
836;1724
836;535
836;131
836;1204
837;1771
837;268
837;1119
838;1360
838;2145
838;977
838;1799
839;1478
839;2079
839;973
839;1935
839;1132
840;1431
840;1480
840;68
840;588
840;1328
841;2116
841;1539
841;1369
841;1885
842;1701
842;1051
842;1831
843;1535
843;992
844;2062
844;2088
844;1333
844;851
845;1579
845;1537
845;1556
845;952
846;1813
846;15
846;899
846;395
847;1658
847;1256
847;1810
848;1277
848;1699
849;1717
849;973
849;1132
849;211
850;1531
850;2069
850;1313
850;1423
851;2062
851;366
851;1821
852;1089
852;1778
852;1463
852;1878
853;745
853;2130
854;983
855;1787
855;1183
855;1292
855;889
856;1084
856;1503
856;87
856;2139
857;1938
857;1417
857;1091
857;1774
857;803
858;1364
858;2036
859;1802
859;1255
859;912
859;2004
859;1428
860;2043
860;1635
860;157
861;1908
861;1303
861;1359
862;981
862;2039
862;490
863;2117
863;960
863;1310
863;2103
864;1512
864;1628
864;1129
864;1228
865;1326
866;1441
866;1942
866;1040
866;1424
867;1646
867;360
867;2045
868;1677
868;1653
868;1937
868;775
868;113
869;1928
869;1468
869;1861
869;631
869;1363
870;1814
870;1746
870;768
870;1220
870;1171
871;968
871;1423
871;1749
872;2171
872;1203
873;1848
873;1718
873;2060
874;1663
874;1088
874;2175
874;544
875;1575
875;1972
875;1630
875;2133
876;999
876;2070
876;192
876;1421
877;1877
877;1141
877;1718
878;1043
878;2144
879;1434
879;1297
879;1409
879;790
880;1511
880;1282
880;1495
880;1764
880;1926
881;1532
881;1600
881;1107
881;1393
881;1607
882;1231
882;1103
882;1399
882;762
883;2149
883;1622
883;2124
883;1248
884;2079
884;1132
884;2097
885;1220
885;1225
885;489
886;1345
886;1700
886;2122
886;2075
887;982
887;1046
887;1488
887;1264
887;2006
888;1808
888;2144
889;1655
889;1540
889;1292
889;1739
890;1259
890;1870
890;868
891;951
891;1502
891;1342
891;1356
892;1565
892;1736
892;1223
892;440
893;1953
893;1401
893;1668
894;1583
894;1246
894;105
894;2012
895;1222
895;269
895;720
895;1077
896;1968
896;1683
896;2130
897;382
897;788
898;1432
898;1620
898;1563
898;56
898;1406
899;1471
899;1813
900;1776
900;1803
900;1851
901;1723
901;1123
901;1638
901;2147
902;1252
902;1028
902;166
902;2038
903;2136
903;1920
903;928
904;1593
904;817
904;931
905;1546
905;2065
905;2083
905;988
906;1784
906;1301
906;1476
907;1023
907;1934
907;950
907;971
907;1419
908;1547
908;948
909;1044
909;640
909;319
910;1457
910;1802
910;1291
911;1993
911;1095
911;390
912;2004
912;1457
912;1291
912;1948
913;2173
913;2013
914;1689
914;1595
915;2092
915;1347
916;1803
916;1205
917;2132
917;1011
918;1135
918;1020
918;1391
919;2155
919;1437
919;243
920;1757
920;978
921;2030
921;983
921;650
922;1580
922;1795
922;2160
922;1036
923;1380
923;2056
923;30
924;2119
924;2111
924;49
924;654
924;1335
925;1660
925;422
925;1763
925;158
926;1409
927;1881
927;1204
927;1263
927;994
928;1920
928;1372
928;2136
929;1886
929;1410
929;1156
929;1500
929;1987
930;1042
930;1822
930;1386
931;107
931;61
932;2060
932;1344
932;1718
932;1141
933;1506
933;1321
933;1626
933;1691
934;1510
935;1112
935;954
935;475
936;1522
936;120
936;1035
936;1243
937;1559
937;1435
937;2089
937;1172
938;804
938;966
938;1221
939;1270
939;1121
939;1145
939;2071
940;946
940;1149
940;1986
940;2091
941;1359
941;1237
941;2142
941;1943
942;2084
942;1796
943;1101
943;1851
943;371
943;1099
944;959
944;1770
944;2020
945;571
945;2176
945;204
946;1149
946;1986
946;2091
947;1106
947;1685
948;1547
949;2040
949;2095
949;2135
950;1023
950;971
950;1934
950;1514
951;1502
951;1028
951;1342
952;1280
952;1556
952;2034
953;1379
953;1324
953;1945
953;794
954;1113
954;2072
954;1112
955;1617
955;1418
955;1493
955;1110
955;1147
956;1400
956;1590
957;1982
957;1300
957;1521
958;1234
958;1217
958;1675
958;1571
959;2105
959;1272
960;2103
960;1310
960;2117
961;1187
961;1874
962;2041
962;1170
962;1725
962;1862
963;2101
963;1306
963;1869
963;2115
964;1628
964;1072
964;1512
964;1165
965;1834
965;2163
965;1633
965;1584
965;1411
966;1634
966;1221
967;1518
967;1484
968;1749
968;1423
969;1669
969;1127
969;176
969;823
970;1025
970;1237
970;2142
971;1514
971;1023
971;1462
972;2084
972;1524
972;942
972;2140
973;1935
973;1478
974;2168
974;1523
974;1857
975;1591
975;1783
975;335
975;149
976;1266
976;1853
977;1360
977;1358
977;1766
978;1967
978;1757
978;2099
979;1092
979;1820
979;1852
979;2125
980;2133
980;1317
980;1082
980;1064
981;2039
982;1488
982;1046
982;2006
982;1264
984;1299
984;1918
984;1114
984;1854
984;2139
985;1988
985;795
986;1261
986;1838
986;1515
986;1156
986;2150
987;1253
987;1243
987;1318
987;2088
988;2083
988;2065
988;1546
989;1798
989;2
989;1908
989;1341
990;1836
991;1956
991;1276
991;1265
991;1575
992;1535
992;1839
992;1030
993;1492
993;1386
993;354
993;917
994;1263
994;1881
994;1354
994;1165
994;1008
995;1161
995;1369
995;2116
996;2157
996;2141
996;1588
996;1619
997;1201
997;565
997;8
998;1662
998;2061
998;1296
998;1168
999;2070
999;1421
1000;1499
1000;1035
1000;1196
1000;120
1001;1963
1001;2058
1001;1190
1001;2151
1001;63
1002;1543
1002;1419
1002;1178
1002;1934
1002;1841
1003;2108
1003;1927
1003;1567
1003;1734
1003;1466
1004;1428
1004;1195
1004;1990
1004;1899
1004;1436
1005;1559
1005;937
1005;1070
1006;1929
1006;1392
1006;1955
1006;1106
1007;1561
1007;2082
1007;1071
1008;1165
1008;1083
1008;1354
1009;2148
1009;1582
1009;697
1009;1322
1010;1214
1010;1477
1010;1843
1010;1661
1011;2110
1011;1577
1011;2132
1012;1389
1012;1140
1012;664
1012;171
1013;1936
1013;2095
1013;2135
1013;1711
1013;949
1014;1601
1014;1094
1014;2027
1014;1472
1014;786
1015;1990
1015;1899
1015;1924
1015;1384
1015;1398
1016;1232
1016;1388
1016;1035
1016;488
1017;1315
1017;2053
1018;1759
1018;2146
1018;2076
1018;1583
1018;894
1019;1494
1019;1624
1019;1222
1019;1509
1019;1021
1020;1756
1021;1077
1021;1494
1021;2037
1022;214
1022;729
1022;81
1022;1707
1022;1133
1023;1934
1023;1419
1024;2091
1024;2003
1024;1949
1025;2142
1025;1943
1025;1893
1026;2129
1026;1921
1026;1910
1026;1731
1026;1773
1027;814
1027;614
1027;2097
1028;1502
1028;381
1028;891
1029;1883
1029;1960
1029;1677
1030;1997
1030;1495
1030;1839
1030;1535
1031;1550
1031;1374
1031;1504
1031;1825
1032;1057
1032;2170
1032;1679
1033;1790
1033;338
1033;1644
1033;1695
1034;133
1034;2010
1035;1499
1036;1795
1036;1580
1036;1343
1036;1649
1037;1085
1037;1279
1038;1397
1038;1597
1039;1086
1039;1362
1039;439
1039;669
1040;1441
1040;2090
1041;1352
1041;2106
1041;433
1042;1386
1042;1377
1043;2144
1044;1385
1045;1049
1045;1104
1045;1962
1045;1715
1045;267
1046;1488
1046;2006
1046;1264
1047;1887
1047;1539
1047;2087
1048;1629
1048;1236
1048;1247
1048;1902
1048;2102
1049;1104
1049;1962
1049;1715
1049;1662
1050;1574
1050;1971
1050;2001
1050;1762
1051;1701
1051;1625
1051;301
1052;2094
1052;1687
1053;2031
1053;1982
1053;1376
1053;1654
1054;1984
1054;402
1054;1137
1054;756
1054;1157
1055;417
1055;582
1055;575
1056;1722
1056;414
1057;2170
1057;1366
1057;1679
1058;1164
1058;1735
1058;1224
1059;2045
1059;1115
1060;1670
1060;1674
1060;261
1060;1207
1060;442
1061;1598
1061;1857
1061;1074
1062;1913
1062;1487
1062;45
1062;873
1063;2035
1063;1338
1063;1450
1063;1177
1063;1786
1064;1755
1064;1952
1064;1142
1065;1707
1065;1525
1065;1827
1066;1633
1066;1584
1066;965
1066;1834
1066;1411
1067;1536
1067;1611
1067;1433
1068;1797
1068;1866
1069;1688
1069;1153
1069;1542
1069;2122
1070;2028
1070;1818
1070;1504
1071;609
1071;1561
1071;2082
1072;1354
1072;1512
1073;1909
1073;1087
1073;1151
1073;1501
1074;1598
1074;1857
1074;1444
1075;1570
1075;1426
1075;524
1076;1213
1076;1467
1076;2065
1076;988
1076;2083
1077;1494
1078;1500
1078;1987
1078;1886
1078;929
1078;1410
1079;1568
1079;1516
1079;1748
1080;835
1080;1658
1081;2176
1081;1914
1082;2123
1082;2073
1082;1130
1083;1291
1083;526
1083;1457
1083;910
1084;1918
1085;1279
1085;473
1086;1362
1086;439
1086;513
1087;1909
1087;1151
1087;1743
1088;1663
1088;2075
1089;1778
1089;1878
1089;1463
1090;1982
1090;1300
1090;1605
1090;1376
1091;1774
1091;1405
1092;1820
1092;1852
1094;1601
1094;2027
1094;1472
1094;673
1095;1993
1095;1366
1096;1296
1096;1390
1096;1168
1096;2061
1097;1727
1097;1212
1097;821
1097;1888
1097;1302
1098;370
1098;1135
1098;1651
1098;24
1099;1101
1100;1128
1100;1587
1100;1849
1100;1530
1101;1585
1102;1845
1102;1257
1103;1399
1103;1231
1103;1262
1104;1962
1104;1715
1105;1609
1105;1828
1105;1197
1106;1685
1106;1929
1106;27
1107;1600
1107;1501
1107;1393
1107;1532
1108;1923
1108;2095
1108;1191
1108;2098
1109;1314
1109;1118
1109;1792
1109;1322
1110;2113
1110;1999
1111;1412
1111;1439
1111;1619
1111;1124
1112;2072
1112;1113
1113;2072
1113;1589
1114;1854
1114;1830
1114;1299
1114;1885
1115;1573
1115;1752
1115;1737
1115;2100
1116;1139
1116;1368
1116;1692
1116;1599
1117;1228
1117;1129
1117;2001
1117;26
1118;2010
1118;1322
1119;1676
1119;1589
1120;1528
1120;1761
1121;1703
1121;1270
1121;1829
1122;811
1122;1455
1123;1638
1123;1723
1124;1439
1124;1258
1124;1412
1125;1792
1125;1438
1125;1939
1126;1637
1126;1733
1126;361
1126;360
1127;1669
1128;1587
1128;1849
1128;1151
1129;1228
1129;1512
1129;270
1130;2073
1130;1978
1131;2038
1131;1447
1131;760
1132;2079
1133;1734
1133;1567
1134;1863
1134;958
1134;1571
1135;1391
1135;1560
1136;1179
1136;1933
1136;1481
1136;640
1137;1157
1137;1984
1137;402
1138;2050
1138;1477
1138;1214
1138;1804
1139;1599
1140;1389
1140;828
1140;171
1141;1718
1141;2060
1141;1344
1142;1952
1142;1755
1142;1606
1142;57
1143;1817
1143;669
1143;1288
1144;1245
1144;1278
1144;1712
1144;1519
1144;1274
1145;2071
1145;2049
1146;1192
1146;1198
1146;1175
1146;24
1147;1617
1147;1319
1147;1690
1148;1729
1148;2016
1148;1772
1149;1986
1149;767
1149;1054
1150;17
1150;422
1150;58
1151;1909
1152;1876
1152;1675
1152;1217
1153;1542
1153;1249
1153;1688
1154;1576
1154;1722
1154;1666
1155;1664
1155;1977
1155;630
1155;1529
1155;776
1156;1886
1156;1987
1156;1261
1156;1838
1158;1762
1158;1251
1158;1473
1159;1484
1159;1241
1159;28
1159;967
1160;1365
1160;1298
1160;1456
1160;628
1160;1659
1161;1369
1161;806
1161;2116
1162;1285
1162;1767
1162;2051
1163;1801
1164;1735
1165;1354
1166;1906
1166;1497
1167;1381
1167;1699
1167;935
1168;2061
1168;1793
1169;2022
1169;653
1169;1931
1169;1078
1170;1862
1170;2041
1171;1819
1171;1804
1171;2154
1171;1814
1172;2089
1172;759
1172;854
1173;1933
1173;1179
1173;2063
1174;1766
1174;977
1174;1358
1174;681
1175;1905
1175;1192
1175;1651
1176;1954
1176;2159
1176;2022
1176;538
1177;1450
1177;1338
1177;1466
1177;1946
1178;1841
1178;1543
1178;1419
1179;1933
1179;1481
1180;1860
1180;1548
1180;1793
1180;2005
1180;1290
1181;1878
1181;1979
1181;1463
1181;1778
1182;1956
1182;991
1183;1787
1183;1292
1184;2102
1184;2100
1184;1126
1184;187
1185;1427
1185;1967
1186;1862
1186;1170
1187;1874
1187;1558
1188;1705
1188;1594
1188;2042
1189;321
1189;1657
1189;2105
1189;1272
1190;2058
1190;1963
1190;656
1191;2067
1191;1837
1191;2095
1191;1923
1192;1198
1193;2049
1193;1145
1194;1470
1194;1375
1195;1436
1195;1428
1195;1256
1195;1706
1196;1510
1196;733
1196;934
1197;1828
1198;1020
1198;24
1199;1741
1199;1685
1200;2158
1200;1807
1200;2100
1200;1612
1201;2064
1201;1453
1202;2098
1202;1896
1202;1412
1202;1111
1202;493
1203;2171
1203;1482
1203;413
1204;1881
1204;1263
1204;2126
1205;2023
1206;1827
1206;1525
1206;1754
1206;156
1206;1946
1207;2051
1207;1285
1207;1674
1208;1273
1208;2118
1209;1916
1209;2107
1209;967
1209;28
1209;666
1210;2134
1210;1560
1210;1391
1210;1135
1211;2046
1211;1922
1211;1702
1211;1538
1212;1527
1212;1665
1212;1302
1213;1518
1213;1467
1213;988
1213;2083
1214;1477
1214;2050
1214;1843
1215;1498
1215;732
1215;1233
1216;1446
1216;1332
1216;1981
1216;488
1216;1508
1217;1675
1217;1234
1217;1571
1218;1448
1218;1925
1219;1223
1219;2164
1220;1814
1220;693
1220;1819
1221;1864
1222;1494
1222;1775
1222;720
1223;1565
1224;1780
1224;1615
1224;1334
1224;1964
1225;242
1226;1486
1226;153
1226;1410
1226;767
1226;940
1227;1847
1227;1247
1227;692
1227;1791
1228;1320
1229;2152
1229;1671
1229;2034
1230;2009
1230;1994
1230;2178
1230;945
1231;1399
1231;762
1231;1528
1232;1388
1232;1832
1232;488
1233;165
1234;1675
1235;1680
1235;1541
1235;1505
1236;1629
1236;1902
1236;2102
1237;1025
1238;1606
1238;1708
1238;1579
1239;1295
1239;1604
1239;1731
1240;1768
1240;1843
1240;281
1241;1272
1241;2105
1241;959
1242;1553
1242;1545
1242;1895
1242;1888
1243;1318
1243;75
1243;1253
1244;1267
1244;1805
1244;987
1244;2088
1245;1712
1245;1278
1245;1519
1245;2111
1246;1583
1246;205
1246;1794
1247;1629
1247;1847
1247;1236
1248;230
1248;1622
1248;1713
1249;1542
1249;1069
1249;1688
1250;2017
1250;1469
1250;1363
1250;1348
1251;1320
1251;1762
1251;758
1252;1911
1252;166
1252;2038
1252;1131
1253;2088
1253;1333
1253;98
1254;1361
1254;976
1255;1337
1255;1399
1255;2004
1256;1706
1256;1398
1256;1414
1256;1436
1257;2016
1257;1425
1257;1845
1258;1412
1258;1439
1258;2044
1259;1581
1259;523
1259;1653
1260;1509
1260;1479
1260;1868
1260;2037
1261;1838
1261;1515
1261;2150
1262;1730
1262;2162
1262;816
1262;1618
1263;1682
1263;1881
1263;1354
1264;2006
1264;1488
1265;1956
1265;1575
1265;875
1266;1853
1266;509
1267;1805
1267;366
1267;987
1268;2018
1268;1387
1269;1892
1269;1604
1269;1336
1269;1357
1270;1703
1270;1829
1271;1632
1271;2003
1271;1949
1272;2105
1272;321
1273;2118
1274;1519
1274;2086
1274;1278
1274;2138
1274;1307
1275;2109
1275;408
1276;1972
1276;1630
1276;1575
1277;1424
1278;1519
1278;1712
1279;143
1279;858
1279;822
1280;1630
1280;1972
1280;373
1281;921
1281;2030
1282;1511
1282;1926
1282;2177
1283;2047
1283;1919
1283;1332
1283;1490
1283;90
1284;1551
1284;740
1284;1704
1284;1710
1285;2051
1285;1767
1286;2127
1286;1912
1286;1489
1286;2026
1286;1520
1287;2068
1287;1329
1287;1844
1288;1817
1288;1454
1288;1362
1289;2027
1289;525
1289;981
1290;1548
1290;1860
1290;89
1291;1457
1292;1787
1293;1487
1293;620
1294;2140
1294;821
1294;1917
1294;1316
1294;972
1295;1604
1296;2061
1296;1662
1296;1608
1297;1409
1297;1434
1297;1858
1298;1365
1298;1659
1298;298
1298;628
1299;1918
1299;1854
1299;2139
1300;1982
1300;667
1301;1777
1301;1872
1301;1915
1302;1888
1302;1895
1302;1665
1302;1545
1302;1527
1303;1592
1303;543
1304;1634
1304;1496
1304;2143
1305;1647
1305;1811
1305;2012
1305;175
1306;2101
1306;2057
1306;522
1307;2138
1307;2044
1307;2086
1307;1258
1308;2093
1308;155
1308;2002
1308;396
1309;2166
1309;1474
1310;2103
1310;2117
1311;1852
1311;1065
1311;92
1312;1844
1312;2068
1313;1531
1313;2069
1313;1483
1314;1901
1314;1996
1314;1125
1315;2034
1316;1917
1316;1631
1317;373
1317;1630
1317;2133
1317;1280
1318;1832
1319;264
1320;2001
1321;1506
1321;1856
1321;1879
1322;1792
1322;1125
1323;1869
1323;2115
1323;1958
1323;963
1324;1536
1324;752
1324;200
1325;1508
1325;1981
1325;1446
1327;1286
1327;1726
1327;2026
1327;1912
1328;1902
1328;68
1328;1612
1329;2068
1329;1779
1330;742
1331;1737
1331;1115
1331;1059
1331;435
1331;1
1332;1446
1332;1694
1333;75
1333;2088
1334;1615
1334;2018
1334;1268
1335;2119
1335;1812
1335;654
1336;1892
1336;890
1337;1399
1337;859
1337;1428
1338;1450
1338;2035
1339;719
1339;625
1339;1880
1339;401
1340;1782
1340;1569
1340;629
1340;792
1341;1798
1341;1800
1342;1502
1342;1750
1342;2121
1343;1580
1343;1795
1343;922
1343;256
1344;2060
1344;1718
1345;2122
1345;1700
1345;126
1346;2171
1346;1482
1347;1880
1347;2092
1348;923
1348;257
1348;1469
1348;2017
1349;248
1349;735
1349;1845
1350;1989
1350;1581
1351;1765
1351;1742
1351;1661
1351;1666
1352;302
1352;1693
1352;94
1353;2121
1353;832
1353;1521
1353;957
1354;79
1355;1552
1355;1442
1355;2019
1356;951
1357;1957
1357;1871
1357;339
1358;1360
1358;1766
1358;838
1359;2113
1359;264
1360;2145
1361;509
1361;1586
1362;1817
1363;2017
1363;1469
1363;1928
1365;1659
1365;1456
1365;628
1366;807
1366;1914
1367;1791
1367;1739
1367;497
1368;1139
1368;110
1368;54
1369;2116
1370;1558
1370;1835
1370;1452
1370;612
1370;1992
1371;1693
1371;1407
1371;175
1371;302
1371;94
1372;2042
1372;1705
1372;903
1373;1709
1373;2177
1373;784
1374;1416
1374;1825
1374;1550
1375;1470
1376;1890
1376;1982
1376;210
1376;1605
1377;1386
1377;1492
1378;464
1378;1613
1380;2056
1380;1925
1380;1218
1381;1699
1381;1420
1382;1697
1382;1684
1382;1673
1382;1611
1382;1433
1383;1455
1383;2155
1383;243
1383;919
1383;65
1384;1951
1384;1398
1384;1924
1384;1414
1384;1706
1385;73
1386;1492
1387;1080
1387;2018
1388;1446
1389;664
1389;171
1390;1168
1390;1904
1391;2134
1392;1929
1392;1955
1392;1106
1393;1532
1393;1600
1393;1501
1394;1855
1394;117
1394;100
1395;1562
1395;2048
1395;1747
1395;478
1396;1853
1396;1451
1396;976
1396;509
1396;1266
1397;2039
1397;862
1398;1706
1398;1414
1398;1951
1399;1262
1400;1590
1401;1668
1401;1953
1402;1510
1402;934
1402;1694
1403;2
1403;1798
1403;446
1404;1991
1404;277
1404;2024
1404;2080
1404;501
1405;1774
1406;1610
1406;1670
1406;1060
1407;2096
1407;1352
1407;433
1408;1557
1409;1434
1410;1886
1410;1500
1410;1156
1411;1834
1411;2163
1411;1633
1411;4
1412;1439
1413;1657
1413;1666
1413;1154
1414;1706
1414;1951
1415;1908
1415;445
1415;990
1416;1825
1416;1031
1416;1973
1417;1938
1417;1361
1417;1091
1418;1493
1418;1690
1418;1999
1418;1617
1419;1543
1419;1934
1420;1699
1420;1614
1420;935
1421;1444
1421;1074
1422;1785
1422;1781
1422;763
1422;398
1422;1691
1424;848
1425;1845
1425;1102
1426;495
1426;593
1426;1638
1427;1498
1428;1990
1428;1899
1429;749
1429;1810
1430;669
1430;1288
1430;1998
1431;1480
1431;1328
1431;497
1432;1620
1432;1563
1432;455
1432;1346
1433;1611
1433;1721
1433;765
1434;46
1435;1559
1436;1706
1436;1398
1437;2155
1437;450
1438;1939
1438;2165
1438;1996
1438;1792
1440;1995
1441;1942
1441;251
1442;1458
1442;1552
1442;1644
1443;1979
1443;1463
1443;273
1443;1878
1444;1809
1445;1966
1445;1698
1445;1449
1445;472
1446;1981
1446;1508
1448;1925
1449;1966
1449;1698
1450;2035
1450;1946
1451;1853
1452;1449
1452;472
1452;316
1453;2064
1453;1868
1454;1817
1454;1143
1455;65
1456;948
1456;185
1456;372
1457;2004
1458;1644
1458;2081
1458;1355
1459;552
1459;440
1459;336
1459;1736
1460;1486
1460;1485
1460;402
1461;1475
1461;400
1462;1514
1462;1774
1462;907
1462;1023
1463;1878
1463;1979
1464;1496
1464;334
1465;1916
1465;666
1465;814
1466;1567
1466;1734
1466;1206
1467;988
1468;1861
1468;1924
1468;2070
1468;658
1469;2017
1469;631
1471;1894
1472;1833
1472;1601
1472;1993
1474;2166
1475;1650
1476;1784
1476;2053
1477;2059
1477;2050
1478;2112
1478;1935
1479;1868
1479;2064
1479;1453
1479;400
1480;617
1481;1933
1481;147
1481;2063
1483;2069
1483;1531
1483;135
1483;850
1484;169
1485;55
1485;1486
1485;751
1485;831
1486;402
1487;620
1488;2006
1489;2127
1489;1912
1489;1760
1489;2026
1490;2047
1490;2048
1490;1395
1491;1821
1491;1897
1492;1042
1493;1999
1493;1690
1493;1617
1494;1624
1495;1764
1495;1511
1495;1839
1496;1634
1497;1906
1497;1264
1497;2006
1498;699
1499;1016
1499;120
1500;1987
1500;1886
1501;1600
1501;1743
1501;1909
1502;1750
1503;1084
1504;1818
1504;1825
1505;284
1505;2109
1505;1275
1507;1920
1507;2136
1507;162
1508;1981
1509;1745
1511;616
1511;1926
1511;2177
1512;1628
1513;2052
1513;1773
1513;1815
1513;1565
1513;1921
1514;907
1514;1023
1514;1774
1515;1838
1515;1987
1516;1748
1516;2103
1516;2029
1516;960
1517;1692
1517;1882
1517;1327
1518;169
1518;1076
1519;2086
1520;2127
1520;1489
1521;1982
1522;1243
1522;1603
1522;1318
1522;1983
1523;1857
1523;2168
1523;393
1524;1545
1524;1242
1525;1754
1525;1946
1525;1827
1526;2011
1526;2087
1526;1621
1526;1047
1526;467
1527;1665
1527;2140
1527;1545
1528;1761
1528;1607
1529;1664
1529;1624
1529;1019
1529;1595
1530;1849
1530;1587
1530;2049
1531;2069
1532;1600
1532;1501
1533;1950
1533;1940
1533;92
1533;122
1533;1022
1534;1981
1534;2077
1534;1325
1534;2131
1535;1839
1536;752
1536;624
1536;1721
1537;1579
1537;1684
1537;167
1538;2046
1538;1816
1538;1922
1538;709
1539;2116
1540;1655
1540;1292
1540;192
1541;1505
1541;386
1542;1688
1543;1934
1543;907
1544;1309
1545;1665
1545;1888
1545;1895
1546;2065
1546;2083
1548;1860
1548;1793
1548;2005
1549;1608
1549;1296
1549;2156
1550;1504
1550;64
1550;1825
1551;1572
1551;23
1551;1704
1552;2019
1554;797
1554;209
1555;1636
1555;1974
1555;1865
1555;1482
1556;1315
1556;1017
1558;1835
1558;1992
1558;1874
1560;2134
1560;1391
1561;2082
1562;2048
1562;1747
1562;38
1563;1988
1563;985
1564;2161
1564;193
1564;893
1565;2052
1566;2008
1567;1734
1568;1516
1568;1748
1569;1782
1569;1574
1570;1651
1570;1098
1571;1675
1571;1876
1571;1937
1572;1627
1572;763
1572;1284
1573;1752
1573;2100
1573;1807
1574;1971
1574;1782
1575;1972
1575;1630
1576;2078
1577;2110
1577;1411
1577;1633
1577;354
1578;1824
1578;1656
1578;1131
1580;1795
1580;2160
1581;1653
1582;2148
1582;2013
1583;105
1583;2012
1584;406
1584;1633
1585;1691
1586;1635
1586;459
1587;1849
1588;1619
1588;1111
1588;1837
1588;2141
1589;2072
1589;533
1589;954
1590;602
1591;1783
1591;2092
1592;543
1592;480
1592;1170
1593;691
1593;1965
1593;61
1594;1705
1594;2042
1595;1624
1595;18
1596;2031
1596;1654
1596;210
1597;1447
1598;1857
1599;1944
1599;437
1600;1607
1601;2027
1601;1289
1602;2082
1602;1811
1603;1983
1603;1640
1603;325
1603;383
1604;1892
1605;2053
1605;2172
1605;1476
1605;1784
1606;1952
1607;1761
1608;1919
1609;1867
1610;1670
1610;1060
1612;2104
1612;1713
1613;1379
1613;698
1614;1699
1615;2018
1615;469
1616;2032
1616;1753
1616;163
1617;1690
1618;2162
1618;1730
1619;2141
1619;1439
1619;2157
1620;1346
1621;2087
1621;2011
1621;467
1622;2149
1622;2124
1624;1222
1625;1964
1625;1780
1626;1856
1626;504
1626;1321
1627;1672
1627;1781
1629;1902
1629;692
1630;1972
1631;1917
1632;2003
1632;1949
1633;1834
1633;2163
1634;596
1635;2043
1635;96
1636;1974
1636;1482
1636;808
1637;1752
1637;2100
1638;1723
1639;1895
1639;1888
1639;1302
1639;1242
1640;1349
1641;1391
1642;1941
1642;2160
1643;1873
1643;2010
1643;271
1644;1695
1644;338
1644;1355
1645;1959
1645;1143
1646;2045
1647;2012
1647;1811
1647;175
1648;1788
1648;288
1649;1795
1649;1789
1649;1941
1650;997
1650;1201
1650;2064
1651;1905
1652;2120
1652;126
1652;1688
1652;1037
1653;1876
1653;1937
1653;1152
1654;2031
1654;1890
1655;1292
1656;1824
1656;760
1656;1038
1657;1666
1657;1272
1657;111
1658;1810
1658;749
1658;471
1659;1870
1659;628
1659;1995
1660;1763
1660;422
1661;1742
1661;1765
1662;2061
1662;1168
1663;2175
1663;544
1664;1624
1664;630
1665;2140
1667;1823
1667;1686
1667;1863
1668;1953
1670;1674
1671;2034
1671;651
1671;641
1672;1891
1672;1781
1672;371
1672;398
1673;1697
1673;2014
1674;747
1676;1771
1677;1937
1678;2025
1678;818
1679;2170
1679;283
1680;462
1680;1505
1680;862
1681;2057
1681;2101
1681;1343
1682;1354
1682;0
1682;1867
1683;2130
1683;81
1684;1697
1686;1883
1686;1863
1687;2094
1688;2120
1688;2122
1689;2090
1690;2128
1690;955
1691;371
1691;1101
1692;161
1692;550
1693;769
1694;351
1694;1510
1695;1458
1695;1087
1696;1854
1696;1369
1696;1161
1696;995
1697;2014
1698;1966
1698;612
1699;935
1700;2075
1700;1740
1702;2046
1702;916
1703;1829
1703;939
1704;1710
1705;2042
1707;1827
1708;1721
1708;1728
1709;2177
1710;740
1711;2135
1711;2040
1711;2025
1711;2023
1712;2111
1712;924
1713;2104
1713;584
1714;1850
1714;1676
1714;268
1715;1312
1715;1844
1716;785
1717;211
1717;429
1718;2060
1719;1474
1719;2174
1719;2166
1719;722
1720;1725
1720;2041
1720;962
1720;1170
1721;1728
1721;752
1724;146
1725;2041
1725;1170
1725;123
1726;1515
1726;534
1726;1838
1726;986
1726;1261
1727;1212
1727;1639
1728;1875
1729;1897
1729;2016
1730;2162
1730;816
1731;1910
1731;2015
1732;1087
1732;1695
1736;2063
1737;230
1737;1713
1737;435
1738;178
1739;1791
1740;2178
1740;2075
1740;306
1741;46
1741;1685
1742;1765
1742;1666
1743;2081
1743;564
1743;517
1743;1458
1744;2082
1744;1561
1745;2006
1745;1488
1745;982
1746;2137
1746;1980
1746;1220
1746;885
1746;1814
1747;2157
1747;2048
1747;2141
1748;2029
1748;2103
1748;960
1749;1134
1749;958
1750;2121
1751;1379
1752;2100
1752;1807
1752;435
1753;2032
1753;1364
1753;586
1754;1946
1754;1786
1754;1827
1755;1952
1755;980
1756;918
1757;2099
1757;1841
1758;1887
1758;1877
1758;303
1758;806
1759;2146
1759;2076
1759;1800
1760;1912
1760;2026
1760;2127
1762;1326
1763;2020
1764;1926
1764;2021
1764;1282
1766;1360
1766;681
1767;2051
1767;1207
1768;761
1769;2156
1769;1919
1770;959
1772;1729
1772;1884
1773;1815
1773;2129
1773;1921
1774;1938
1776;1803
1776;36
1776;916
1777;1872
1777;906
1778;1878
1778;1463
1779;2093
1779;2068
1779;805
1780;1964
1780;469
1781;398
1781;1585
1781;371
1782;629
1784;2172
1785;1808
1785;1781
1785;933
1785;2110
1786;2125
1786;1946
1786;1525
1788;1975
1789;1941
1789;256
1789;2160
1790;820
1790;1644
1790;2019
1791;692
1793;2005
1793;1860
1794;1836
1794;481
1794;235
1795;2160
1796;242
1796;485
1797;1866
1797;1903
1797;47
1798;1800
1799;2145
1799;681
1799;1360
1800;2146
1801;224
1802;1457
1802;912
1804;2154
1804;1819
1805;735
1806;88
1806;1166
1806;1906
1806;1497
1807;2158
1807;2100
1808;4
1811;2012
1812;1932
1812;1884
1813;2174
1814;1819
1814;885
1815;2129
1815;2173
1816;2174
1816;1719
1816;833
1818;2028
1818;1973
1819;2154
1820;39
1821;1897
1821;49
1822;1826
1822;567
1823;871
1823;850
1824;1502
1825;1973
1826;2132
1828;728
1830;1885
1830;1854
1830;2116
1831;189
1831;236
1831;324
1832;75
1832;1243
1833;1993
1833;911
1833;1095
1834;2163
1834;1584
1835;1992
1835;1452
1835;72
1836;1319
1836;755
1837;2067
1837;1904
1837;996
1838;1987
1840;2015
1840;1044
1840;1910
1840;132
1841;2099
1841;1419
1841;1934
1842;450
1842;503
1842;525
1843;2050
1843;1477
1844;2068
1846;2175
1847;639
1847;343
1847;1363
1848;1081
1848;1914
1850;1858
1851;1101
1851;371
1852;1065
1854;1885
1855;780
1856;1879
1858;1409
1858;954
1859;1936
1859;1860
1859;1013
1859;636
1859;1548
1860;2005
1861;1924
1861;2070
1861;876
1865;1195
1865;1436
1865;1428
1866;1903
1866;1353
1868;2064
1868;400
1869;2115
1869;1958
1870;1995
1870;298
1871;1957
1872;167
1872;1970
1873;1459
1873;272
1874;2008
1875;1945
1876;1581
1877;1141
1877;1718
1878;1979
1879;1922
1879;853
1880;662
1880;2092
1882;2026
1882;2125
1883;1960
1883;1677
1883;344
1884;1932
1885;241
1885;66
1886;1987
1887;2170
1887;1539
1888;1895
1888;1665
1889;1562
1889;478
1889;1096
1890;1017
1890;2031
1890;1053
1891;1851
1891;371
1892;890
1893;2085
1893;970
1894;194
1894;2166
1894;250
1894;1309
1895;1665
1896;2098
1896;1412
1896;1258
1896;493
1898;2125
1898;1063
1898;2035
1898;546
1898;1786
1899;1990
1899;1924
1900;193
1900;220
1900;252
1901;1623
1903;1999
1903;1493
1903;1418
1904;2067
1904;1191
1904;996
1905;1192
1906;606
1907;1669
1907;1127
1907;969
1908;827
1908;445
1910;2015
1910;350
1910;1239
1911;1275
1911;2109
1911;212
1912;2127
1912;2026
1913;45
1913;558
1914;492
1914;807
1915;906
1915;233
1916;2107
1916;646
1918;2139
1919;2047
1919;1549
1920;2136
1921;1385
1921;319
1921;2129
1921;1815
1922;229
1923;2095
1923;2067
1924;1951
1924;1990
1924;2070
1926;2021
1927;2108
1927;725
1927;793
1928;2017
1928;1469
1929;1955
1929;947
1930;2002
1930;2093
1930;1308
1930;805
1931;1976
1931;2022
1932;654
1935;2112
1936;2135
1936;2095
1936;2067
1938;1091
1938;803
1939;1996
1939;2165
1940;1950
1940;92
1940;1901
1941;2160
1941;256
1943;2142
1943;970
1943;1237
1943;415
1944;2035
1944;1338
1944;1063
1945;1324
1947;2147
1947;2000
1948;2004
1948;1457
1948;1881
1948;2126
1949;2003
1950;92
1950;122
1950;1022
1951;2070
1954;2159
1954;2165
1955;1106
1955;776
1956;448
1956;1575
1958;2115
1958;963
1961;2019
1961;338
1961;731
1961;1355
1962;1715
1963;2058
1965;1093
1965;107
1965;61
1967;2099
1967;1757
1968;2108
1968;1683
1969;421
1969;1454
1970;399
1970;764
1971;707
1973;64
1974;808
1974;1865
1976;1726
1977;99
1977;1434
1977;879
1978;2133
1978;875
1978;2073
1978;1575
1979;852
1979;1778
1980;2137
1980;1917
1980;885
1980;1220
1982;210
1983;1270
1983;824
1983;1121
1984;756
1984;1157
1985;406
1985;226
1985;562
1986;1054
1986;767
1988;427
1988;301
1989;82
1989;1581
1991;2024
1991;501
1991;909
1992;801
1993;807
1993;390
1994;2009
1994;2178
1995;85
1997;992
1997;843
1997;801
1998;1277
1998;589
1998;1381
1999;810
2000;2147
2000;1598
2000;1061
2000;595
2001;1762
2002;2093
2002;369
2004;526
2004;1291
2005;322
2007;816
2007;517
2008;1187
2009;2178
2009;623
2011;2087
2011;1047
2011;467
2013;51
2013;2173
2014;215
2015;1239
2015;350
2017;631
2021;1282
2021;784
2022;31
2023;2040
2024;2080
2024;590
2024;1964
2025;2135
2026;2127
2028;1504
2028;1005
2029;457
2029;1079
2029;2103
2030;983
2032;932
2032;1344
2033;1114
2033;1830
2038;1447
2038;760
2040;2135
2040;818
2041;123
2041;1862
2044;493
2044;1124
2045;1115
2046;826
2046;101
2047;102
2049;1587
2050;2059
2052;263
2052;892
2052;1223
2053;412
2053;1784
2054;2167
2054;245
2054;1641
2054;777
2055;522
2055;1266
2055;661
2056;1925
2057;2101
2059;1214
2059;1010
2060;877
2062;2088
2065;2083
2066;913
2066;2173
2067;2095
2067;1588
2071;29
2073;2123
2074;32
2075;2178
2076;2146
2076;1371
2077;2131
2077;569
2078;315
2079;2097
2080;1964
2080;1625
2080;590
2084;242
2084;1524
2085;1025
2085;970
2086;2138
2086;1439
2086;1124
2089;759
2089;854
2090;2179
2090;63
2090;251
2091;701
2091;1949
2093;232
2094;1632
2096;539
2096;419
2098;1412
2098;1111
2098;493
2099;1934
2099;1419
2102;1807
2102;1629
2105;708
2106;1766
2107;646
2107;1518
2108;1734
2108;1567
2108;1133
2110;917
2110;2132
2111;2119
2111;851
2113;635
2113;1237
2113;264
2114;1893
2114;2085
2114;1025
2115;684
2116;1885
2117;2103
2119;1812
2120;2122
2120;306
2123;1698
2123;1130
2124;2149
2128;1418
2128;1617
2128;1596
2128;1493
2129;51
2129;2173
2131;2048
2133;1575
2134;1135
2135;818
2137;1220
2137;885
2137;693
2138;1124
2138;1439
2139;1114
2140;1545
2140;1212
2141;2157
2141;1111
2142;1237
2142;415
2143;1496
2144;537
2147;139
2147;1598
2148;2164
2149;1248
2150;1838
2150;1949
2151;2169
2152;1654
2152;1596
2153;69
2153;1634
2153;1304
2153;966
2153;804
2154;1138
2156;267
2157;1395
2158;1612
2159;2165
2161;514
2162;703
2163;878
2165;1125
2167;2124
2167;245
2167;883
2168;443
2169;1001
2170;1758
2171;189
2172;1476
2174;194
2179;1001
2179;1689
2180;1766
2180;1174
2180;1358
2180;977
2180;694
2181;1083
2181;1291
2181;910
2181;526
2181;687
2182;779
2182;549
2182;491
2182;1197
2182;575
2183;1263
2183;994
2183;927
2183;1682
2183;1881
2184;1724
2184;836
2184;540
2184;217
2184;477
2185;217
2185;477
2185;540
2185;1071
2185;1724
2186;728
2186;279
2186;491
2186;609
2186;1744
2187;1072
2187;0
2187;1354
2187;327
2187;79
2188;2184
2188;1682
2188;1204
2188;1867
2188;772
2189;1648
2189;327
2189;1788
2189;772
2189;444
2190;549
2190;1801
2190;2182
2190;1975
2190;288
2191;779
2191;1197
2191;2182
2191;219
2191;444
2192;1457
2192;912
2192;526
2192;2004
2192;1291
2193;535
2193;466
2193;146
2193;2126
2193;1120
2194;2181
2194;1083
2194;910
2194;1291
2194;687
2195;1802
2195;859
2195;910
2195;526
2195;1899
2196;2182
2196;2190
2196;2191
2196;779
2196;549
2197;244
2197;757
2197;1120
2197;1799
2197;1761
2198;468
2198;536
2198;288
2198;1975
2198;394
2199;836
2199;2184
2199;1724
2199;146
2199;2188
2200;1071
2200;609
2200;1828
2200;217
2200;1007
2201;327
2201;2187
2201;1072
2201;0
2201;2189
2202;1105
2202;2200
2202;2188
2202;217
2202;1609
2203;417
2203;1744
2203;665
2203;575
2203;1305
2204;536
2204;1129
2204;468
2204;2198
2204;1320
2205;772
2205;1609
2205;1867
2205;444
2205;2189
2206;912
2206;2192
2206;1457
2206;2004
2206;526
2207;219
2207;1197
2207;444
2207;1828
2207;779
2208;665
2208;575
2208;1055
2208;417
2208;2203
2209;1083
2209;1291
2209;2181
2209;2194
2209;2192
2210;575
2210;417
2210;2186
2210;1744
2210;491
2211;2186
2211;279
2211;728
2211;609
2211;2210
2212;1072
2212;964
2212;2187
2212;2201
2212;0
2213;270
2213;1648
2213;468
2213;1788
2213;2189
2214;131
2214;1204
2214;466
2214;2193
2214;146
2215;1811
2215;1744
2215;2203
2215;1602
2215;417
2216;270
2216;468
2216;2213
2216;1648
2216;288
2217;2199
2217;2214
2217;836
2217;146
2217;131
2218;2200
2218;1105
2218;2202
2218;1828
2218;559
2219;477
2219;540
2219;2185
2219;217
2219;1724
2220;2191
2220;779
2220;1197
2220;2207
2220;219
2221;694
2221;1174
2221;2180
2221;2106
2221;1766
2222;964
2222;1628
2222;605
2222;2212
2222;257
2223;977
2223;1360
2223;681
2223;838
2223;1358
2224;2182
2224;2196
2224;2191
2224;779
2224;2220
2225;1197
2225;2207
2225;1828
2225;219
2225;559
2226;2213
2226;1512
2226;1648
2226;270
2226;2216
2227;444
2227;1609
2227;219
2227;2207
2227;1105
2228;540
2228;1724
2228;2219
2228;477
2228;2184
2229;779
2229;2220
2229;1197
2229;2191
2229;2225
2230;1867
2230;772
2230;79
2230;327
2230;2205
2231;1682
2231;79
2231;1263
2231;2230
2231;1867
2232;1120
2232;146
2232;244
2232;535
2232;2193
2233;1648
2233;1788
2233;2213
2233;2189
2233;270
2234;1975
2234;288
2234;2190
2234;549
2234;1788
2235;838
2235;681
2235;2223
2235;1799
2235;1360
2236;1948
2236;2004
2236;912
2236;2192
2236;2206
2237;444
2237;2227
2237;1609
2237;2205
2237;219
2238;2189
2238;2205
2238;2201
2238;327
2238;2237
2239;1291
2239;526
2239;910
2239;2209
2239;1083
2240;1263
2240;2183
2240;1682
2240;927
2240;2231
2241;2222
2241;964
2241;1628
2241;605
2241;2212
2242;2185
2242;2219
2242;477
2242;1041
2242;217
2243;2219
2243;477
2243;540
2243;2185
2243;2228
2244;2226
2244;1512
2244;2213
2244;2201
2244;864
2245;2185
2245;2243
2245;217
2245;2219
2245;2242
2246;2210
2246;1744
2246;2186
2246;2211
2246;417
2247;1512
2247;864
2247;1628
2247;2244
2247;964
2248;864
2248;2247
2248;1512
2248;1129
2248;1628
2249;1828
2249;2225
2249;219
2249;2207
2249;559
2250;772
2250;327
2250;1867
2250;2205
2250;2230
2251;605
2251;2222
2251;2241
2251;1008
2251;1165
2252;2187
2252;1072
2252;2212
2252;0
2252;1354
2253;2242
2253;2245
2253;2185
2253;2243
2253;217
2254;757
2254;1799
2254;2145
2254;2197
2254;838
2255;549
2255;1788
2255;2234
2255;2233
2255;1648
2256;1105
2256;219
2256;1609
2256;2249
2256;2227
2257;2218
2257;2202
2257;2200
2257;2256
2257;1105
2258;1007
2258;531
2258;2253
2258;2242
2258;1071
2259;2198
2259;536
2259;2204
2259;1251
2259;468
2260;1799
2260;2254
2260;2235
2260;2145
2260;757
2261;2202
2261;2257
2261;2188
2261;2218
2261;2256
2262;2221
2262;694
2262;1174
2262;2180
2262;2106
2263;757
2263;2254
2263;294
2263;2197
2263;2145
2264;2258
2264;94
2264;554
2264;769
2264;2242
2265;2189
2265;2238
2265;1648
2265;2233
2265;2201
2266;1007
2266;1561
2266;609
2266;2082
2266;2258
2267;2203
2267;665
2267;417
2267;1055
2267;2208
2268;477
2268;540
2268;2219
2268;2235
2268;2243
2269;2188
2269;2199
2269;2184
2269;2217
2269;2261
2270;146
2270;2232
2270;535
2270;1120
2270;2193
2271;2210
2271;2246
2271;575
2271;491
2271;2186
2272;2244
2272;2226
2272;2201
2272;1512
2272;1072
2273;2182
2273;2224
2273;2196
2273;2191
2273;779
2274;217
2274;2185
2274;2245
2274;2243
2274;2228
2275;964
2275;2241
2275;2222
2275;1628
2275;2212
2276;2240
2276;2183
2276;1263
2276;927
2276;1881
2277;554
2277;769
2277;1602
2277;531
2277;2264
2278;2236
2278;1948
2278;1881
2278;927
2278;2004
2279;1788
2279;2233
2279;2255
2279;1648
2279;549
2280;1165
2280;1008
2280;994
2280;605
2280;1354
2281;1231
2281;882
2281;1528
2281;1103
2281;762
2282;2277
2282;554
2282;769
2282;1602
2282;531
2283;2194
2283;2181
2283;2239
2283;910
2283;1291
2284;2241
2284;2222
2284;2251
2284;154
2284;2275
2285;2240
2285;2276
2285;1682
2285;1263
2285;2183
2286;549
2286;2255
2286;1788
2286;2234
2286;2279
2287;217
2287;2274
2287;2245
2287;2185
2287;1071
2288;2237
2288;444
2288;2227
2288;2207
2288;219
2289;779
2289;2229
2289;1197
2289;2220
2289;2191
2290;540
2290;477
2290;2219
2290;2243
2290;2268
2291;491
2291;728
2291;575
2291;2271
2291;2289
2292;1263
2292;2183
2292;994
2292;2240
2292;1354
2293;2188
2293;2269
2293;2285
2293;1682
2293;2231
2294;131
2294;927
2294;1881
2294;2126
2294;1204
2295;2274
2295;2243
2295;2228
2295;2185
2295;2287
2296;2279
2296;2237
2296;2288
2296;1788
2296;2265
2297;2249
2297;1828
2297;1105
2297;2256
2297;219
2298;2269
2298;2188
2298;2293
2298;2261
2298;2184
2299;2251
2299;605
2299;2222
2299;2241
2299;2275
2300;964
2300;2275
2300;2222
2300;2241
2300;1628
2301;2212
2301;1072
2301;964
2301;2300
2301;2275
2302;146
2302;2232
2302;535
2302;2270
2302;2193
2303;294
2303;265
2303;1193
2303;2263
2303;757
2304;2299
2304;964
2304;2222
2304;2300
2304;2275
2305;2004
2305;912
2305;2206
2305;2192
2305;1457
2306;2192
2306;1457
2306;1291
2306;2206
2306;912
2307;1628
2307;2241
2307;26
2307;2275
2307;2222
2308;2230
2308;1867
2308;772
2308;2293
2308;2231
2309;1358
2309;1766
2309;977
2309;2223
2309;1360
2310;994
2310;2278
2310;2236
2310;1881
2310;2280
2311;2285
2311;1682
2311;2240
2311;2276
2311;1263
2312;294
2312;2303
2312;2263
2312;757
2312;2145
2313;2242
2313;2264
2313;2258
2313;2253
2313;2245
2314;2281
2314;1528
2314;1120
2314;762
2314;1231
2315;2251
2315;687
2315;2284
2315;2056
2315;2299
2316;2191
2316;2220
2316;779
2316;2229
2316;2288
2317;2259
2317;2198
2317;536
2317;468
2317;2204
2318;2195
2318;1802
2318;859
2318;910
2318;1899
2319;2204
2319;536
2319;2259
2319;2198
2319;2317
2320;2220
2320;2191
2320;779
2320;2229
2320;2316
2321;2221
2321;2262
2321;694
2321;2106
2321;1174
2322;2195
2322;2318
2322;1802
2322;859
2322;1899
2323;1628
2323;2275
2323;2307
2323;2300
2323;964
2324;2196
2324;2182
2324;2224
2324;2273
2324;2316
2325;2310
2325;994
2325;2280
2325;2183
2325;1881
2326;2295
2326;2243
2326;2228
2326;2274
2326;2219
2327;994
2327;2325
2327;2183
2327;2310
2327;1881
2328;779
2328;2289
2328;2229
2328;2220
2328;2191
2329;468
2329;288
2329;1975
2329;2198
2329;2216
2330;2216
2330;270
2330;468
2330;2329
2330;2213
2331;2228
2331;2184
2331;1724
2331;2326
2331;2295
2332;2327
2332;1881
2332;2310
2332;2325
2332;994
2333;559
2333;1828
2333;2297
2333;2249
2333;2218
2334;2331
2334;2228
2334;1724
2334;2184
2334;2326
2335;2296
2335;2316
2335;2279
2335;549
2335;2286
2336;1007
2336;2266
2336;2258
2336;531
2336;1561
2337;1799
2337;2145
2337;757
2337;2254
2337;838
2338;2126
2338;2294
2338;466
2338;1948
2338;2193
2339;1948
2339;2278
2339;2236
2339;2305
2339;2338
2340;2242
2340;2313
2340;2253
2340;2258
2340;2264
2341;2269
2341;2298
2341;2188
2341;2217
2341;2199
2342;2239
2342;1291
2342;2209
2342;1083
2342;526
2343;2183
2343;1263
2343;2240
2343;2292
2343;2276
2344;2264
2344;2313
2344;770
2344;2340
2344;94
2345;491
2345;2271
2345;2291
2345;728
2345;2210
2346;2218
2346;2297
2346;2257
2346;2256
2346;1105
2347;1799
2347;2337
2347;2254
2347;2260
2347;757
2348;2323
2348;1628
2348;2247
2348;1512
2348;2300
2349;2209
2349;1291
2349;1083
2349;2306
2349;2342
2350;2284
2350;2222
2350;2241
2350;2251
2350;2299
2351;1360
2351;977
2351;1358
2351;681
2351;2312
2352;1174
2352;2180
2352;2223
2352;2235
2352;1766
2353;279
2353;2211
2353;609
2353;2186
2353;2333
2354;1528
2354;2314
2354;1120
2354;244
2354;2281
2355;2300
2355;964
2355;2275
2355;2323
2355;2304
2356;2269
2356;2341
2356;2188
2356;2293
2356;2298
2357;2299
2357;605
2357;2304
2357;2251
2357;2350
2358;772
2358;1867
2358;2230
2358;2250
2358;2205
2359;2272
2359;2244
2359;2301
2359;2201
2359;1072
2360;2145
2360;757
2360;838
2360;2337
2360;1799
2361;2256
2361;1105
2361;2202
2361;2261
2361;1609
2362;1648
2362;2233
2362;2265
2362;2213
2362;2189
2363;2189
2363;2265
2363;2238
2363;2362
2363;2201
2364;2200
2364;2257
2364;2218
2364;2202
2364;1071
2365;1083
2365;2181
2365;2194
2365;2209
2365;2342
2366;294
2366;2303
2366;2312
2366;265
2366;1193
2367;2302
2367;146
2367;2270
2367;2232
2367;535
2368;2353
2368;279
2368;609
2368;2333
2368;2211
2369;2226
2369;2244
2369;2213
2369;1512
2369;2248
2370;2233
2370;1648
2370;2279
2370;1788
2370;2362
2371;2260
2371;1724
2371;2228
2371;2334
2371;2290
2372;2337
2372;1799
2372;2145
2372;2360
2372;838
2373;2370
2373;2233
2373;1648
2373;2279
2373;1788
2374;2187
2374;2252
2374;1072
2374;0
2374;2201
2375;2273
2375;2224
2375;2182
2375;2291
2375;491
2376;2286
2376;549
2376;2255
2376;2234
2376;1788
2377;2188
2377;2293
2377;2298
2377;2269
2377;2261
2378;2294
2378;1881
2378;927
2378;2278
2378;131
2379;2267
2379;665
2379;2203
2379;2208
2379;1055
2380;2004
2380;2305
2380;912
2380;2206
2380;1948
2381;2345
2381;2271
2381;2186
2381;2210
2381;2246
2382;531
2382;1602
2382;2082
2382;2277
2382;2282
2383;2315
2383;2251
2383;2350
2383;2284
2383;2299
2384;2375
2384;2289
2384;2328
2384;779
2384;2273
2385;838
2385;2372
2385;2145
2385;2360
2385;681
2386;1263
2386;2240
2386;1682
2386;2292
2386;2343
2387;2384
2387;779
2387;2328
2387;2289
2387;2191
2388;2126
2388;2338
2388;2294
2388;466
2388;2378
2389;2276
2389;2240
2389;2183
2389;1263
2389;2343
2390;2380
2390;2004
2390;1948
2390;2305
2390;2339
2391;2287
2391;2295
2391;2274
2391;217
2391;2326
2392;2204
2392;1129
2392;1228
2392;2319
2392;536
2393;1512
2393;2247
2393;864
2393;2348
2393;2248
2394;2312
2394;2351
2394;294
2394;2366
2394;2303
2395;2335
2395;549
2395;2255
2395;2279
2395;2286
2396;417
2396;2203
2396;2379
2396;2267
2396;2208
2397;2327
2397;1881
2397;2332
2397;2183
2397;2343
2398;2238
2398;2189
2398;2363
2398;2265
2398;2205
2399;2390
2399;1948
2399;2339
2399;2380
2399;2004
2400;2316
2400;2335
2400;2324
2400;2395
2400;2286
2401;2371
2401;2260
2401;1724
2401;2334
2401;2228
2402;2353
2402;2368
2402;279
2402;2211
2402;2333
2403;2203
2403;417
2403;2215
2403;2396
2403;2267
2404;2369
2404;1129
2404;2392
2404;270
2404;2248
2405;609
2405;2368
2405;2353
2405;279
2405;2402
2406;2301
2406;2212
2406;1072
2406;2359
2406;964
2407;2215
2407;2403
2407;1744
2407;2203
2407;417
2408;2354
2408;1120
2408;244
2408;1528
2408;2232
2409;2188
2409;2377
2409;2298
2409;2293
2409;2269
2410;838
2410;2385
2410;2360
2410;2145
2410;681
2411;2228
2411;2334
2411;2371
2411;1724
2411;2331
2412;2267
2412;2379
2412;2403
2412;2203
2412;2396
2413;2296
2413;2279
2413;2335
2413;2237
2413;2395
2414;2240
2414;1263
2414;2389
2414;2183
2414;2343
2415;2209
2415;1083
2415;2349
2415;1291
2415;2342
2416;2260
2416;2347
2416;1799
2416;2337
2416;2401
2417;2361
2417;2256
2417;1105
2417;1609
2417;2202
2418;2348
2418;2247
2418;1512
2418;2393
2418;2323
2419;2191
2419;2220
2419;779
2419;2387
2419;2320
2420;559
2420;2289
2420;1197
2420;2225
2420;1828
2421;2214
2421;131
2421;2217
2421;1204
2421;2294
2422;2218
2422;2200
2422;2346
2422;2333
2422;2257
2423;2382
2423;1602
2423;531
2423;2215
2423;2082
2424;327
2424;2250
2424;2201
2424;2238
2424;2205
2425;1744
2425;2246
2425;2210
2425;2211
2425;2186
2426;1354
2426;2252
2426;2187
2426;0
2426;2374
2427;2407
2427;2403
2427;417
2427;2203
2427;2215
2428;2229
2428;1197
2428;2328
2428;779
2428;2225
2429;2338
2429;2126
2429;2388
2429;2378
2429;2339
2430;2253
2430;2340
2430;2242
2430;2245
2430;2313
2431;2298
2431;2391
2431;2184
2431;2261
2431;2331
2432;2255
2432;549
2432;2376
2432;2286
2432;1788
2433;2264
2433;94
2433;2282
2433;2344
2433;2277
2434;2361
2434;2377
2434;2417
2434;2261
2434;2308
2435;2384
2435;2273
2435;2387
2435;2375
2435;2419
2436;2197
2436;244
2436;1761
2436;2408
2436;1528
2437;2336
2437;2266
2437;1007
2437;531
2437;1561
2438;1881
2438;927
2438;2378
2438;2294
2438;2397
2439;2199
2439;2184
2439;2341
2439;836
2439;2217
2440;1512
2440;2418
2440;2393
2440;2348
2440;2359
2441;2437
2441;2336
2441;1007
2441;2266
2441;2258
2442;2352
2442;2268
2442;1174
2442;2235
2442;477
2443;2417
2443;2361
2443;1609
2443;2256
2443;1105
2444;1360
2444;977
2444;681
2444;2223
2444;2410
2445;2332
2445;2310
2445;2278
2445;2325
2445;2327
2446;2399
2446;1948
2446;2339
2446;2429
2446;2338
2447;2292
2447;2343
2447;1263
2447;2386
2447;2183
2448;1602
2448;769
2448;554
2448;2277
2448;2282
2449;2344
2449;2313
2449;1041
2449;770
2449;2264
2450;217
2450;2287
2450;2274
2450;2391
2450;2295
2451;2202
2451;2257
2451;2346
2451;2361
2451;2218
2452;2417
2452;2361
2452;2443
2452;2256
2452;1105
2453;2347
2453;1799
2453;2416
2453;2337
2453;2260
2454;2244
2454;2272
2454;2440
2454;2359
2454;1512
2455;2207
2455;2225
2455;219
2455;1197
2455;2428
2456;2200
2456;2405
2456;2422
2456;2368
2456;2218
2457;2431
2457;2298
2457;2184
2457;2261
2457;2391
2458;2319
2458;2198
2458;2259
2458;2204
2458;2317
2459;294
2459;2366
2459;2312
2459;2394
2459;2303
2460;2423
2460;1602
2460;2382
2460;2215
2460;2407
2461;2186
2461;2211
2461;728
2461;2402
2461;2381
2462;859
2462;1802
2462;2195
2462;2322
2462;2318
2463;2396
2463;417
2463;2203
2463;2379
2463;2267
2464;2236
2464;2278
2464;2445
2464;2339
2464;1948
2465;2354
2465;2314
2465;2408
2465;1120
2465;1528
2466;2432
2466;2255
2466;2376
2466;549
2466;2286
2467;2388
2467;2294
2467;2378
2467;2126
2467;2338
2468;2419
2468;2387
2468;2191
2468;2435
2468;779
2469;1724
2469;2184
2469;2334
2469;2331
2469;2411
2470;2316
2470;2320
2470;2191
2470;2419
2470;2220
2471;2215
2471;2407
2471;2427
2471;2403
2471;2460
2472;2377
2472;2188
2472;2434
2472;2409
2472;2261
2473;2391
2473;2295
2473;2274
2473;2287
2473;2450
2474;2439
2474;2199
2474;2184
2474;836
2474;2469
2475;2472
2475;2434
2475;2377
2475;2261
2475;2188
2476;2460
2476;2423
2476;2407
2476;2215
2476;2471
2477;2197
2477;2436
2477;244
2477;2254
2477;2408
2478;2252
2478;2426
2478;1354
2478;2187
2478;2212
2479;1628
2479;2323
2479;2307
2479;2348
2479;2418
