5.06119;9.07298
8.83944;9.69496
1.68958;9.33816
1.28065;16.0996
1.78562;1.63841
1.85107;16.4046
1.19996;10.5302
1.28495;16.7637
6.69557;17.4811
2.96297;0.917036
4.04292;4.99452
3.52536;10.4691
2.01146;4.55186
6.78333;6.92485
5.75649;17.0955
2.01468;3.63535
4.08422;3.70824
6.66516;11.5476
6.5232;15.8916
4.8236;16.6176
8.76501;13.3493
7.51112;1.92993
2.93977;17.5922
0.346838;1.27067
8.53664;6.61961
1.09385;7.15913
5.80706;9.23842
8.81413;15.637
6.89514;13.1949
2.28095;7.30326
6.14519;8.59126
5.46931;2.45882
6.14975;6.26893
7.0032;7.3459
2.08027;5.6536
2.98177;3.69055
0.501467;2.98579
2.81024;6.88246
1.28897;6.31416
4.07657;1.65122
6.46688;10.3408
4.40518;6.5479
0.78963;8.4386
2.09247;15.3695
1.81676;8.74685
2.3364;15.9239
8.66905;15.6114
0.191358;11.6376
1.94017;14.3891
0.491747;8.04088
1.02136;6.94704
5.86572;3.04566
4.96641;17.3519
4.96406;12.5108
2.83304;0.0812603
7.081;0.599855
5.21105;4.97235
3.57387;12.0014
6.70548;11.3327
4.68545;17.0445
1.03977;14.0437
7.48419;1.41765
5.82756;15.3511
6.52762;15.5355
5.87011;14.0387
2.78818;13.7829
1.49289;17.3078
8.4143;12.9186
8.32986;8.75673
3.71469;4.32581
4.419;3.59138
2.46283;1.26009
4.28186;12.0734
6.63073;3.97468
2.70305;4.63235
1.50958;7.48565
0.33803;17.9875
4.45165;12.3312
7.66931;3.95855
4.93333;9.07883
8.99864;15.443
2.43089;2.98307
7.37541;3.69038
7.95084;13.4106
6.22355;5.33106
8.86818;3.2851
4.46122;4.66202
2.27259;17.4862
8.36772;17.8066
1.73042;4.14154
2.2195;6.47999
5.8136;5.11505
3.23376;2.53049
8.72312;3.80612
3.24452;9.31291
6.44247;6.48633
3.37797;17.7467
4.7347;3.50677
1.71855;7.37108
8.45866;15.8842
6.35107;16.6537
0.584649;3.62457
1.65785;5.71449
1.55537;2.05114
2.76056;6.57157
3.09634;9.96012
6.52578;17.8199
7.53759;1.51907
1.17518;14.5214
2.6626;8.83941
2.91716;0.210141
7.66287;12.5903
8.97843;6.79514
8.04852;3.39396
7.08311;15.0143
0.639078;8.86835
6.83401;2.44746
6.24646;16.9837
4.08097;15.6036
0.517431;13.6831
2.08761;7.22754
2.8216;17.2268
3.52371;2.71837
0.372924;9.39778
8.6199;6.07104
0.118597;5.07412
3.14059;15.5629
8.83219;6.23804
2.17903;15.7614
4.816;0.524282
6.38789;10.9102
4.69631;8.4438
6.67881;3.88555
3.71376;3.51955
0.744597;8.46238
8.60131;5.66441
7.84496;4.84582
2.4456;4.73734
3.78209;5.63704
7.06756;6.80398
5.85404;14.3723
5.93905;17.9893
5.96763;11.5425
3.11365;16.2933
4.65196;15.8593
8.4088;4.07968
4.38473;8.21023
6.26174;4.12706
6.04789;1.951
3.82331;13.585
5.20669;6.84924
0.624692;8.10331
5.84753;6.14058
6.42033;1.25925
5.88881;8.97578
4.03162;5.48569
2.67405;1.94133
2.73748;17.2833
6.74191;11.7023
7.78833;4.78773
4.78078;14.3943
4.43371;0.331005
2.30225;3.39089
2.22903;16.7003
2.67095;12.1047
6.14263;15.7553
0.476963;13.5346
2.92929;12.649
0.837606;0.699236
6.95412;13.4528
4.83751;3.97147
0.469259;15.0231
2.9564;6.41347
7.15323;1.39663
0.0578605;11.8831
3.09218;9.67727
4.1387;15.0518
5.00414;12.8819
0.221332;14.4663
5.79109;5.78456
4.28551;5.86744
1.76992;9.52496
0.701038;9.39842
2.08697;3.07729
5.04883;0.0821825
8.26506;1.77267
2.02683;17.4686
8.39789;9.96645
2.94105;13.1022
5.68154;5.99782
3.49268;17.5474
7.83755;15.2628
7.29961;7.68337
5.07233;15.0419
2.07486;3.72684
1.41322;12.7207
4.79714;6.36626
2.12285;10.9964
7.88234;8.41965
7.03682;7.86234
4.25091;12.6038
4.8175;12.5555
6.0362;8.43078
2.26097;17.9545
1.76651;15.885
2.97616;10.5184
7.71623;3.62741
3.89056;12.0317
5.65539;17.9258
4.53677;15.4605
1.82631;11.9
5.09062;13.2469
0.133118;14.4269
3.12163;16.0309
2.4233;2.3169
2.94663;13.3484
7.46033;15.5283
3.95195;8.99306
2.97952;12.4258
4.47378;9.49205
5.15543;14.8999
1.00521;7.74331
0.26364;9.79153
0.887487;11.8381
4.85866;10.8485
4.64928;13.3699
2.37424;1.47981
4.30841;5.01472
7.95338;14.8601
1.52282;2.75335
8.58849;8.9389
8.05089;14.0976
3.23358;6.00568
2.54535;12.4262
0.215763;14.0383
1.95912;10.7424
5.46906;5.92866
0.242847;11.4654
7.8601;2.26067
2.65173;7.43751
6.55459;14.602
1.40372;17.8577
8.04091;11.4243
2.43619;13.9886
4.14217;7.91802
8.37097;7.46133
8.42846;14.8437
1.77949;5.32407
1.4247;8.64968
8.87513;3.28092
2.34396;3.66852
7.01165;15.626
4.79859;14.509
4.54572;7.31738
8.38483;14.3949
7.37744;11.8788
5.49846;17.5623
5.86825;9.07876
5.49329;16.6089
2.53367;1.27093
3.26346;3.80928
4.36613;5.38383
0.326495;12.2912
5.35395;3.50239
1.47046;10.4582
3.39165;7.62885
7.06334;2.80661
2.62745;5.72387
8.65781;14.3463
6.52062;16.0853
5.37062;9.79613
4.98206;3.73818
4.67923;3.70063
6.40847;2.34504
1.15476;17.8843
1.80799;8.83643
1.84678;12.3482
7.11013;4.34655
3.31974;6.92816
3.92447;9.58039
8.69317;14.6322
8.60462;13.513
8.71943;4.46413
0.618446;16.7545
0.405235;14.2781
7.41987;11.5517
3.03713;6.80387
7.64495;15.4327
5.25225;10.1068
8.88888;12.814
4.99556;3.39374
1.82523;13.6847
7.87099;17.8707
0.015611;4.38144
3.39944;7.88016
6.98092;6.18522
2.2562;13.1711
0.849121;3.95126
8.8176;2.93513
1.35286;0.445666
8.60664;17.5455
5.99869;5.28754
3.17467;9.28728
1.36013;16.8538
0.697054;2.49802
5.83394;11.3852
2.94588;15.3183
3.53494;3.63373
7.59452;7.10111
4.00759;3.98793
7.49064;3.97701
5.08657;1.49367
8.57404;11.8714
2.72247;16.7833
7.40326;8.15066
8.61447;14.0198
3.84807;11.2263
0.653667;14.0455
1.2568;4.0276
6.44967;3.90771
3.26281;6.56721
7.64646;12.4174
1.94277;4.36282
8.02556;1.07458
5.73196;6.06629
2.53126;8.4452
5.02165;15.2357
4.96944;9.19137
4.55353;15.3838
3.98732;5.91358
2.76723;7.20359
0.966688;13.2306
0.214957;3.24071
4.63805;2.94352
3.63415;4.17543
3.42561;13.7939
5.37132;4.14415
4.10565;14.6282
4.25348;6.26242
7.85138;1.97089
6.16435;2.76527
5.20805;4.372
0.000464357;2.35496
6.78169;9.10798
8.86938;3.53802
7.51078;5.27324
5.3708;16.9549
0.251923;11.1715
1.09783;9.77994
7.05752;9.46396
6.97769;2.96626
2.62894;6.69801
3.55521;13.4692
1.66309;15.6174
0.865802;1.02893
8.79414;14.0603
1.8971;10.0044
0.216152;3.79513
6.17966;13.9957
6.45156;12.0981
8.76685;9.92468
8.68566;10.2753
4.43981;17.8752
1.72341;11.0753
4.82756;17.5619
1.26962;5.61049
1.26406;7.79711
6.15425;9.63854
1.63315;15.6347
3.62796;4.99791
8.33181;6.84419
0.529108;2.45781
8.42428;1.49052
3.12647;11.2079
7.7431;1.15605
2.65298;15.0199
5.54037;4.6773
3.6476;1.96035
2.27624;10.742
6.51781;14.2076
5.15195;15.5749
0.909038;12.832
2.68598;14.1266
2.23528;8.63827
5.88063;11.7265
6.81809;10.4249
0.285337;14.6944
6.44134;17.4192
8.09246;1.13562
5.31355;13.6711
1.14584;15.9331
5.3455;13.3724
1.30519;17.9862
7.66638;7.16284
5.36411;10.3684
1.68522;3.03211
3.97161;5.18851
7.93207;13.3152
0.657541;2.3347
1.97673;13.0763
7.03059;17.5896
2.7506;14.6319
7.14201;0.383874
7.02554;12.4689
0.759746;6.67819
4.07002;3.81116
2.30563;0.831041
8.59178;7.22164
0.408618;14.5163
7.19224;11.5455
3.44234;17.7549
7.28878;14.8279
2.47171;12.4417
5.07155;6.2585
7.3882;14.0966
0.667419;10.8376
6.84309;6.83604
3.73472;9.97021
3.60995;3.52052
2.21957;8.7394
5.09936;12.5792
6.27528;14.81
6.70511;11.7341
2.01581;14.2275
4.12522;0.416095
3.88646;15.1351
0.0855049;4.35049
5.98152;5.11443
8.3961;4.10613
5.68647;13.5686
0.101344;12.7078
3.20309;13.8889
0.771906;13.8756
2.92954;8.76372
8.69807;10.2982
8.75156;9.59486
2.43871;12.0537
3.20242;0.287644
2.89391;10.4364
7.25755;14.0383
5.42627;4.28803
5.58669;11.0236
4.31926;5.13642
8.06899;7.43072
4.62128;9.51092
1.49966;9.44524
2.10935;9.4055
2.66706;5.76251
2.64056;11.1932
7.26312;4.67727
1.74571;14.0294
7.13606;8.36884
4.04152;2.67696
4.32824;13.8709
6.5567;5.17159
4.95455;5.96595
4.72981;3.08249
8.49475;0.0981476
4.10946;15.1275
3.76443;17.4615
3.31921;10.5282
4.45336;10.8571
0.966843;14.2408
8.30981;7.21481
3.71701;13.1459
5.94604;10.9254
4.5876;8.1642
0.647143;17.2582
5.42058;9.95077
6.56455;5.95457
7.56118;5.03821
5.96026;6.58199
4.06035;10.91
3.34007;16.3396
4.01875;14.209
7.90054;14.6759
3.36859;6.7078
3.76651;8.67087
1.47431;6.15265
7.94284;10.3826
0.649248;9.77776
1.65404;10.4737
8.97098;4.60238
4.86597;10.7831
7.27657;4.86104
8.36885;11.6755
4.94963;10.6582
0.128748;0.0199569
1.78412;6.93763
8.17979;11.6057
1.57332;14.1607
4.14083;9.88382
1.43423;15.8147
0.277347;5.81707
1.98367;16.4404
8.09986;5.26583
4.10907;1.50781
7.86977;8.1601
3.05509;7.47148
0.471615;2.66333
6.16626;17.6809
7.16942;4.23178
5.16957;14.5963
2.12587;13.9074
1.76698;2.61131
3.75656;6.6806
8.38598;15.7948
8.28221;1.64042
6.80474;17.1191
3.72875;17.5768
7.77974;5.65721
2.42133;5.77763
3.58251;2.58219
6.96887;13.2752
5.02683;14.881
7.96926;4.38619
7.28094;12.2774
4.30898;6.90103
4.43685;12.8697
1.4042;12.4077
7.7405;10.3215
0.544125;14.253
4.05816;17.6527
7.9467;3.7258
8.38589;5.35089
1.65131;14.3313
5.50405;8.14527
1.05445;0.17312
5.36373;16.0466
6.72416;2.78112
6.46379;11.3868
3.58366;9.48947
2.8321;15.7853
8.19525;14.5379
5.32749;1.19891
4.47277;8.13599
5.76022;10.0338
2.19448;1.63676
4.84323;2.28236
2.68128;8.45825
3.81663;8.66519
2.39476;0.64136
8.40523;6.89841
0.40724;9.53792
2.47252;14.2628
6.15952;17.8726
3.82482;1.48636
4.68105;13.3138
8.63582;7.7526
4.92587;9.92662
4.47576;0.79728
0.031306;2.47195
5.41554;4.45158
2.05436;2.51754
3.36697;9.47128
5.48789;14.3672
0.0682344;15.7653
7.50428;16.9469
2.33186;15.823
4.24243;9.60875
6.04292;2.80391
4.74069;1.73548
2.14513;0.84348
7.52466;3.56191
4.29804;6.90105
6.74427;17.5476
3.84916;13.5511
1.00977;0.529407
0.00136136;6.12826
1.52348;6.73667
7.79977;14.0227
1.55193;15.736
5.89402;0.112425
7.34147;16.4518
7.96773;5.1678
4.03026;10.0213
3.98585;17.5419
5.87839;12.262
0.192686;8.80609
7.91194;8.98146
7.85357;11.3124
4.26452;5.40547
3.43178;10.5486
2.96744;6.86628
8.33842;8.98183
6.80147;14.2764
2.50228;16.7068
6.00619;16.7926
8.40962;8.69533
7.62218;14.7547
6.93156;5.30488
3.388;3.83482
2.42339;0.532773
8.0484;5.23215
4.66943;13.9207
7.1068;7.046
3.61654;4.74265
6.22574;14.0966
7.64562;0.386345
1.48146;13.9681
4.68409;16.5659
5.12223;14.3727
7.63634;4.25686
6.58267;14.0919
6.47609;10.4097
5.4233;8.81531
7.8573;17.6226
6.32506;2.56137
0.0776862;10.7469
3.89676;9.49424
3.3338;4.00712
8.27012;13.9007
4.37488;10.9917
4.99866;6.041
5.68903;12.9602
1.00454;2.74622
5.76305;12.2536
8.55948;8.79877
8.25521;12.2843
2.44534;11.4626
2.34701;15.7373
1.13895;2.40862
7.67994;14.928
2.485;15.5153
3.83748;12.7635
3.50474;14.3426
8.38531;5.54972
5.12162;7.52039
8.27072;2.24056
6.7807;9.91948
7.6004;15.5705
6.33285;8.7269
4.91202;11.7847
8.76283;8.33445
3.03449;4.41634
0.898524;10.763
1.07681;4.07495
6.58581;17.5135
0.501493;0.141614
7.51438;8.67794
6.45256;4.03824
2.51025;11.6757
4.79398;15.2637
0.598065;8.12939
8.75214;14.7575
0.0244382;14.7051
6.164;12.7146
2.71599;4.15204
3.24963;4.95765
6.24324;12.5682
4.68699;14.2835
2.66562;11.5276
0.179242;0.50286
5.52056;1.36147
0.322237;8.06986
5.01971;13.5496
6.05405;15.0599
3.61267;3.69606
6.16182;8.42147
5.91272;11.8279
2.58949;11.8743
4.26651;17.507
3.29446;13.965
1.82951;13.0882
0.461319;16.1455
3.8282;10.2966
6.21452;12.9876
1.91212;12.7875
6.74525;14.8653
7.0745;14.135
2.46761;6.18841
4.84228;17.0433
1.62416;16.9099
1.36968;15.572
3.66568;14.5648
4.69995;12.5104
4.21957;17.9329
6.00867;15.0281
6.94895;15.6764
5.05811;14.8205
6.91093;17.7726
3.55858;8.2509
6.38013;10.9414
1.51921;8.25075
3.90337;17.1874
2.19286;12.742
2.68791;14.0703
5.89263;8.62414
6.49009;14.5246
3.09805;2.31155
5.54472;15.596
7.41095;1.52859
7.76445;8.83923
8.27832;11.4268
3.2578;8.67286
4.12366;2.33745
4.22274;15.3645
5.29418;3.20573
4.15294;13.6268
5.72824;16.1126
6.4071;15.8422
5.4273;0.190016
5.95624;4.63986
4.40708;6.89265
0.582249;15.0103
4.6021;12.2539
6.30313;6.0261
6.89127;10.1352
7.43266;12.3392
1.78097;3.38092
1.50602;11.8093
2.85919;11.4575
4.58688;16.3067
7.33162;17.4797
5.96675;8.11972
7.79615;6.7477
2.98095;8.44689
3.46886;17.8744
6.54338;15.7519
3.38352;14.2513
6.38107;15.9712
4.2526;7.36838
1.99866;4.28773
8.75177;0.862653
8.31346;3.06548
2.12179;1.63895
7.43738;9.96195
6.54823;6.04852
4.13434;9.75971
2.76409;2.20218
8.93971;3.12047
4.47494;5.84133
5.78368;15.8876
2.85785;6.65411
6.81973;12.4827
1.45268;8.4016
5.22698;11.4106
7.88499;14.4513
7.84915;15.2735
7.65697;14.3252
0.169501;1.55752
7.98208;15.2138
5.75973;11.0606
1.63114;1.78815
1.41016;8.79046
1.99516;2.69975
5.95547;12.9402
4.27054;5.47829
5.4139;14.2568
6.0662;6.46727
4.36976;15.0378
7.43443;1.1935
4.22416;12.6388
7.82239;6.14662
4.95618;12.9587
1.23591;10.2514
7.25812;0.435976
3.73256;8.03572
5.7483;10.7274
4.91193;14.3169
0.758935;13.8142
8.50834;13.4288
4.3772;7.55776
0.453548;1.58221
1.90727;13.0395
4.02474;12.5541
5.03863;4.91834
6.87379;0.525591
8.77859;11.3924
3.3361;9.46955
3.17554;9.14403
0.860455;2.86734
4.79;9.18603
5.45153;3.0766
0.956721;2.72692
8.69676;3.43131
8.27056;16.4102
8.43006;7.29552
2.98398;17.7672
4.43886;9.7825
6.40336;16.9272
2.16829;4.88398
1.92277;0.0841447
2.70479;3.40272
5.73825;12.0818
6.43613;17.8276
1.6129;14.5932
1.34746;12.8058
2.8896;13.598
7.94121;7.69265
8.16245;15.2759
5.56198;14.866
6.84307;9.98408
2.08077;1.65409
4.87565;13.0393
5.71829;4.55801
5.98323;15.7732
4.72099;15.812
7.92865;14.8516
0.607353;9.33381
4.46667;14.087
4.5807;12.1591
5.34007;11.8563
3.48248;16.4594
3.72716;4.84737
3.076;5.77922
1.06165;17.276
1.32262;15.8094
4.63003;6.80677
8.73176;1.01135
0.923015;10.9001
2.78468;13.8125
4.33664;15.0113
5.81224;6.53058
5.93145;12.8392
7.9322;2.79624
4.46307;7.02579
7.47769;1.60629
0.441062;3.92033
0.0328249;8.33644
4.38385;6.21766
7.05783;10.891
2.74681;16.7609
4.35022;14.7537
2.78384;8.16396
7.88251;7.4137
0.532038;3.33438
1.61309;9.73735
0.172861;14.8507
8.13397;12.2086
4.84491;14.1323
7.50243;0.615977
1.57906;11.9602
1.11114;4.04025
7.94028;2.28792
6.18834;6.64826
4.25279;8.49235
8.76963;13.9992
3.62662;8.2397
5.37644;12.8209
8.20183;8.51791
1.11731;17.4677
5.92614;5.4608
4.60254;12.198
1.15573;7.47302
3.20332;12.0013
1.80268;3.41149
6.30863;6.76348
7.68586;14.8395
5.40186;13.2523
8.56373;5.18042
0.950279;7.63303
6.83638;1.43982
1.81612;2.92601
4.83976;14.3851
7.87347;8.08318
2.45151;17.9816
3.77545;16.7553
2.72118;16.756
5.47666;7.7538
3.11451;17.36
0.877541;9.83437
1.38572;14.3723
8.29892;0.14317
5.60593;9.40157
6.69773;10.3393
7.291;15.296
8.98617;10.2548
8.36792;3.60458
6.59039;8.41536
8.99485;10.9277
8.24927;4.89272
5.45463;6.04945
1.82402;16.3516
2.40272;14.6014
3.0527;11.0345
6.98065;7.86049
1.43441;16.7328
2.11642;1.46667
8.43796;15.4447
5.43412;12.2714
3.89201;7.45024
4.78371;7.75637
8.8525;8.30326
5.68048;12.8858
8.35931;11.3507
2.90674;15.2172
8.12169;16.7227
1.6333;1.89141
7.53717;8.07205
8.24638;3.17975
0.553252;12.4541
5.52012;3.97533
5.59342;15.2731
2.721;10.0628
6.35889;16.3102
2.16707;2.5018
2.88024;13.9016
5.12909;5.46548
2.10241;3.61913
0.175621;2.92343
7.48489;6.16472
0.070294;13.2132
2.44372;3.40719
7.55229;1.96178
5.73962;13.5973
2.57076;12.5857
4.02571;16.1818
8.28054;1.23825
6.72742;4.00307
5.6505;8.17262
1.15666;15.6351
5.33721;8.07379
5.76835;2.93259
6.76963;15.7415
3.27586;13.8905
0.33247;3.5215
1.02761;0.805529
8.36733;6.94267
2.10636;13.8392
4.45223;15.692
4.71829;14.046
5.13885;17.488
6.11388;8.83878
0.363118;7.6826
6.42092;12.0272
7.92761;15.1552
4.83119;8.52963
2.61448;3.19908
5.73111;0.768226
0.470296;0.0139389
7.32937;1.60553
1.76772;16.714
1.20553;2.2701
2.82832;6.62378
8.05467;14.5611
2.15787;7.54591
5.30354;14.5935
3.51695;4.83484
2.71611;7.76013
6.25872;0.274073
0.893683;10.3726
7.71462;11.4497
0.45114;2.65819
7.32441;12.3645
1.71321;15.5894
6.18922;0.0851556
8.59748;15.9139
8.39956;1.60602
0.0919898;4.45576
4.1149;16.2933
0.50843;12.5455
2.91961;11.6239
4.5695;12.8731
8.22939;14.5712
1.31662;10.9762
7.42265;4.42061
1.67443;12.2745
7.93518;4.25114
7.46636;12.5192
8.30782;0.359137
5.0543;10.9941
0.222146;9.30356
4.45398;17.2434
5.45479;9.09194
1.84959;1.13938
3.69263;4.71604
6.84246;13.2245
8.16999;4.82392
4.04879;14.7988
0.697571;10.7308
3.88749;16.2404
7.57572;11.1238
5.25748;13.0218
7.68749;7.44769
3.77049;13.9906
3.90341;17.6496
3.49235;8.25112
4.47657;15.8927
3.74727;1.86272
3.4923;11.1937
1.50105;14.3699
7.95488;16.687
4.79716;14.2497
1.75547;17.6919
5.52425;4.90608
5.21137;0.823477
1.57326;7.57417
5.97366;13.6615
1.29798;9.3223
1.55459;10.1369
2.65646;10.916
4.89326;12.2976
0.583561;0.739661
5.09515;8.66166
1.30119;17.1749
0.927684;5.60448
6.77238;17.7651
2.14575;5.13908
7.00743;7.80245
2.4155;7.06336
6.35427;15.2537
3.94342;15.8551
2.41395;1.83415
5.75827;7.42386
5.57823;14.6257
8.78039;16.4694
3.77086;9.34731
5.3835;8.70885
5.04348;2.9573
8.68525;12.6893
1.0661;1.22587
0.146915;15.677
0.495496;4.58533
1.40802;15.0058
6.19389;7.64702
2.0346;7.09631
2.45037;11.956
2.47568;9.72865
6.8951;16.4679
8.57625;6.94664
6.54681;16.7133
2.70801;2.63535
4.0303;16.183
5.6721;0.147565
0.570162;10.7147
6.41846;3.27252
5.97029;13.1307
0.474736;12.9316
8.85804;3.7655
4.96871;12.1039
5.70626;14.0066
0.600085;16.3133
3.98133;6.15154
4.02096;3.75285
2.30972;7.19442
5.34974;17.7131
2.95386;16.1155
1.17421;13.9683
7.14926;13.6926
7.05794;15.4389
3.20366;8.95279
0.355687;0.34789
2.04177;1.66085
6.63973;3.79962
2.71317;5.21686
7.95174;16.8389
0.61174;17.1036
7.57607;9.18613
2.62759;5.19407
6.46949;9.87462
6.19425;5.63847
4.79385;0.296207
1.87699;11.9361
7.13226;0.052503
3.81437;10.3804
7.74568;14.0361
0.666595;16.2027
7.19197;5.41673
8.93179;9.6634
4.60817;5.28992
7.44013;7.11982
2.0644;16.1037
3.11173;1.28095
3.64494;11.4786
3.23751;2.22885
1.67663;0.863506
3.93366;12.941
0.579856;11.6213
3.43854;15.4242
5.8369;14.5058
3.90231;9.16515
5.27093;9.13782
3.68394;6.92581
7.27727;7.23146
8.2946;5.77089
6.26069;13.4695
6.44535;16.6502
5.7866;1.11417
8.96556;0.863074
6.29641;6.40614
1.54596;15.9461
3.63482;10.9592
5.44352;8.42936
2.29027;17.7641
2.9268;16.2543
7.13496;13.6582
3.70975;6.81178
2.39802;14.7874
6.86879;1.35059
2.00942;12.3268
3.56074;16.5402
3.89813;2.01218
7.5952;1.36945
1.56318;15.1215
1.11626;15.7192
1.76383;5.32446
6.83262;10.7973
8.14185;6.55228
0.613338;2.86424
3.15819;7.08027
0.559291;2.5863
1.36924;8.53807
4.69904;7.53453
2.66272;5.13567
4.44256;9.34428
8.73123;16.0066
3.94225;7.25871
0.00938914;5.0749
4.31408;3.14513
1.09821;10.8607
0.432147;5.7241
8.09257;14.5295
8.26071;14.4689
1.5409;17.7481
8.66655;9.39819
3.41418;0.451677
5.99225;9.56685
4.49487;3.38257
8.55069;14.3152
4.25912;7.98649
2.82974;7.98069
2.99654;13.544
7.6197;6.01187
0.309436;5.86756
4.5785;2.8153
8.36413;10.0213
4.2697;14.9134
3.27541;7.06081
5.69113;9.63263
3.40445;10.7153
0.515414;13.6373
5.58351;13.0153
2.60205;2.15678
8.19895;4.30547
8.23599;6.91613
6.14598;4.13145
7.44841;0.285055
8.83771;12.1362
3.14846;0.294292
0.00189492;15.4539
1.5548;16.732
3.7376;11.649
6.82272;14.026
0.354898;7.0277
2.82933;7.51869
8.87153;6.68949
1.57797;10.9101
0.852407;8.36004
6.53343;0.102707
6.33276;11.5388
3.50942;6.95748
7.83514;3.91566
3.62127;15.3457
8.02594;13.5395
7.81999;16.0557
5.49669;0.749575
7.39386;0.468586
6.19928;10.4332
7.24731;13.1084
8.73044;2.15328
1.31352;17.2039
4.42139;5.783
5.057;10.5476
7.07152;5.18086
5.32515;8.80856
8.35984;17.6691
7.88302;14.39
1.7924;5.00858
5.86782;1.63668
0.274021;9.37563
8.84618;11.5414
5.0626;14.4801
6.005;4.52377
3.45663;8.50462
8.81606;6.37413
5.32895;2.25918
2.78903;1.50069
4.02109;15.6921
6.02414;4.18521
1.43646;4.69858
6.49688;1.5926
2.18386;10.7598
7.99128;7.95251
7.8842;9.71821
4.7946;16.3164
0.54692;9.28156
4.92893;11.219
2.88082;3.86786
7.87141;12.6749
6.18624;15.3749
0.524508;5.03039
8.81706;6.62707
3.26554;7.67629
2.15956;0.57935
5.93075;7.19204
2.63896;6.85527
4.39232;9.64564
8.80754;6.7672
8.79908;15.3835
8.2427;9.18735
6.84995;17.5792
0.234453;5.55776
5.39915;6.23054
4.71281;8.54111
0.452717;3.79809
2.95803;1.95445
4.41424;5.55017
4.29076;15.3595
6.61323;12.9006
7.96945;7.08796
1.04634;3.21683
6.97162;10.8773
6.43124;13.5583
8.82226;12.4606
5.4709;16.1299
1.82399;6.6417
7.85458;4.11688
6.09973;8.50745
5.17371;3.62507
8.52428;11.2529
3.71158;4.96461
6.60366;16.2516
5.25739;3.78883
6.80559;5.74124
8.34473;11.5501
6.4146;0.782142
7.38346;8.77244
5.82973;9.62939
2.16538;11.304
2.04501;15.2725
4.71694;7.73799
1.95712;7.14304
5.92744;16.1137
7.82525;4.2023
0.869386;14.6991
7.72758;9.16193
0.831829;10.6625
3.70679;12.1784
7.22565;3.02476
8.95984;13.1408
7.28743;12.7489
6.96145;11.3418
1.76066;7.58236
1.48558;7.85208
0.443164;7.06117
2.56231;10.3202
7.39958;9.03887
8.73163;8.65403
3.57629;15.1137
6.42817;8.89135
5.9064;10.3115
0.0266409;13.4765
1.48698;7.46686
3.82745;17.4253
5.24581;7.57457
6.28301;7.06647
1.16173;8.48892
0.204123;5.84477
8.03564;3.37941
6.84842;16.9576
5.22029;0.821474
4.63891;7.23974
4.93017;8.74107
7.94689;17.0129
2.92741;10.7501
3.95213;17.6676
1.5308;7.95755
6.57204;6.03555
7.7122;2.79898
2.7304;7.91603
5.18677;0.0268156
7.49125;12.697
4.25787;15.3907
0.270887;6.58701
0.385076;14.2386
2.77231;11.2107
7.53005;14.8224
0.225236;6.92044
2.78175;16.3442
2.96668;11.4183
4.54718;13.8376
5.54297;12.1559
1.89759;6.23002
0.0957476;1.21959
4.5145;5.6523
4.56781;1.40255
2.83956;6.11812
7.04978;14.1948
1.75443;14.6413
1.39093;4.27902
5.43997;8.32646
7.74488;7.94004
2.57445;15.9402
7.43024;10.7124
7.14224;2.79385
2.06536;5.37882
8.31574;15.2167
8.76738;2.42667
1.72334;17.7263
1.82313;12.4757
2.68928;12.7819
6.93912;11.0577
0.450003;9.97778
3.62626;4.40887
3.30955;10.0344
4.34395;17.4991
0.180418;6.17765
3.71955;5.50973
2.05894;4.29958
8.11106;0.402345
3.54672;2.35283
2.89058;5.72492
8.78475;5.31594
4.0758;3.01618
2.5211;11.7979
7.74593;10.4208
3.28987;11.3701
1.73922;7.47975
1.67394;10.731
5.94431;9.96699
1.38267;2.57652
4.73302;3.12617
4.37708;16.9051
4.31795;12.872
1.60236;6.85801
6.63719;10.2982
4.60542;1.05555
8.01154;8.78034
3.18574;6.17468
5.89826;11.4137
8.98627;9.28838
1.91723;6.55228
1.32924;7.31289
7.01601;6.00636
0.0219235;7.92065
7.98667;2.80918
5.24858;7.43939
2.96767;1.25133
3.17227;14.5712
7.06168;9.54925
1.71463;9.39775
0.923707;12.6401
5.22665;17.8705
1.71022;16.8248
3.02259;15.217
5.11924;6.01771
3.25267;14.0729
6.28499;9.16383
1.69291;8.60201
7.58509;3.42966
8.26133;13.1435
3.11942;9.01983
1.29146;12.1742
5.13558;8.92746
4.37271;6.39454
0.238357;12.1747
7.89614;2.32413
3.40738;8.24559
1.09731;10.2352
3.53519;8.23979
3.72609;17.3088
7.12875;13.9575
6.69088;8.82748
2.56067;16.7676
8.71475;2.29153
1.09862;15.9522
7.71754;8.43607
3.486;0.0180028
1.30513;17.2432
4.47273;11.3557
2.81885;9.42218
2.76517;3.42998
5.87315;12.3451
5.83778;13.9409
2.29016;0.745937
2.09036;12.0325
0.0273901;0.438223
3.995;13.4365
4.63285;13.1114
6.10206;8.6952
7.70144;14.4014
3.32368;12.838
2.41871;13.6194
6.42798;7.44768
6.43126;3.80143
0.401676;0.500211
6.6118;6.33369
1.9651;6.96991
0.3394;15.6058
1.45542;5.25912
8.17585;7.09156
8.6458;16.4065
3.76489;7.28162
5.92151;16.7955
1.19648;6.04714
3.74535;17.7959
1.22425;14.1381
6.31691;7.28593
4.87871;7.48978
7.36681;4.61993
5.64561;15.537
2.56007;6.51482
1.93533;9.05033
6.74236;4.54946
3.32805;16.3956
4.90429;5.00779
2.74357;9.10018
1.70713;13.0169
8.1909;15.2573
5.90621;0.774766
1.65222;1.30311
0.285312;5.75293
7.72059;13.2044
6.51943;7.19859
1.34711;9.77248
5.90926;13.9854
3.65472;16.9387
1.25013;11.1801
3.9945;15.985
7.86478;14.6451
7.19028;7.53812
0.826436;1.86769
8.31915;5.06714
7.44231;15.0201
1.16221;8.69703
7.89743;5.62886
5.00007;16.3655
5.6909;7.44131
5.78497;6.42066
7.31995;14.2642
8.09657;8.45841
5.1248;5.50257
3.69854;12.7499
8.34134;15.3861
5.36742;14.4122
6.01557;7.1154
1.97517;13.684
4.49154;2.58865
0.375578;5.8677
8.80438;3.07558
7.28237;15.4036
4.35222;6.56487
6.88456;2.08623
7.00309;7.33905
4.25344;10.6461
1.8016;6.70002
0.55225;13.8528
6.1013;8.50157
4.30133;10.8853
2.94382;1.3375
3.64874;17.9188
4.22645;11.2478
6.8014;17.436
6.91824;14.354
2.65184;13.4452
8.71477;1.86842
5.42443;8.13398
4.21665;6.61798
5.1101;4.43948
6.97851;0.727089
7.54278;17.5602
3.71355;16.1901
6.70652;1.6297
3.34582;4.0157
6.25748;12.5793
2.6766;1.81245
6.24903;13.8061
6.53014;8.10086
6.62104;8.89677
2.22741;0.545761
2.171;3.88435
1.20709;15.1909
6.00916;10.8475
1.90443;4.23853
7.64347;17.7659
2.48281;12.3725
8.66305;12.3927
5.28129;12.7391
7.01121;17.2542
8.37742;8.53739
5.91675;4.10804
5.17492;6.33155
8.95707;5.41013
7.2162;13.1562
7.15345;0.887216
6.85099;0.648905
2.38578;16.1162
7.91989;16.7899
4.48181;1.64863
1.51421;6.25057
0.707252;7.99405
0.311541;0.740612
1.19339;11.1857
6.73988;16.4092
5.21994;12.2346
3.4733;4.27337
8.17132;17.2964
5.30246;16.2568
2.35328;7.03733
5.70649;1.01345
3.96227;7.11496
0.83118;12.6961
2.61555;17.5021
5.743;14.1947
0.575383;14.5144
1.22265;2.56527
2.25424;3.06838
1.65294;6.89525
7.12702;16.7856
2.65222;6.69392
5.51012;12.251
5.48365;9.36288
5.77374;3.57222
3.80983;16.254
5.30477;1.03264
8.63374;0.534084
4.0738;0.929844
6.6151;13.3787
0.215991;6.71619
4.78672;1.58275
1.61531;12.0187
2.07401;7.7391
7.54355;7.4539
7.31717;11.3411
3.11977;1.93879
0.017535;17.2598
7.09492;11.0024
4.31133;7.7373
7.28729;16.2423
2.99567;7.18412
8.63748;5.25882
3.8591;7.42256
3.09433;2.9484
1.40063;6.62065
4.8323;12.3747
4.1017;12.8952
3.19672;12.3514
1.31716;3.48054
0.902658;17.2687
7.41085;8.04486
0.603728;14.8568
3.65232;15.3973
3.92956;15.9273
2.5673;4.43371
7.08481;11.1259
5.80892;13.4446
8.19237;1.33604
1.43356;4.57341
2.14222;5.66839
5.59703;13.949
0.0215459;1.39745
4.42213;6.43652
6.87443;11.4786
4.95853;15.5542
5.37362;6.73876
2.79952;11.9547
1.79776;12.9037
4.67599;11.4546
5.41549;14.4866
7.94417;7.00059
3.80625;9.50618
1.22258;5.99725
5.42111;5.3123
5.28533;15.1267
5.49034;3.76471
5.53785;11.0238
2.58108;1.91995
8.73015;0.91103
6.69926;9.37737
8.23261;6.14576
8.05806;4.06425
0.0502278;1.71164
8.48396;9.45244
6.58314;9.79891
2.96951;11.0546
8.39975;13.5515
1.28041;1.24467
0.77438;13.403
3.27848;12.1194
5.26485;17.5377
7.94207;3.6054
5.28072;3.0463
2.76268;10.0217
1.97866;0.923879
0.699552;2.42254
3.53482;17.5152
3.24339;7.1701
0.613434;5.45472
8.31127;14.3931
7.62681;4.56155
3.72389;14.0531
0.0565297;10.0086
7.6489;1.66182
2.70581;3.85476
6.89062;15.9413
1.6962;11.6654
0.773363;13.9538
7.35583;7.07208
2.98779;0.668997
3.99798;7.37468
1.54577;15.0656
3.44496;9.57833
2.11785;8.11678
7.51652;2.85823
2.25497;12.2867
3.70989;11.9577
4.1699;7.53284
1.98315;5.63759
4.59733;9.37794
4.74617;4.9759
3.65963;12.8848
8.32063;8.86599
4.4193;13.3529
7.96904;14.8142
7.01097;5.93403
2.09443;17.1135
1.49981;11.0788
4.3459;7.23533
0.597775;5.72484
5.04678;5.70548
0.00575604;17.5133
8.8316;8.35131
3.52309;3.6295
6.99445;16.2408
6.50372;5.48124
1.60836;2.3267
0.182995;1.858
5.59634;9.20459
7.60547;9.13076
3.00938;11.2329
7.53239;10.2076
5.17317;0.0644165
1.64319;1.03814
3.64987;4.48193
3.38149;17.3933
5.09371;6.77449
8.45332;9.85061
7.5629;5.95281
6.74005;11.1147
2.09682;8.48754
8.29796;7.41038
5.40712;16.9619
4.63419;4.00692
4.08325;6.47931
6.56884;14.1853
8.85609;10.2025
3.19644;10.0585
5.13344;9.67926
5.54833;17.5666
7.0806;17.8596
8.47996;6.34861
3.31706;15.8666
8.09961;3.75992
1.90969;11.6793
7.43731;8.01303
1.08343;13.4705
7.7117;12.9811
6.21623;6.69178
8.49401;2.59897
6.58554;12.1257
8.39212;12.8833
2.16408;5.17711
2.47089;14.5951
7.42819;16.0384
7.08084;11.0176
7.94903;13.1216
8.68309;4.53219
5.49409;15.5654
4.14606;14.8076
4.62237;5.16673
2.41029;11.4116
0.318639;2.24399
3.19634;13.0697
4.46788;5.3807
7.83436;4.10685
8.7532;14.4529
8.49506;3.83457
0.815028;3.93189
0.214812;16.4864
0.985162;14.5913
4.752;17.8684
4.85646;8.8702
2.20029;2.70109
3.2178;12.6927
8.75433;15.6803
8.92971;4.32924
4.54597;0.496706
3.28661;15.4846
6.78322;15.509
1.43266;11.2352
0.80792;2.37173
3.84405;0.605954
3.10315;9.31816
2.26892;6.63592
3.9023;6.50817
1.61361;17.3086
3.18828;12.9401
4.0894;10.7771
7.82062;14.6144
2.73492;15.1499
6.14737;5.32926
0.739561;3.38668
2.91298;8.05235
0.435649;1.39241
2.78067;3.73662
6.31379;7.17717
3.05417;2.31568
3.89156;12.3146
5.81692;12.321
0.475282;1.43844
0.414571;4.17779
0.37352;7.2057
8.55897;8.92584
8.99142;14.7592
2.77012;5.45267
5.95453;17.835
5.39096;13.3882
1.61084;16.6079
1.72026;4.09297
0.000153468;9.00185
3.9148;12.6279
8.08951;13.9379
7.47178;5.96216
4.12629;8.5774
0.141565;9.20315
5.00792;1.11227
6.69047;10.7629
4.15898;12.4989
0.84436;8.3008
4.62902;7.22897
6.87674;3.16709
3.53198;6.5354
8.27763;10.2856
2.57165;1.99578
7.1893;5.1436
5.49882;4.2082
8.88574;9.17667
0.0730695;14.715
7.56941;8.39872
2.64622;15.422
8.80093;15.3083
8.26711;12.9828
4.03558;6.8522
3.74083;9.75988
7.5765;16.7397
8.49442;10.9065
0.953394;6.05281
8.72094;0.462052
8.16922;4.58516
1.22892;12.7171
4.86438;13.4555
8.46263;9.50024
2.31607;17.0714
3.10764;1.77097
3.73506;11.5077
8.59646;7.07198
4.408;15.7271
1.02739;16.8872
2.28967;9.53645
4.32352;1.73234
4.13808;7.63588
6.31941;10.1829
6.84435;12.0807
5.3225;12.0271
8.33292;13.1028
3.3721;8.39461
4.27915;5.66946
8.94742;13.1904
2.37043;6.11013
7.4807;12.211
8.80893;14.1543
0.64148;8.43386
5.94074;3.33774
3.66051;16.4608
6.4371;15.9681
0.0965764;3.15035
2.80197;12.832
6.66664;1.29263
3.45632;5.97828
6.65989;5.5785
0.540553;2.06397
6.98655;9.63941
3.86672;13.8679
2.41492;12.4743
0.989039;1.79126
3.34263;1.59593
7.97279;7.96822
5.01489;9.82705
5.65298;17.3508
4.14393;6.18016
7.65943;8.48102
4.66525;2.92279
1.65649;4.66379
2.10771;10.2256
5.32104;17.5352
7.90206;11.7232
0.799583;11.7772
1.68129;9.3326
3.82259;8.19243
1.90344;9.62326
4.99184;10.4922
5.60959;7.92927
0.230189;3.24897
8.87816;11.7663
1.29989;8.04419
8.97325;17.9186
8.26261;9.27701
1.42071;1.8382
6.9704;7.05685
6.03192;6.58288
3.29602;9.86796
0.153026;8.19121
1.8226;3.66863
8.7619;11.2904
5.93053;3.33069
1.45682;3.84475
6.91142;14.1328
5.88701;14.2832
8.6909;11.5303
4.02478;1.98157
0.787265;7.99607
0.950102;0.0997406
8.63654;4.74163
0.968968;13.2139
5.89924;14.0018
0.898385;0.390512
2.93486;2.10282
4.29086;9.51492
2.88573;8.10552
1.40265;17.6325
5.71811;5.71892
1.73863;7.25906
0.925873;15.2513
1.77114;1.23354
4.39081;11.5919
1.60756;10.3561
0.793963;5.11532
5.22794;0.861013
4.92847;12.3938
7.03745;3.65542
4.1978;15.8717
2.02297;14.2653
8.98725;12.6276
2.89012;5.74595
1.36659;8.58553
2.68923;14.1694
7.15223;8.85573
1.71423;16.1562
3.0535;6.97073
8.69487;14.8886
0.281293;2.60486
3.62239;2.15051
3.86009;17.7007
1.50576;17.5771
6.04724;17.0864
1.61627;2.49008
7.47905;7.27848
8.3777;14.9326
0.953065;4.53564
1.33928;4.6393
6.56058;8.05702
0.404346;9.42562
8.45637;4.23714
3.79091;5.01975
5.60394;6.97157
0.954184;11.7705
4.78822;9.15314
6.96049;17.2966
4.4269;16.9325
8.43687;2.94829
8.00947;2.10629
2.71919;12.977
4.69239;4.19377
4.95482;11.2909
4.36471;12.5882
7.9651;3.85058
1.32261;16.7389
6.6381;1.55796
1.48802;2.85803
3.28885;14.1839
4.9148;8.48607
3.97719;1.40604
8.81961;3.87536
0.351326;8.49302
1.40393;17.5764
5.72065;0.826795
0.841346;16.8797
6.90192;11.0675
1.53673;5.71349
2.17919;11.8029
0.150844;2.28858
7.82673;2.94691
0.513737;10.9297
2.25243;4.00351
6.89385;11.0826
0.0937158;5.6173
0.78432;8.14181
3.51167;1.20785
6.00858;7.72598
4.85043;14.825
3.65119;3.14218
7.82591;8.98507
1.01093;11.4557
1.02627;5.09532
8.58458;6.41091
8.44909;17.4708
4.34974;14.5516
1.20887;9.72696
3.74065;6.92261
6.86524;3.26899
0.00258906;13.9179
4.44314;1.57382
2.02986;15.9096
1.39083;16.0769
2.8178;12.4825
6.45096;12.938
7.81236;10.5537
1.96153;17.6466
2.00471;5.9756
2.37094;3.17856
6.19326;3.64008
1.3247;3.08601
0.095859;5.06715
6.40649;7.67302
5.99488;8.54345
5.47101;11.9949
2.23068;1.8283
6.78438;8.52108
8.86896;16.3504
3.29899;5.37353
5.41648;1.4999
0.155758;8.45768
6.02682;4.23458
4.05213;16.0631
5.10509;12.8461
0.620812;4.5967
8.24311;3.89103
3.84135;16.6779
4.47909;2.49568
3.17548;2.94794
5.51957;17.293
7.47144;15.5005
0.560636;10.5116
3.01079;0.859197
4.43103;12.6196
3.11636;1.69503
7.05973;6.54424
5.07636;8.1731
5.38941;0.256963
3.11808;2.989
6.55155;7.47779
3.79285;11.5893
5.68441;15.2684
5.13363;2.32699
8.88205;16.6182
2.63747;10.8032
7.95559;2.21782
4.15186;17.0325
6.36473;14.3253
8.94583;3.59153
4.47243;6.12438
2.64328;5.06431
6.33431;15.4393
6.61871;5.44745
7.84811;1.47358
4.21823;10.7993
4.47568;16.0222
2.19433;2.32018
6.64529;14.6559
2.32359;13.0547
6.63707;9.92211
2.92895;11.1853
6.06996;14.1616
5.1089;6.86938
5.24346;10.1095
5.23045;1.43177
8.11692;15.7475
3.24804;10.9025
6.59337;1.7335
8.17496;10.883
1.60354;6.78637
1.84115;12.1584
2.40426;8.07096
7.23931;0.099099
2.36344;1.12578
6.57688;0.00102237
5.52394;1.01167
5.59318;5.18782
7.58664;3.40415
6.0286;7.66021
6.7568;4.51811
4.54599;11.7474
1.13279;15.5881
2.32495;15.4523
8.66078;2.99982
4.16764;2.52864
4.89309;12.0176
7.34354;14.5947
1.04427;11.1657
7.3469;6.81541
6.14573;9.84758
3.40822;5.33935
5.42962;0.00278804
5.26358;8.03253
1.70347;4.58437
7.84637;16.9205
4.55124;6.78472
5.33399;11.3681
2.18639;15.3179
4.41018;3.69435
0.158852;17.1556
3.11149;10.1039
5.58661;2.91006
3.3493;13.2617
7.03787;3.39241
1.03858;8.3672
6.62;8.89359
6.85328;6.09924
4.44819;6.23373
7.06588;12.3033
5.40905;11.8245
5.61193;1.92058
0.304615;3.89183
6.64432;4.98202
0.604858;4.109
4.33818;1.52742
1.63232;14.8994
5.81566;14.4379
8.9047;0.329913
4.8498;13.8851
1.86116;11.7768
2.12617;16.9623
1.33517;17.9589
2.53078;11.5667
3.09632;1.19332
2.93502;17.0107
6.50892;17.0939
0.465655;13.6271
1.49286;14.2199
0.304539;4.19543
0.164469;9.28544
2.86143;3.59358
3.0924;17.3542
0.0157139;5.9942
8.84204;9.73102
0.939675;3.4064
1.75389;6.1317
1.18436;6.17811
3.0453;7.43027
8.87242;12.2832
4.3118;5.61486
5.64699;3.64142
2.35437;12.2253
8.63424;7.69446
4.22261;17.8776
5.94495;8.77417
4.5815;17.6127
6.18387;15.3478
8.48345;12.3992
1.671;16.651
2.0651;5.22136
1.02869;7.63797
5.67653;4.4261
6.90804;17.4437
5.92819;13.5609
5.86345;2.47996
0.587885;5.02088
3.06069;5.88452
8.62308;5.38987
6.78949;7.69139
2.63371;7.46887
8.23278;14.4304
3.54081;10.8333
5.88912;6.04852
2.61624;15.1202
2.34975;9.36267
1.1708;6.75689
8.50032;13.6947
5.5915;12.8167
6.56916;5.03937
4.18881;6.86522
3.75967;9.55339
5.94305;13.6407
7.71895;11.1323
0.515293;11.0169
0.411833;6.29802
0.242873;17.2892
1.36423;7.56736
5.06126;14.5067
6.80794;15.355
5.81347;0.315385
3.35883;13.9685
3.53614;5.7183
4.83159;0.255278
0.267503;4.80151
2.64732;8.91262
5.83336;12.814
0.233005;5.55283
4.22735;15.9039
8.34255;9.48529
4.4604;17.5088
7.89165;9.40654
8.399;0.511756
8.48695;8.92053
7.50922;12.5898
3.13776;8.64538
6.45258;12.9932
2.30696;1.97744
0.355745;14.2771
1.11636;1.2465
0.539304;7.52737
5.07956;12.7453
1.17067;10.6251
0.149085;10.7961
4.26452;16.9833
1.14067;17.4498
8.24602;0.0646455
4.42819;15.29
0.288201;7.83027
3.10529;15.5948
1.21002;12.4861
3.12011;15.3252
3.73965;10.8541
8.65132;8.19078
3.56562;1.53535
4.71864;8.20985
4.53136;1.59639
1.47759;11.4041
6.11076;3.25336
2.10006;2.75057
1.11832;6.48146
1.1002;0.728684
3.27305;11.0568
8.00937;7.12251
0.44352;4.2293
2.35868;3.30708
8.3577;10.9576
0.31614;6.19469
1.90586;17.9349
7.19274;10.943
0.735136;5.82275
0.57641;10.533
3.70957;4.10801
1.96853;1.64067
3.68068;8.13718
2.19562;9.598
7.30932;6.59164
5.16334;3.16475
8.82421;8.34542
5.14363;0.535454
6.28736;15.0046
1.92127;11.2901
3.9811;4.47482
8.74241;11.7739
2.20487;13.8703
2.35844;5.88001
0.846524;5.8697
8.2065;9.11219
4.98886;2.35006
5.37643;17.3391
5.24362;15.1441
4.46854;7.10587
1.86787;1.26378
5.13531;3.38415
4.8046;2.55787
1.9598;4.18392
8.78124;7.76214
7.73702;7.52467
6.11848;14.9589
0.649295;16.6467
5.41458;6.01547
2.26335;12.5222
5.94259;2.9397
1.8172;3.86289
2.64488;14.3873
1.60099;15.777
5.76568;12.1391
2.44143;15.2671
6.70142;15.1535
3.38683;8.46827
5.66151;8.40945
4.52613;10.1032
4.9444;8.68933
4.20647;8.676
3.78385;8.87961
3.99556;9.72774
5.18168;9.09912
4.49737;8.86637
4.99108;9.48195
4.88142;10.1964
4.50025;9.80835
5.39997;8.13777
4.52689;8.15102
5.67338;8.41394
5.67149;7.86022
4.58221;10.133
3.96967;7.90834
5.53618;10.1141
4.29767;8.54265
4.09006;9.28152
5.12226;9.28562
4.30925;9.10394
3.68474;10.0066
5.67031;9.87581
4.78857;9.35173
5.37219;8.08883
4.46008;9.57216
3.9266;10.187
5.42318;8.39998
3.9009;9.89467
3.9602;9.68311
5.32767;9.12987
5.29145;9.66385
4.54393;8.38912
3.5065;9.834
5.37064;9.82876
4.41962;8.47989
4.2327;9.30436
3.78651;8.70301
4.48017;9.77508
3.35473;8.65235
5.56391;9.01481
3.52452;8.2905
4.50178;10.1477
4.39048;9.60268
5.34237;9.55068
4.58579;9.47005
3.98055;8.67724
4.4339;9.72448
4.76636;9.1404
4.85848;8.93699
4.26916;8.0781
5.11688;9.70186
5.08246;10.1034
3.70487;8.36262
5.17848;8.2596
4.71498;9.54239
4.97441;9.43949
5.53289;8.27618
4.8872;8.72337
5.57886;9.02957
3.57406;8.96466
3.79961;8.75461
5.3419;9.43351
3.77909;8.90826
3.87391;9.83757
5.54525;9.34307
5.61567;9.46213
4.34493;9.49813
4.86553;9.2498
5.56076;8.84401
5.2094;9.07573
3.68639;8.98381
3.81523;8.01928
4.95999;9.90242
4.44266;9.33885
4.23199;9.21671
3.60351;9.2316
5.67132;10.1454
3.96512;8.25041
4.35366;9.03903
3.38798;8.69891
3.6821;7.80365
3.46104;9.22703
5.00179;9.52657
3.77683;9.36254
3.67058;10.1862
3.73827;8.55697
4.47004;8.7535
4.27625;8.23003
3.95593;9.91891
5.26888;9.38792
4.43562;10.0724
3.91952;8.90694
5.5178;9.08464
4.85735;8.67146
3.42366;9.44533
5.07037;8.30576
4.94898;9.73141
5.23279;8.75077
4.55798;7.80962
3.41331;9.42856
5.69585;8.35158
5.68553;8.96589
4.80509;8.76178
4.89592;9.96101
3.98068;8.96481
4.64893;9.6163
4.3372;9.76846
3.82324;8.65499
4.15309;9.88059
5.02645;8.77676
4.62592;8.89682
4.78252;8.3749
3.92823;8.81531
4.82567;9.68621
4.32493;9.43898
4.41477;8.82078
5.49056;8.9003
5.48668;9.09565
5.36208;9.1826
4.35667;8.14277
3.4474;7.8056
5.45907;8.9846
5.27406;8.08231
5.33959;8.22715
5.6629;9.16604
4.70391;9.08882
3.36286;8.28643
5.16372;8.49109
4.80174;8.78939
3.4773;7.92667
3.52837;9.09207
4.44745;7.81894
5.69238;8.73413
4.61459;9.85446
5.61673;10.1713
5.69722;7.86413
5.67686;9.95629
4.54873;9.75091
3.3386;8.68833
5.67806;7.8015
5.55437;9.18197
4.59032;10.1172
5.1684;8.55405
3.90832;8.77013
5.04344;8.58562
4.3968;9.77181
5.3777;10.0443
5.29075;9.87007
4.07838;8.70534
5.02453;8.49511
4.1766;9.52175
4.05924;8.65345
4.77804;9.80798
3.70436;9.31664
3.7963;8.18242
4.81814;8.15067
5.06439;8.20847
3.56791;9.03279
4.46251;8.67623
5.50292;8.30595
4.96185;8.69972
3.37776;9.13954
4.04397;9.86851
4.30962;9.32235
3.87385;8.13414
5.51746;9.25045
5.35589;8.3767
5.6039;8.93393
3.48468;8.10826
3.55057;8.48098
3.99069;9.56872
4.33165;7.85508
5.47718;9.09956
4.58787;8.73969
5.47579;8.89079
4.74564;9.23764
5.29051;9.32341
3.67718;8.13448
4.49192;9.1868
5.15683;9.56577
5.02094;9.47429
4.11622;9.17683
5.55099;8.52012
3.41076;7.83567
4.32838;8.16134
4.01665;9.51907
5.43005;9.5483
5.07414;9.70723
3.94786;8.46201
3.74693;8.22365
5.0528;9.69257
5.16129;9.14331
4.31597;10.0385
4.97778;10.0079
4.52527;8.93461
4.87366;8.34621
3.7089;10.1899
5.22304;8.05989
4.01;9.83381
3.59555;9.53838
5.69514;8.8122
4.35744;9.92519
3.6605;8.23159
4.93243;8.80836
4.3936;9.87935
4.73201;8.2464
4.87192;8.6933
5.08971;7.98789
4.03178;8.86749
5.69578;9.75705
5.5021;9.36945
3.40326;8.011
4.85933;9.8263
3.77089;10.0693
4.96011;8.56644
4.9077;9.45525
5.07864;8.06514
4.68045;9.93914
3.99672;8.41288
4.04751;9.59032
3.59223;9.97952
5.53672;9.66415
3.97282;9.42643
5.35204;9.2046
3.59392;9.84783
4.26165;7.89602
4.51727;8.86491
3.60701;8.1766
3.99121;8.5779
3.54592;10.1513
4.84434;9.65362
4.90658;8.72298
5.41876;8.38702
3.96212;8.21548
4.4999;9.20963
5.50581;9.29213
4.48915;9.84253
4.25628;9.66197
4.56896;8.40832
4.16657;9.36287
3.55615;9.62822
4.95889;9.27342
3.79313;9.7659
5.15002;8.98434
3.6438;9.89594
4.43566;9.68814
4.84956;8.14224
3.71112;9.06832
4.22926;8.87324
4.98381;9.92916
3.38287;9.28962
4.52129;9.07201
4.43214;9.97757
4.03399;7.8011
3.68589;9.40056
4.86397;8.44203
4.32878;8.62286
5.41545;9.32191
3.68876;9.36547
3.60625;8.53256
4.56142;9.24191
3.5207;8.21098
5.08414;8.43182
4.9793;8.1134
5.00506;8.76311
3.34256;9.58793
3.35272;9.06385
3.95994;8.98487
4.34142;9.19393
4.48597;9.22731
3.89449;8.14994
5.36934;9.42327
4.4728;9.5848
4.04518;9.36156
4.25027;8.85143
5.59412;10.0117
3.39333;7.91482
3.52267;9.67748
4.04665;9.70197
5.49088;7.85171
3.76507;10.0334
5.13964;8.3178
4.3973;7.89958
5.00266;9.93872
4.79351;8.28863
4.46603;9.888
4.13857;8.63537
4.61126;9.81137
3.52017;9.85644
4.47293;8.97044
4.00787;8.86705
4.28213;8.6012
4.48187;9.00479
3.57868;9.72852
4.00676;7.86956
5.28023;8.97183
5.603;9.21986
