2.28378;13.7273
9.76502;11.7502
11.3963;15.2412
10.764;25.2367
11.3239;14.2245
10.7503;5.30318
11.8694;6.7264
0.726801;13.709
4.4165;19.0341
1.40155;14.9649
5.11854;5.15712
11.3758;21.8778
5.84717;7.897
4.31332;15.6066
1.4861;15.7868
0.22854;8.16809
1.62189;21.6527
9.19308;2.20602
5.02795;17.2404
0.665876;9.42907
2.52227;24.735
6.7995;5.18188
2.52064;16.307
8.71888;15.0305
4.31129;21.9276
1.844;20.4313
0.500644;2.6428
7.52729;13.7536
4.86452;25.6546
1.55088;13.7597
7.12682;3.85542
10.1205;18.9555
11.773;15.8461
9.76687;10.402
3.27071;22.6043
9.15281;12.5514
9.84889;8.56334
8.18461;0.800638
11.4786;10.6242
7.30666;8.21146
3.02393;19.8264
1.21973;7.63657
10.3704;18.9519
9.87238;7.00902
8.58763;24.7504
9.58555;8.04797
1.20269;16.6965
0.463154;2.11397
3.01965;22.165
5.77661;13.6291
8.66277;6.34709
0.0833352;14.1086
6.88174;17.9139
6.88118;13.7808
1.17144;4.74032
10.1503;9.08996
11.3385;24.635
7.71993;21.036
8.11701;12.1167
0.943831;10.1934
5.01559;22.8137
8.41908;13.4729
6.23545;19.2448
7.19396;20.0527
7.11225;2.1029
3.54547;8.17921
3.9;7.86241
10.2867;23.3604
11.8968;11.197
5.14208;2.31441
7.3557;7.13339
5.26356;14.5041
2.66232;2.13089
4.40309;23.3552
6.57581;11.585
3.48396;25.1147
3.87631;25.7899
5.80967;21.9088
8.78527;2.17454
7.36687;8.44463
1.9742;23.6434
7.67254;12.7274
2.54114;12.9116
4.65593;5.2821
11.1271;21.229
3.50608;14.046
1.09034;19.0009
1.17696;8.13077
9.75313;12.0901
2.53199;9.37936
10.927;13.0345
3.92033;6.07377
5.91898;21.0817
0.915037;5.85919
10.7336;17.9441
6.60176;1.53365
7.19424;4.92766
6.58204;21.0933
8.23353;24.3489
0.173274;15.948
9.03598;7.97194
1.84337;21.9404
0.448995;6.54406
1.87899;22.1046
8.60039;9.55711
2.53106;16.3093
10.4269;13.978
10.3306;9.4161
4.18139;24.3656
7.05013;6.31589
7.52758;3.57911
3.62287;5.89728
3.9262;22.1106
0.457202;0.346078
9.44287;1.36603
7.52033;14.0375
4.30983;20.288
4.60517;10.3108
0.384041;14.049
2.96095;19.4663
10.8951;11.8993
4.51179;20.1978
11.9434;6.15859
1.66793;8.93703
2.0881;18.8891
7.03981;20.834
10.37;23.1025
0.337497;4.97502
8.86758;1.72185
2.45589;13.6726
1.42517;21.6152
0.789294;12.4258
7.33993;11.688
10.4938;16.7353
11.8786;3.15203
4.7084;23.3431
6.94679;19.9771
8.09579;14.9287
0.0626091;21.1547
11.015;4.65987
6.48179;13.1187
11.7664;10.5121
4.71744;0.225077
7.14792;3.43421
0.898581;20.8083
7.89547;5.0348
7.58003;18.817
8.05876;6.32658
2.07922;14.1973
10.6439;4.24199
8.00738;7.26338
0.731589;6.40069
0.572513;19.126
9.84435;1.3761
6.5911;19.1952
2.78583;2.32459
2.91408;5.5298
5.92464;16.535
2.6561;2.32387
9.21654;7.7018
10.6764;11.076
5.87843;13.5555
1.79676;4.19725
9.17636;8.39797
8.48979;16.944
5.83383;9.74386
11.1726;14.2251
7.45133;25.4478
3.3928;11.474
0.380249;21.6318
2.15499;6.85984
11.0568;10.983
5.71829;10.7931
0.700584;18.1445
6.05398;21.4871
11.9291;10.2491
3.02913;12.5829
10.9867;10.4561
7.74469;17.6867
8.70188;9.1747
3.98337;5.49404
8.73164;6.83797
9.10113;9.06312
2.90111;1.07017
9.47866;7.10962
10.4778;25.2062
6.44744;20.6583
4.70271;0.359088
2.51603;11.7071
8.54012;18.5683
3.32041;18.3499
1.30035;13.7573
2.27668;0.622009
11.1754;21.713
8.45017;17.0675
2.25585;0.939347
10.413;23.8062
3.58953;16.2807
3.17047;14.0631
8.00807;1.40644
9.77201;14.0528
0.282766;9.14214
4.0205;10.8019
4.38518;14.1625
10.3888;2.00483
3.10654;3.70321
9.39449;9.54825
8.05871;25.2875
4.69397;15.674
9.69254;2.47897
3.11145;25.8882
1.57768;3.30302
10.9359;11.1956
9.03862;4.56374
11.6579;10.9345
2.75547;20.4314
11.5326;6.58284
1.64932;7.69835
8.0237;13.0748
10.0896;13.8937
6.95981;2.59168
8.12164;9.43432
5.60305;9.05742
4.02547;22.3102
11.4145;3.72235
11.4412;5.47288
1.66639;2.20748
4.05042;1.30491
6.18605;2.35958
2.70861;12.6618
6.13573;11.8388
3.27379;12.2813
8.5023;10.6667
9.2214;9.80635
10.9576;15.8405
10.9385;12.8211
8.50718;15.2969
10.2717;4.57215
11.2405;4.97726
0.407237;23.0857
4.01521;25.6715
1.18089;12.3101
0.867225;11.3345
6.28386;15.2821
6.32034;19.4837
0.897191;0.988153
2.45654;9.03712
6.12438;23.7442
9.09409;7.2492
3.48485;17.4454
10.6568;5.25054
1.96914;15.522
9.48343;0.521878
9.27421;18.9017
2.53807;20.9765
7.37883;14.1988
9.52983;18.5461
0.23487;22.527
1.79102;14.1239
5.45033;17.5746
3.5112;13.753
8.56743;12.9301
10.5185;5.83227
4.92659;16.494
6.0376;18.2248
3.6643;10.1712
10.8348;12.2058
11.8584;18.0228
5.8743;19.7873
5.04208;18.2268
6.81404;0.911972
2.96564;9.41173
8.98063;6.93444
2.74093;23.3386
9.71925;17.7477
6.88301;2.66597
2.53879;7.47597
7.19819;2.29081
6.14227;0.270361
8.66989;0.389717
8.53623;0.724079
4.87428;15.9705
5.96763;10.2541
3.68919;25.6575
1.86527;18.9178
8.2543;18.8052
9.15219;24.3099
1.02318;13.2878
2.42046;8.15559
4.90446;0.302694
11.9554;25.5395
1.37015;5.40405
3.23792;18.5647
3.55147;20.3237
8.69312;0.479616
9.56005;11.3303
0.555552;5.27438
0.600346;14.1336
7.167;9.294
6.36511;19.5699
1.02082;5.67541
5.71158;22.0415
1.83936;14.592
4.30582;9.22962
10.4989;19.9556
4.39953;22.6509
8.99775;12.501
0.948437;0.510608
2.33802;9.7498
9.61585;23.9008
4.72127;15.5478
4.2605;11.4331
9.61023;10.5318
11.8;10.3507
9.15039;13.3578
1.8095;22.0376
8.78453;16.2957
8.3442;23.0184
2.25583;1.40837
2.88372;1.63521
9.86029;15.7804
11.209;14.8591
1.05293;0.341054
7.09371;7.34707
4.65732;10.204
2.42211;20.3203
11.8855;14.479
2.65541;20.574
11.5435;5.32006
2.27292;18.8366
8.62053;8.84523
6.86504;11.711
11.6035;6.95336
4.02896;4.02853
3.85926;14.9775
2.61403;3.7257
2.19594;3.94984
8.57759;7.03921
1.98041;7.95449
6.63983;14.3818
8.38086;19.6342
4.01632;17.9103
3.74454;14.4554
5.762;7.12398
9.12714;17.409
11.9818;12.4533
0.117334;14.8349
11.1527;25.3951
10.0561;6.89367
1.58014;4.14996
10.0944;9.08738
3.63492;0.629008
6.01718;0.460445
3.53918;17.3281
3.88381;22.0545
2.63533;0.573455
7.24094;14.4119
8.53098;23.8019
1.32338;4.96813
2.27346;22.6428
10.3279;4.88647
4.19819;22.6313
9.10216;7.26034
10.1661;15.5096
6.53262;25.4501
9.07363;10.0252
3.94038;1.53518
4.91731;21.5747
0.921058;18.3224
5.95515;10.4106
6.63549;18.6127
5.06954;4.06559
3.24212;3.46781
0.861902;9.89192
3.89351;6.79329
3.01602;4.81307
5.39066;15.6308
0.666654;5.4011
10.5651;23.4709
9.65108;11.0451
10.5789;14.5702
9.72475;5.45847
7.43325;5.72446
0.476849;18.101
11.0985;13.936
1.15918;12.4237
3.02248;13.4956
7.61046;13.5733
7.82925;18.3568
10.8301;25.3993
11.6077;3.99992
1.94418;10.8298
9.06033;5.65682
7.4912;16.5219
1.44355;11.1416
0.723229;0.0486769
11.867;22.6373
2.54176;15.8172
1.09004;6.54032
3.65454;0.408602
9.45061;10.4297
5.92262;1.02501
11.0424;3.32168
6.73768;14.8887
10.0054;12.0635
6.59446;20.8286
7.4139;18.5004
2.61157;9.69417
11.1495;21.8893
0.0997026;1.28492
3.24505;1.78302
0.615505;6.74275
11.2709;6.84074
10.4123;0.782068
6.17587;4.47809
0.54954;7.85737
6.88053;14.023
4.09956;12.8331
8.00524;23.4807
0.794677;13.0232
4.40502;16.0098
3.62387;25.6077
3.92779;13.5101
4.29315;6.66743
4.33821;9.51785
3.67032;16.4304
5.21579;9.28594
10.6953;9.72118
7.44308;19.7331
4.84765;3.50773
11.1744;11.6939
5.24543;13.119
11.8694;20.2475
11.9779;17.0616
8.18224;1.67392
1.88529;1.2724
8.16172;11.9365
0.406181;0.193941
11.7446;10.1819
3.16679;8.84609
9.09219;14.8137
11.6661;5.00061
11.1229;22.4497
6.79467;14.2263
7.46896;25.225
8.18496;14.3939
5.03952;3.09919
0.698274;10.6359
10.7754;1.46505
0.783477;15.0749
1.44876;5.78233
7.54489;20.8227
8.17793;17.2273
9.69999;17.1655
0.650401;1.87802
0.00533591;21.1089
7.70388;25.2881
0.0505629;14.7914
10.0328;14.8313
1.39281;11.9205
6.48757;20.7518
0.145105;24.9754
11.0082;1.82732
4.43597;21.1977
1.51956;11.3088
4.74118;6.43135
7.88821;0.619818
0.578792;8.80997
8.23714;22.2707
11.9887;19.2563
11.1456;25.987
6.63013;14.8405
11.6654;14.4748
1.67624;21.0128
1.52593;6.64962
3.19996;17.3626
0.64683;7.24765
7.54058;25.2525
4.18845;25.9492
9.43856;12.3673
5.196;4.72277
8.67632;2.34913
2.46581;20.0527
5.15035;23.1897
7.53389;11.1345
7.59048;14.4721
5.13302;4.81132
1.52889;10.3966
8.9013;6.94445
2.49665;22.5923
6.27419;12.3427
6.44072;14.9955
9.04168;4.29282
6.57602;2.66527
1.95786;8.69824
6.93813;15.5
6.19431;7.8313
8.23807;18.7636
0.869558;3.00825
7.36307;18.2075
6.52744;6.39936
3.0829;25.2643
5.17416;9.9922
4.4589;4.49683
7.81692;15.0704
0.502685;4.53072
0.652158;15.044
9.01212;21.0033
8.92471;7.7743
10.924;23.5789
7.60271;12.7012
6.03642;3.89355
9.47654;4.92806
10.4571;22.4165
3.66292;12.6105
6.74955;22.0791
8.77376;21.3036
9.85083;4.2205
2.44423;5.00441
4.02338;22.2325
9.26528;9.80648
0.352245;21.4878
11.4695;20.2895
7.61127;18.1874
0.952506;14.1597
7.27674;18.5363
0.397323;2.84519
10.3522;21.3934
3.58765;19.087
8.21996;15.7096
2.6296;6.43393
5.44093;24.7073
0.801946;7.13214
1.35128;7.03337
5.60149;11.6451
1.50731;6.21132
9.90073;4.02904
0.784198;20.3021
11.2239;18.1902
5.76438;0.382269
2.9307;2.25576
8.73165;7.21072
2.35428;15.3484
1.20189;12.8742
3.89328;20.414
1.19251;14.1329
0.391352;14.3724
5.92623;2.58548
9.92519;15.7679
4.43947;7.64114
0.65217;12.8847
6.39344;22.8646
7.80634;15.5516
7.9231;15.2322
3.57311;3.65619
7.2067;14.0916
2.72859;8.53309
9.83183;11.0129
11.0222;23.9064
11.0248;6.31696
8.45557;0.470843
9.43839;19.1683
6.85075;7.29001
10.0402;10.3479
10.6421;5.37266
8.30262;24.471
8.42647;5.84146
9.8472;9.1711
9.8737;12.5023
11.2631;3.13475
7.45776;14.0179
7.95062;22.0704
10.4081;12.5286
3.26923;20.4325
4.81617;4.97041
0.345893;2.75543
2.51135;21.1993
10.1187;20.2845
1.1489;17.6776
2.13803;25.5472
10.6386;22.6214
11.0853;15.3076
1.13671;19.3538
11.2978;23.8559
2.70283;22.882
0.457213;22.0146
5.03071;18.217
8.34694;7.45083
2.19028;25.1684
0.86922;15.1806
1.91021;2.63274
8.27818;9.58003
10.9994;13.8598
1.78365;0.321314
2.5557;8.49697
11.9393;2.58757
2.36233;23.8868
8.25929;7.58125
7.9572;16.3738
2.50944;23.0967
6.11807;6.42776
8.82061;24.1557
11.3745;11.1964
2.58762;3.39031
4.78373;7.48983
8.5712;14.5035
4.67196;10.507
11.1155;7.95459
11.2462;1.94812
3.81965;3.90416
4.82081;8.14446
2.99618;15.5635
2.78365;24.3869
10.6822;23.2718
6.81262;2.58185
9.40087;2.01649
4.15828;13.4799
0.079466;7.65432
11.389;5.7787
5.09752;9.04101
6.12393;3.61558
10.8667;23.3911
6.51811;21.6281
2.46724;12.4894
10.8813;13.6216
7.56625;8.02131
10.0459;22.8853
10.8853;1.7973
9.81791;20.7295
11.5704;10.0328
10.7591;19.4377
5.56122;6.32094
3.19273;12.2215
6.45012;5.59383
8.30777;25.0199
6.75454;5.2687
1.21637;12.1794
1.2276;16.758
3.60345;8.00548
1.49881;5.38369
9.98173;19.641
6.18692;17.3931
7.62749;10.9898
8.85712;11.7984
2.63966;18.2596
10.0759;3.0306
5.39873;7.88049
4.3161;18.6148
9.27783;23.3268
11.1732;12.1021
10.3139;12.8435
8.01731;24.9822
11.549;20.0306
7.26471;6.83036
0.939741;18.9876
5.63726;23.6632
5.82858;25.6191
6.94907;3.15482
4.89638;8.24674
6.90147;16.3281
0.233676;10.7844
8.93478;12.2035
8.61455;2.71024
2.22386;12.7668
0.0170962;3.02703
11.478;22.3837
7.32486;16.2398
9.86118;14.8934
4.7402;11.1061
10.0264;12.3065
1.88941;7.93784
4.60141;16.7223
3.4878;25.026
9.17406;18.1657
3.35666;8.83032
3.92023;7.77907
9.05294;1.85253
9.22275;12.2796
2.10589;24.801
11.5599;4.59981
0.8437;23.9154
0.453943;17.6985
6.53317;22.3494
3.04245;24.4256
3.44102;2.31575
4.95331;11.5493
4.73243;20.7019
1.04842;17.8105
9.1052;22.1487
4.60441;1.00071
2.29801;18.47
4.0522;24.5937
9.37965;2.76239
5.01844;24.8853
0.721559;9.91969
1.60853;3.39139
3.61619;4.46869
9.73382;21.9903
0.377595;1.68191
9.42272;8.27366
1.84508;5.14808
9.14904;14.2513
11.9308;22.0945
2.79773;19.5779
8.41993;16.038
9.49783;23.2222
3.92677;3.35841
10.0689;2.83056
2.82499;6.6892
0.791952;7.68418
7.66564;5.20104
5.1118;24.444
4.46295;6.16552
9.43118;10.4879
3.62189;14.8501
8.65916;11.8451
9.22995;12.5844
0.0444685;19.8482
4.00564;6.15809
6.19668;0.922072
10.2443;8.00477
11.1435;4.70404
5.24455;19.9602
3.47751;17.484
0.299709;9.2505
11.6161;17.2583
6.66994;10.2437
7.24718;24.1213
7.5735;10.1364
3.97344;24.2567
11.5323;1.37062
4.66236;18.9848
6.44079;10.1981
5.92292;22.6339
7.54903;0.259127
10.872;12.5523
3.81411;21.7003
7.96445;19.6271
7.2279;24.7909
5.12819;16.3098
3.71142;10.2792
3.49296;22.4929
9.47215;23.2703
9.51425;10.9322
3.41849;3.22333
4.24105;6.39331
2.12029;19.2907
11.713;18.549
1.61024;12.2111
7.00751;19.8451
5.75548;12.7389
2.95262;20.7341
3.89502;23.6537
6.62825;24.0997
10.359;25.4723
6.65053;4.48598
4.5007;21.9776
0.451812;4.27449
8.88362;21.5931
7.01849;0.654583
11.4538;24.3957
3.25287;3.41042
8.16295;6.42599
10.1351;21.1752
8.60173;11.1423
6.93246;5.10729
11.0221;21.4177
11.9268;6.3205
8.80215;14.2026
2.04008;15.5159
6.31148;18.8296
9.23163;23.4264
6.83409;20.9808
0.785022;8.05505
7.64951;16.9076
4.01983;15.3904
7.06306;15.7575
8.6773;6.98969
10.2385;14.7602
0.999201;14.8206
11.955;17.1853
9.19748;23.7839
5.81674;19.7693
1.89433;5.67427
3.67933;8.52455
9.78008;21.6468
0.625013;15.192
8.80299;16.1614
4.69516;20.774
11.1768;0.74678
5.39153;6.92608
7.44793;0.984934
10.4694;8.93801
3.68059;18.8671
10.9377;10.1396
3.54817;23.6008
0.611455;1.61557
9.86987;13.9278
9.86993;25.4891
9.04709;3.35673
3.6986;14.7922
11.5401;9.36784
1.83887;18.0766
11.7827;14.1571
5.93106;23.7457
6.8787;24.5323
2.1562;5.04103
11.7772;1.35538
6.45187;7.49183
9.33346;11.6773
8.13757;1.9102
4.28222;18.9562
1.62728;4.66286
3.17722;24.9106
1.91629;0.485989
1.04647;12.1656
7.05147;1.27083
9.93851;19.2624
8.92959;21.0627
3.42437;6.19809
8.68078;22.3233
2.18325;23.4801
0.629699;4.24758
11.4625;15.3434
5.41819;19.058
0.47109;3.3708
9.67764;10.2988
10.3048;24.494
6.9054;3.21098
10.8021;19.1137
1.70629;25.672
2.43658;18.9751
0.435146;0.812686
5.6481;20.2903
10.0963;19.657
0.225395;14.6837
7.37554;5.21872
5.61408;17.3447
4.36906;10.9994
3.0868;21.2057
1.87264;7.70877
11.343;25.0256
8.3112;20.9035
10.8552;6.9693
11.1298;20.9242
0.0382872;1.81149
9.50594;5.36221
9.59383;21.539
2.84995;7.02418
7.30583;2.05025
0.314399;16.3177
7.72337;16.6615
9.93987;2.89782
3.69517;5.00268
6.41408;14.6943
0.0961811;17.9546
10.3399;24.7849
7.837;14.4107
9.08697;14.4998
9.86767;17.803
4.34953;21.4629
9.05282;4.02019
0.380824;14.4011
11.7966;7.00001
9.88858;15.3885
4.17704;22.1065
2.63361;25.7842
5.89292;1.24254
1.23787;20.7742
2.88241;16.5792
4.37007;6.45361
3.93867;5.87153
2.41778;25.5139
9.36101;24.927
6.46786;15.6621
7.7215;23.4377
5.13464;10.3444
0.672865;11.9502
11.421;1.01709
8.74624;20.1707
7.57182;2.00044
7.51254;22.1118
0.82369;3.04517
10.7789;4.4667
10.9936;3.59953
9.7135;7.28785
4.63991;3.57971
6.07356;15.2917
1.42784;7.44156
6.56244;17.1073
10.6632;4.94855
6.71309;8.22875
7.05827;16.0029
9.31335;14.0384
7.85538;13.1291
3.78881;7.4256
6.98286;24.4863
1.63263;16.9142
0.706816;0.891686
9.8681;25.3508
2.07287;16.4268
3.06399;14.5443
9.23378;19.798
1.77046;23.1002
0.572118;18.0546
6.55731;24.3433
10.6168;2.75254
3.03325;12.2961
8.65636;0.750948
0.154368;9.77543
6.40617;8.54355
7.93894;3.00957
3.24453;20.7384
9.19558;8.56125
9.98312;15.3046
3.65172;0.121307
2.64529;14.5507
6.76876;25.738
3.85327;18.5017
10.5407;9.58833
4.87213;11.0457
3.66075;7.55946
6.3684;14.5037
9.1641;6.55364
7.04058;20.19
7.53649;3.13464
1.26165;7.5301
2.83579;9.76339
1.047;0.0679664
8.45753;23.8986
7.09505;0.236694
11.0861;21.1041
6.82496;12.6856
9.61941;23.1361
2.39411;17.6802
3.1036;15.7435
1.2581;14.6561
10.7552;16.5241
1.45834;17.1585
10.6513;18.4143
5.2378;13.4068
9.94569;14.0821
9.66318;1.6932
11.0056;23.2054
0.812844;16.1702
9.74031;17.1338
7.57239;19.1239
5.64824;5.19425
2.6813;7.07992
1.07557;10.9967
11.4278;9.05488
0.341644;1.48601
10.9435;24.0432
8.31235;0.870716
7.0162;15.0878
8.9008;0.550317
1.15135;14.834
6.75344;23.4315
7.62796;12.478
9.52471;18.2884
1.22221;15.7409
4.3487;19.055
4.09143;21.66
11.192;14.6742
1.2646;0.579629
11.8481;1.50009
4.44669;0.411184
1.3782;7.34548
11.2866;20.9962
3.79209;13.6562
4.65416;1.50125
6.55683;12.5786
7.53937;2.83892
4.62003;6.86255
7.06933;4.64694
11.6081;17.965
9.40976;8.57313
5.08615;3.25258
1.95377;9.26921
8.27392;6.97313
4.54562;17.5978
3.91072;19.4833
8.31183;11.4593
0.382533;16.4634
2.97948;9.04501
1.90132;16.5395
4.86751;18.326
1.43914;0.881571
9.76842;13.1282
3.57421;10.4818
8.20392;6.89507
1.1293;12.163
7.13917;13.4668
7.11487;19.7014
10.4935;7.34239
0.311309;6.58486
11.5109;9.14773
0.0314781;16.9492
9.51095;0.897025
3.42117;1.06259
4.58863;11.5321
8.12406;20.4883
1.78064;20.7203
9.86302;25.023
3.62238;3.11399
4.38682;25.6236
4.61957;11.9516
5.43998;25.4773
11.7316;1.20217
8.85168;22.1544
3.94364;19.8531
1.26428;7.48474
1.38502;2.80747
11.2772;23.6079
1.70977;5.84642
11.3864;13.6465
8.02083;16.2726
3.75454;21.2365
5.07365;3.50472
9.35054;18.8414
3.05479;3.76428
8.52232;16.6278
7.25348;4.25165
7.4331;15.1343
2.51715;9.28368
5.21016;13.9984
1.44776;14.0279
9.91528;6.13769
7.77019;19.917
1.72874;20.5399
11.8908;2.41612
3.77836;17.1419
8.62558;16.3213
5.71311;3.68167
9.15046;6.63791
10.3953;0.444709
4.80101;14.9881
7.87961;0.118057
8.87989;7.17752
7.03953;24.6936
7.59748;0.541004
5.85782;19.598
6.72413;8.17506
11.878;5.40436
0.965564;3.48132
11.9743;1.85547
2.72189;8.1307
8.76801;24.5862
11.2855;5.37577
1.04671;18.278
5.54477;24.7909
8.64124;22.4159
6.35956;9.79517
10.4003;7.0188
7.83355;11.7862
2.63648;7.4339
5.6895;18.4043
0.476269;0.896195
0.267408;0.767623
2.90795;2.67144
1.96105;6.24482
2.08934;10.1464
6.63486;23.5243
4.03042;12.8275
1.33848;11.0004
2.35637;14.9137
4.5191;23.8282
5.22904;23.5704
3.51846;7.8635
2.11811;24.596
9.06911;10.3016
2.78304;5.97699
1.2489;7.06184
3.17224;3.28533
3.6136;13.1737
2.74928;12.0784
8.96241;10.4837
10.2576;7.79408
3.69598;4.95735
9.51765;10.908
7.36514;25.7271
11.9177;25.7492
10.8716;11.1513
10.7629;5.17855
8.77605;1.90888
1.74211;12.6645
5.63562;9.8045
8.60378;14.9165
7.78446;25.5147
8.40083;24.6958
5.8562;24.1586
4.97271;6.107
3.98873;6.99898
6.41588;16.6502
5.51831;8.52266
0.719166;1.91413
3.80756;1.3799
0.767689;5.80494
5.78363;24.983
5.0693;5.54598
0.411619;14.7581
8.40485;13.1023
11.3366;10.852
0.931754;15.4289
4.78464;20.2206
6.5191;23.0552
8.48268;24.8989
1.45946;1.02139
2.72211;17.0632
8.15612;17.8542
11.8089;19.2298
9.12386;7.83562
9.51217;21.4317
6.29564;7.14088
9.42214;24.624
5.85547;21.3065
6.17636;4.89736
3.881;11.9447
7.26895;10.4276
0.633968;0.116101
2.14533;15.4983
10.6944;23.0274
6.64487;0.333416
11.0994;20.2951
8.02922;15.7204
5.60739;16.9825
4.13084;5.9177
11.4545;3.55984
0.622794;12.4587
4.9388;21.764
5.11512;23.3876
7.8787;24.4649
1.05459;25.4794
4.80442;18.0343
4.57245;11.7832
8.37712;14.5552
0.591453;15.3217
5.34581;15.6787
7.22543;9.63134
4.60331;7.05176
11.7008;22.1232
11.0928;8.30185
0.941944;22.8525
5.47463;3.39027
4.29747;22.5624
11.6097;20.394
9.20769;16.2248
8.70408;22.2349
7.24808;3.26841
6.58582;25.6112
6.94688;6.4197
6.53832;16.3331
10.0345;25.7489
2.77466;11.3965
4.32936;15.9856
8.51458;8.73199
5.58867;16.4826
7.86177;14.1497
6.15463;2.89553
8.09535;22.6462
11.7498;16.6942
7.8647;19.4079
3.1934;9.89901
7.21979;22.6232
6.07727;3.91215
10.262;2.21901
4.76855;10.4007
8.5625;6.07325
4.68446;24.5638
8.06296;19.5299
6.71513;9.918
1.04397;0.658223
0.184877;19.2958
6.8344;13.7356
10.2421;6.3478
4.79161;21.6492
10.6348;1.42199
6.94946;3.96105
5.22508;4.70005
0.269657;24.4884
3.97487;22.8186
0.32651;18.9441
3.332;19.2595
11.5465;17.369
8.22617;16.4871
5.03028;6.37281
0.186955;13.1609
3.24509;0.805636
2.97999;21.8389
6.71134;2.64795
1.00925;24.923
11.2141;25.2287
0.159249;13.3544
1.4722;11.666
8.3328;3.77403
4.68668;0.666616
0.273528;10.8619
9.05108;7.81198
1.9022;18.628
11.622;21.9448
4.20695;10.0799
1.06966;9.52013
10.7265;9.34862
4.76574;3.69747
2.39424;24.867
2.92865;7.37423
10.98;4.6426
3.04752;24.1351
8.30629;9.79272
4.5236;10.0514
6.26158;19.9556
4.94676;14.1594
2.22347;4.32866
10.1406;8.93895
10.5954;21.1524
2.25403;6.07172
2.41491;7.20132
7.19624;2.47312
7.63844;25.9176
2.84796;21.7375
11.4391;12.516
1.43617;22.5747
7.91936;9.71465
9.55835;9.15556
9.0034;4.5109
8.86473;7.07412
11.2922;3.9249
9.80008;3.28403
3.80933;17.2049
5.64137;5.21021
5.70335;17.1067
5.20705;17.5895
11.2191;0.873784
9.25969;14.858
0.365264;0.233251
4.89021;25.576
5.88427;13.7072
10.2234;3.90786
10.8101;16.8605
6.02927;16.9292
9.86371;6.27034
11.0784;19.8379
4.7055;19.2368
10.6716;18.4488
4.81924;9.34487
10.9195;22.7989
0.208424;8.94094
6.64084;24.7596
4.52987;8.45115
6.28505;10.6061
4.00819;24.2131
4.69946;21.4337
5.50163;6.33286
11.6961;9.34201
10.7046;12.4049
0.125163;18.5647
8.61937;24.2745
5.72426;2.87054
8.08213;9.52446
9.83969;1.95299
8.70892;18.9783
11.424;19.3209
0.885827;13.1404
8.34486;11.734
9.96534;5.69814
10.3108;4.27598
1.80517;6.52232
11.866;15.8314
5.93316;25.0512
11.6185;10.0485
5.28744;25.4446
1.20609;4.1314
10.9473;15.0158
3.23166;15.2304
11.3263;2.32127
7.93078;17.4096
9.83059;15.9353
4.95253;23.2189
1.41956;2.81102
4.13212;24.6673
3.9273;5.29308
1.35842;12.4204
5.45326;2.65289
1.03927;24.6706
0.786486;1.42516
4.02419;13.1602
0.401426;11.3323
7.98072;24.5888
0.160639;24.2935
6.3781;24.8883
0.283746;5.00256
7.52208;21.9144
9.66362;1.02831
8.83076;24.0136
1.772;2.08624
10.4681;12.3485
3.40584;25.6241
11.4318;19.1947
1.05091;1.0206
8.24553;3.98103
1.12881;0.584398
7.91132;3.31552
5.50001;8.43276
0.878931;12.2647
3.10443;15.7236
5.14755;7.34105
9.5659;1.45085
1.50252;15.664
1.14423;22.3888
6.3127;6.31849
11.2962;10.3584
8.61553;5.85434
4.60728;17.4358
11.5611;12.2594
8.51835;16.9144
7.49559;20.9022
8.07636;7.38164
11.1774;3.41547
7.29895;0.122052
7.23702;22.5407
7.31336;0.83322
1.79156;10.5717
1.05419;7.13718
0.108784;4.76323
1.62736;13.9132
5.11464;2.00096
11.2023;3.74871
3.62552;8.25402
9.77748;6.90438
9.46774;13.641
10.9933;10.7539
3.94299;15.3175
8.37024;6.76085
8.646;7.94991
3.17672;8.41321
2.07258;22.7285
4.26758;8.37231
3.36934;11.5305
7.15822;7.53594
7.52018;19.0354
9.89961;1.37545
9.70911;19.7207
2.365;2.8917
0.911428;0.308694
4.52127;22.4882
6.4383;7.61483
3.34249;22.4928
10.5842;25.3776
1.50169;15.6654
3.38192;10.1366
11.1132;11.8181
3.16849;7.32501
9.31864;14.1653
8.70254;9.69988
10.016;9.14923
1.26245;17.1504
4.85755;23.7717
5.01746;15.6488
0.306187;12.8459
7.36502;10.4595
4.30805;3.90719
8.34199;16.5762
0.184615;15.0067
7.36328;3.65365
2.15633;23.2813
6.36471;2.75063
4.1997;20.6553
4.6503;3.28975
4.07104;2.93115
5.99521;4.52185
5.57556;15.7249
10.0026;22.6051
6.22922;6.54343
5.65565;14.16
8.94893;2.21144
11.3629;2.72346
2.82399;16.6938
8.90753;6.51863
2.63101;9.25341
4.6949;10.3726
3.01601;23.9625
6.05686;15.634
8.59282;23.1988
8.73405;1.43838
0.0599963;5.91341
2.75087;12.2104
9.98693;1.63249
4.06867;9.13499
3.7735;21.0694
10.7516;1.56526
10.745;21.9146
1.97941;3.39943
5.81926;23.5884
4.57757;18.3089
3.15774;20.0904
1.23761;13.3765
8.33209;15.8047
1.38946;10.6706
6.00163;21.9343
5.58878;13.1335
0.852774;18.0692
11.6972;23.486
9.09311;8.15933
3.05585;1.87765
1.49016;3.91605
1.58904;0.50948
11.9218;7.73164
1.80411;12.439
2.45539;13.827
2.19135;12.1618
3.65415;7.4294
11.7869;25.9702
10.7234;2.54871
4.91114;10.2376
11.2998;22.7498
10.7867;0.330656
6.83957;22.715
10.9923;8.5208
2.2497;4.43769
4.79929;8.10303
3.85557;13.8414
3.975;8.18434
9.95678;12.5214
9.51847;0.893017
0.160797;25.3713
6.02529;8.26572
3.13877;12.593
3.80118;4.03474
6.98849;18.8767
6.58723;13.6247
7.21225;11.6435
6.44094;4.4456
3.85776;11.772
5.98449;13.2328
7.48141;23.3649
9.84731;24.5635
5.1721;3.94835
3.11437;6.77924
7.60143;1.37115
3.54104;16.8182
0.342651;20.727
11.5772;7.54307
3.37849;7.31978
5.3436;22.4618
0.0906879;25.8502
4.6553;15.823
5.30474;24.0419
9.35475;19.8521
4.52949;7.23501
3.26995;0.0236176
2.12301;2.42074
11.3479;15.8061
2.93958;5.33488
10.424;22.8389
3.09509;4.25758
6.30324;7.44844
11.5314;12.7409
6.91916;6.30469
9.25878;0.569318
1.27684;20.2572
0.193601;12.853
4.6524;11.9131
5.02838;4.34883
2.66084;20.7087
5.34639;12.8501
9.56877;16.1837
7.04806;19.3194
2.76452;21.6399
11.3789;2.57512
8.52865;5.36032
3.15355;6.13576
5.91174;5.81733
8.71231;1.80027
5.59478;12.9374
1.09366;14.8885
3.32057;2.78906
0.803755;17.2748
6.7856;12.6363
9.98013;20.4673
3.39;7.20745
3.37723;2.07734
10.7959;22.5881
9.87542;3.38095
8.41292;20.051
2.74895;10.7067
11.7283;12.7888
7.77346;12.2201
8.58743;9.71918
6.47095;4.72812
10.4569;16.39
9.05383;3.85113
8.85186;21.3581
9.75042;7.88116
3.68972;16.7495
1.0839;15.3394
11.0571;9.6658
8.03849;21.3481
2.88643;12.8135
11.4134;24.4819
3.16823;4.68513
4.24092;6.27586
8.06488;0.0311748
8.53661;10.08
4.50017;6.51637
6.83452;6.40692
10.5722;8.42475
4.73449;16.0854
1.74593;5.38396
11.0615;11.7772
10.2154;0.314993
0.515361;20.0904
4.60652;18.5333
7.12549;16.2347
2.46776;14.1676
6.7923;12.2113
8.70127;23.9053
8.53254;10.3267
11.0476;10.9832
9.41846;7.68685
8.0767;9.21478
6.50482;14.4059
8.14132;24.3518
2.07288;21.4224
1.72421;2.45778
3.32289;25.8693
1.27974;8.31622
9.21217;12.7536
0.392103;9.39825
1.37921;6.19637
10.8766;17.7049
8.49585;16.4186
7.20473;10.8949
0.343967;13.5467
10.0975;21.1519
9.80012;13.3775
2.0154;9.32737
0.823112;22.0062
3.54424;6.27465
8.04397;11.415
4.03035;24.6282
5.20811;11.5052
3.20512;5.24394
11.1964;7.79399
6.75793;1.24704
6.45709;12.208
8.74706;6.39803
1.2123;8.56222
7.98133;3.37192
10.2041;13.1709
11.3187;17.3426
0.253127;2.89054
0.309193;2.33185
11.4908;8.34911
3.97223;16.3254
9.12189;17.3389
6.90166;5.04834
1.31268;21.898
4.75028;1.1029
1.70401;24.9345
1.08459;17.6824
5.1427;21.3019
11.114;13.7692
1.78345;15.3733
7.91127;25.9731
1.17424;15.6649
7.99184;3.09262
8.56406;17.9856
2.5036;17.4522
0.154467;14.031
3.58967;20.0988
2.47842;22.7312
11.6064;8.21404
8.59812;9.43939
4.30013;22.3213
3.86486;11.6669
6.46321;19.5164
3.21637;12.084
3.36255;10.8329
0.672598;24.4266
4.9874;4.00147
6.50379;2.12167
3.2742;6.64702
9.28026;12.5186
11.1227;20.4419
0.253635;5.8769
6.71109;5.91945
1.20375;13.6878
6.52315;21.2374
10.6741;23.4504
8.10398;5.50104
4.20799;5.56225
11.5465;16.0861
8.14443;6.30294
0.424168;19.1036
2.18287;11.7251
10.6639;18.8211
6.3908;4.19914
11.7545;7.95396
7.71586;23.5674
1.10578;17.2672
1.58968;16.9366
10.7016;6.05242
2.13431;11.3202
0.595288;1.75154
4.04797;18.8484
3.34734;17.8879
11.2665;6.26998
3.68031;16.0569
5.80288;8.89305
4.22793;17.3025
9.51605;6.26555
4.67243;8.46482
4.82985;9.59173
7.5779;1.18239
3.30422;18.8146
8.51522;10.6034
4.50055;15.6363
7.68732;14.3755
0.441465;17.9456
7.44327;9.72711
4.98188;23.3797
0.745397;9.20474
1.68445;9.58904
11.6592;16.2226
8.53019;8.42219
3.47309;13.1002
6.77896;17.6486
9.95308;25.1524
0.572469;11.9838
0.154527;8.39948
2.21466;18.7844
8.77058;14.5496
3.88651;9.65877
1.35008;9.37728
0.740497;19.0523
8.81741;12.3985
7.58396;20.7194
9.97071;20.0816
1.98852;20.8649
4.75574;22.7905
1.51712;17.8291
4.56495;17.9748
4.37435;5.45574
7.90488;10.7181
8.04901;17.4621
8.82351;22.238
4.72915;12.1205
4.97889;18.6673
10.052;13.7128
0.943632;23.3837
3.12232;21.1489
4.51484;23.197
7.32385;5.38537
7.9747;20.1768
0.115506;1.58262
7.83108;3.53735
8.95928;0.858065
9.92869;2.88953
2.91406;12.6394
6.28045;23.7533
1.89298;6.72524
9.22675;14.348
8.69804;4.77889
3.23779;14.625
8.53462;9.05975
5.54248;25.2567
1.94247;21.7909
10.3632;20.077
0.542882;13.7322
6.57868;1.42651
7.06837;5.22115
2.29101;8.72656
2.80579;0.476021
5.36127;12.393
6.05328;25.2237
4.68293;17.2169
2.74567;4.13764
2.56839;24.7947
4.11532;12.5801
6.19372;1.4082
9.98761;25.4284
0.306878;25.8485
9.79353;23.1186
9.19639;22.3956
5.00803;8.17933
10.9948;0.165519
6.18484;2.78592
4.10403;19.4797
1.50551;20.5082
2.71049;16.3774
9.10702;16.0191
3.50504;25.6808
9.3031;13.1591
11.2964;3.07325
11.8796;11.8953
2.06836;21.379
5.22633;5.14635
9.7973;6.54302
1.04534;15.153
1.35627;13.1156
10.7688;0.76064
6.12976;10.7328
1.63687;22.1732
1.94424;6.80849
7.6991;10.0852
10.7012;10.4133
0.0481399;4.78012
4.65882;20.261
8.27964;8.56966
10.7697;17.6784
9.44535;1.81571
6.02649;5.78864
3.21326;8.28487
5.69154;9.22697
10.8175;15.2702
10.312;20.7702
7.39887;9.62377
2.53985;19.5774
2.67554;9.71552
0.178123;22.4784
9.13881;23.5718
3.18077;19.9051
1.0855;16.9858
6.53819;20.2911
11.7948;11.5003
5.52441;20.0204
6.14587;25.0269
11.9118;20.2781
3.37468;12.1407
1.61773;4.74968
0.651192;25.8477
11.7784;17.4418
4.37145;5.02288
5.0858;15.2685
6.80234;11.4052
5.42163;8.53915
4.14322;18.6385
1.12809;11.3289
4.44198;16.6103
2.59386;9.17973
0.974126;17.5896
1.47696;15.4267
7.66916;3.00909
4.47913;23.9283
6.9922;13.2099
1.23599;16.5607
6.02657;2.19786
3.69345;22.529
3.33265;19.0217
5.44501;21.9591
2.04318;23.5444
2.07613;13.4039
7.46903;6.94249
11.4151;25.8072
10.8705;4.35277
4.14781;25.6634
10.1272;12.187
6.96462;12.5588
7.01359;24.7948
4.84022;4.34587
5.54061;13.1651
9.64918;25.0622
7.09062;2.90903
9.96519;22.5837
10.1219;7.38877
8.55825;0.357651
2.27684;23.0412
6.35147;21.116
1.83861;12.4943
9.65689;1.53641
7.77555;3.91018
0.553742;12.7894
7.42948;16.2898
11.6992;5.29331
6.96212;9.83535
4.44885;1.08924
10.6156;4.54573
0.0699017;12.3635
3.44066;21.7427
4.1295;3.38552
1.4453;1.49012
1.72762;8.06462
11.3221;17.5047
1.468;2.51495
1.84566;24.1039
1.86986;20.846
0.929587;5.25114
3.524;18.1113
9.94197;6.98353
10.8021;10.6255
7.76256;7.04379
5.40681;13.8194
5.34901;11.8662
0.0844019;19.0443
3.51181;9.13011
10.3522;10.7404
4.90165;0.172959
8.67924;9.15153
8.15891;21.9857
5.38453;21.6766
9.27213;15.7178
7.62579;22.1037
9.67799;24.1579
6.56078;16.5099
2.37295;11.6196
0.52404;21.9603
8.61388;12.8502
4.51369;4.25292
11.4076;9.96253
10.7526;6.32529
8.81199;19.727
7.87647;3.71287
9.18459;9.87069
5.93742;11.5776
2.70294;24.5309
3.34808;25.946
6.57633;23.7767
10.1768;9.2177
10.1237;10.2647
11.8743;1.07598
10.1005;0.863023
10.6321;14.5478
6.32917;6.81592
8.67723;12.4296
7.7439;16.0979
8.65609;9.87109
4.53455;9.82054
6.26952;3.72481
9.08826;0.448366
7.06265;25.5476
11.5289;22.5566
11.7663;13.228
9.38459;21.5433
10.3595;16.2679
2.68062;22.1733
8.00485;1.69236
10.6321;14.3801
7.49544;10.7495
9.78279;9.04079
10.698;11.9745
11.6025;15.9339
10.0826;8.96353
11.8867;9.42955
5.85616;19.4457
4.55904;1.99074
8.76613;8.85716
11.3295;18.4869
10.1931;18.8806
6.47546;18.5308
4.22237;19.8382
6.78649;0.492317
9.93717;11.7403
6.8642;11.7707
10.3799;10.0685
9.60528;19.6689
10.1737;19.9501
4.43205;17.8886
1.34475;9.35722
0.608356;15.602
1.29364;11.196
8.11971;21.7962
9.25531;16.14
6.59217;16.1383
4.16336;2.31321
4.00112;18.1691
10.2237;23.3731
8.61295;17.6819
4.20622;7.53383
1.5935;5.6033
8.12414;24.264
11.6641;13.6453
8.40652;8.87495
2.55408;21.1277
8.41485;6.85194
4.95217;21.0351
8.32983;2.32242
7.76826;12.1011
8.52112;5.11427
1.03359;1.48305
3.42807;10.9085
9.07021;3.57887
3.82232;12.3135
9.81268;17.3952
9.16032;24.7134
10.6147;11.4497
10.605;22.2706
11.5823;15.1915
2.37489;4.62877
4.76275;23.3778
5.29879;21.049
8.49823;3.52867
10.7868;9.24405
7.21376;15.8339
6.62692;17.8693
7.99242;21.7858
1.28206;10.969
11.7068;11.0595
10.7458;20.6255
1.13292;17.1299
8.92564;25.4531
1.19057;16.3163
10.0264;1.6745
2.54208;0.869369
2.9092;15.8271
11.191;17.784
5.01976;16.66
9.83661;8.24757
11.9557;10.9425
11.1145;14.2623
1.29771;15.3983
4.6376;5.5895
0.169547;9.4128
7.68415;23.6499
1.86382;19.1036
6.82145;23.3772
8.56466;17.3594
6.32006;14.2805
8.78486;19.2013
6.99227;25.3371
4.16698;13.397
7.90205;19.9046
1.87246;12.4338
0.993306;3.961
10.789;0.233584
8.41077;0.187924
7.21473;2.27146
2.6665;15.9993
5.39274;22.4264
6.29961;15.7225
7.16772;2.42896
6.04602;8.08682
9.13307;0.793176
10.3234;12.8222
9.22822;11.5173
5.61199;3.02293
11.4989;3.28043
10.5819;2.97133
7.2527;25.0797
3.19954;13.0904
11.683;25.1557
6.12846;14.9452
0.65867;19.0558
2.28205;13.1114
7.14562;18.5936
1.30797;5.01223
9.70272;15.9336
6.04572;14.8109
7.72007;9.46642
0.753729;10.7213
9.68479;13.7924
6.34349;19.898
7.87977;10.6718
10.5551;6.78703
4.50067;3.80169
9.1742;9.06473
1.36493;7.15577
11.0815;4.38447
0.0976285;2.95436
8.07501;15.6937
9.94521;20.3298
9.55658;16.5705
4.73696;7.80498
2.48373;0.990238
7.97142;7.01449
5.40533;12.2551
9.60318;25.4558
2.83991;11.8797
4.67425;3.02251
8.61543;19.879
3.14963;12.5442
1.35865;9.78155
9.09229;0.953648
6.53816;19.9115
1.80369;5.66186
4.43317;25.456
11.9961;4.31112
7.39684;10.2551
5.59205;21.4079
5.19014;3.38751
1.11803;22.9568
7.21967;23.2293
10.3443;21.7958
4.20416;6.54016
11.4546;1.77577
0.19346;5.64248
6.60921;3.3629
7.11878;8.01992
1.99225;3.59004
0.891423;8.22455
4.27011;11.5366
3.54485;9.24353
7.31434;23.707
8.99935;1.96384
8.82225;4.74389
2.46986;21.5373
0.784948;20.994
8.66149;24.1133
7.74912;1.87557
2.14777;15.608
1.68523;5.07266
9.80793;17.9713
3.89333;10.6745
11.9959;12.7521
6.58365;1.92264
9.68153;23.5165
6.21196;2.65716
3.12;3.30698
0.168067;0.258599
2.43268;19.479
2.30884;10.6222
6.9306;6.70321
2.59207;7.78286
2.22302;22.4059
4.45773;9.47004
5.54489;13.3098
6.71202;7.26445
2.43741;22.9783
8.27953;5.27227
4.49093;6.20356
3.32073;4.70701
1.71694;20.6542
3.39884;10.48
11.059;7.72831
4.9563;3.23195
0.557232;15.7411
6.39421;16.2236
10.3589;19.4703
11.0799;1.26088
7.32746;7.66492
4.95273;1.8901
9.68062;25.2736
4.22518;0.255731
10.2701;1.09354
2.55139;5.98224
3.3679;12.7229
4.9335;11.0171
3.4048;18.0534
9.92178;5.3382
11.8993;6.23584
3.95546;0.989046
10.1432;22.4243
7.94432;18.4213
7.33594;15.2192
9.08408;5.77071
10.5619;4.4131
3.53576;17.8588
1.70157;16.8154
8.36054;25.9386
8.26565;23.6425
2.73269;25.206
4.78404;16.6101
4.71838;17.7425
3.99853;5.72035
10.6526;8.44519
5.51824;5.65086
4.35426;7.93316
0.957753;0.646925
0.163598;17.9697
7.32282;20.0366
10.9571;12.7502
11.2845;5.4012
2.12722;2.13648
10.2538;22.7235
0.957729;14.1255
9.3997;7.99592
6.153;4.73144
11.3566;23.5547
10.3726;7.26948
1.51155;19.5546
7.25293;15.2312
11.6333;25.1489
10.6912;1.28063
11.9058;23.5188
8.88476;15.662
8.10253;16.9907
1.1133;16.0052
10.3347;7.02114
8.37309;18.6085
1.72829;20.2168
3.10797;24.1106
1.02125;20.0654
1.31173;0.818698
8.13235;25.316
3.73301;20.8951
8.70954;23.8029
4.67368;18.0762
10.5931;7.29068
8.93391;22.7476
2.21977;12.6071
5.7275;22.365
1.66052;14.8217
5.70933;25.9897
10.0813;4.51191
8.58376;25.5875
11.4132;25.3321
10.9376;0.941392
8.95269;0.54025
0.812349;11.0176
11.9337;9.84827
2.72894;18.7269
3.53129;16.039
4.98605;4.60291
10.7676;4.15991
0.623323;2.13921
7.73863;13.7601
11.3096;20.3648
1.19162;10.8744
9.39439;24.4247
7.10138;12.9526
11.0826;14.115
5.66987;21.7104
6.94911;5.68222
10.2695;16.8165
7.70761;22.1069
0.306813;22.6125
6.8464;8.31589
5.83917;25.637
5.96253;9.98123
1.75241;14.2693
5.59405;20.5639
0.936668;10.6246
6.89018;4.61129
9.92263;9.28324
1.40123;10.8854
10.2627;1.04823
11.5386;8.5206
10.504;14.0568
6.55515;19.0093
2.24919;4.90264
6.9767;5.53801
0.699302;3.95005
6.39411;14.1667
1.65555;0.772713
11.1452;7.3839
6.94249;10.2684
0.89899;17.0715
9.64292;16.8765
10.0074;16.392
0.0737442;24.7188
0.589562;22.3957
11.8925;0.277746
2.26904;22.5256
6.61593;19.1191
7.16996;19.2078
11.0869;4.6511
11.4211;25.5369
3.96976;12.5997
6.32472;12.1882
6.17187;11.8515
9.03326;2.41445
10.2092;21.5199
8.99351;17.0128
5.72143;15.1687
3.41763;12.5562
6.40962;8.68226
4.13163;13.6545
4.13539;13.8681
4.69854;23.2945
3.22486;25.7151
7.61643;5.00893
2.01516;15.248
2.09806;12.9673
0.852798;18.2494
11.6102;15.2201
1.8927;18.7276
8.13903;0.220685
6.57574;11.1205
7.95394;0.643861
0.133497;24.6384
6.09234;14.1768
3.37877;22.1519
0.84521;16.2807
4.62464;12.0115
6.26547;17.0073
5.41225;4.07745
10.1613;16.0927
8.91946;0.56198
1.41234;21.1732
8.68216;2.21555
4.79693;22.9122
9.22202;6.31199
9.5589;7.41393
8.02284;8.21021
7.51299;8.06734
8.00074;9.54377
6.24837;9.12699
8.95175;6.53011
7.63171;6.4933
8.37803;9.7202
9.1098;6.18211
6.3475;8.49691
8.65792;9.32065
8.58336;9.1287
8.57807;7.47742
9.46955;6.17705
7.00237;8.69157
6.48903;6.56127
6.1055;8.51187
8.77148;7.61849
6.57921;6.77222
7.16225;6.82758
9.89921;6.11401
7.35769;7.53092
6.60731;9.73572
7.25112;9.71711
9.91784;7.59862
8.21402;8.57575
6.91927;6.79738
7.70445;9.49734
8.2748;7.174
9.67439;9.27716
9.86557;6.16342
9.83843;9.97107
8.6753;8.60992
7.58956;9.2545
9.38214;8.75181
6.08208;9.28135
8.86582;7.43978
6.81227;9.47313
7.1755;8.06339
9.19024;7.09333
9.66201;7.40425
9.66909;6.58129
8.20163;7.37354
6.07863;6.47643
8.54754;9.75302
9.75359;8.41311
9.91644;9.59203
8.38419;8.59174
8.20194;9.97375
7.84624;7.58408
8.72556;7.92832
6.86543;7.59138
9.3681;7.67771
7.06451;6.54359
9.7411;6.25475
7.63693;9.40311
7.659;7.30601
9.9844;9.86063
8.67955;6.06303
6.33706;7.22709
9.81604;6.09066
9.64021;9.73248
9.68268;8.02439
8.32422;7.88463
7.99814;6.17046
9.46871;6.7237
8.09878;6.33414
8.31508;7.46687
8.01185;9.37959
8.01047;7.75295
9.63434;9.64739
7.15606;7.29334
6.9534;7.14046
7.15398;9.63295
7.20349;7.49104
6.86005;7.01953
7.5817;6.50025
6.75202;7.26438
8.52464;9.07624
9.14901;6.52278
9.24669;8.61772
7.24648;7.34547
8.95187;9.56157
8.81234;6.96372
8.94116;6.82281
8.71667;8.5755
6.4702;9.87273
9.86885;7.42361
7.0132;7.02282
7.05656;8.21669
8.51387;7.9166
9.23622;6.09556
8.41685;9.98824
7.35995;6.9415
9.06447;6.50896
7.46428;8.31117
9.12668;8.71076
9.65664;8.07855
8.27233;8.46898
9.04227;7.21349
9.29179;7.75894
9.789;9.762
7.63168;9.65785
7.1856;8.64487
6.68067;8.24216
6.86156;9.19454
6.15876;6.09778
9.2901;8.57562
6.08602;6.65004
9.51711;9.1505
7.159;6.98139
7.46167;6.28568
9.69216;7.1183
8.36424;7.96449
9.58729;7.40651
9.17799;8.87908
9.16545;8.96698
8.64108;6.79713
8.62483;9.82668
9.442;9.3055
8.06884;6.30356
8.50004;8.2276
6.40135;7.79013
6.80322;6.48737
8.44018;6.32033
9.63787;9.59918
7.30173;7.09953
9.88487;6.99388
8.21784;8.2491
8.95838;7.80513
9.65561;8.13636
6.68421;8.82106
7.10335;9.32529
9.61819;9.72818
9.15196;9.06019
9.03368;7.2208
9.36375;7.53371
9.4484;9.7651
9.32385;6.25162
6.25247;7.76403
6.57195;9.89034
7.36321;7.87367
6.98987;7.24807
8.86756;9.20771
9.49718;7.82593
7.01284;9.15279
9.96229;7.69705
7.97385;7.06564
7.02233;7.59203
6.79381;6.1743
6.65222;9.82749
7.3951;6.01597
7.36121;6.8435
9.78107;6.68505
7.09511;6.03354
8.44908;7.66706
9.92388;9.81229
9.54073;6.91375
7.06036;8.40828
6.12146;6.55754
6.23421;7.1343
9.71033;6.19651
8.83134;7.68418
7.26215;9.85368
9.27621;8.05596
6.02797;9.92843
7.88345;7.42307
9.9444;9.24466
8.26657;9.72547
9.92971;9.36168
9.759;8.37879
7.02873;9.68288
8.19108;6.56946
6.59663;9.25145
8.97775;6.71809
9.80899;9.21196
7.85238;9.51932
9.40847;6.68373
7.2035;6.67061
6.53741;6.47971
8.72657;6.56538
6.40814;6.61003
7.98845;6.35254
9.85468;6.25502
6.07801;9.7844
9.6167;9.83701
8.16319;6.64543
9.51989;6.35427
7.21489;6.11652
9.60572;6.19264
6.83461;9.41471
9.4046;8.68699
8.93403;8.81307
9.37072;6.13752
9.48368;9.90813
6.61723;8.21025
6.47351;7.02537
8.82028;8.46196
7.37792;8.67496
8.71698;7.45592
8.45936;8.33368
7.29294;6.62255
8.97911;6.81283
6.97682;6.194
6.92935;6.58254
6.38664;7.76396
9.99725;9.79124
6.45095;8.93128
8.60431;9.82167
9.0688;8.08799
9.72979;9.68604
6.29824;6.2033
6.71141;9.11851
8.66526;8.08933
7.79348;7.38224
9.54525;6.25283
9.71592;6.83819
6.87538;8.69503
7.65101;7.8522
8.88903;8.58036
8.43474;9.27567
6.34432;8.43199
9.06691;6.79527
7.36327;7.67122
6.61693;6.43207
9.75921;6.34672
6.11811;6.05744
6.55002;6.82952
9.17596;9.21528
8.91884;6.96943
6.59753;8.46409
7.22227;6.31344
9.30228;8.09765
9.00847;6.95329
9.94986;7.89751
9.53366;8.3846
7.17318;9.87798
6.81659;6.24009
6.67324;8.17986
7.91132;7.29018
8.61193;7.67052
7.6369;8.73004
7.72797;8.18692
9.55955;6.90392
7.40221;8.47839
7.87336;7.99973
6.94248;9.09563
8.31318;6.24476
7.19328;7.32165
7.19805;7.14314
9.21916;6.7317
9.52773;6.39234
6.60968;6.34432
6.63243;7.28292
8.52418;8.54375
8.5731;7.13611
6.21427;6.21
9.86615;7.94224
8.39692;9.4257
8.84616;9.79913
7.9041;6.71952
7.79886;8.84658
9.81515;6.11204
9.09134;7.00843
7.43369;6.28939
8.15156;6.65284
7.02109;7.6793
7.04518;7.63077
8.02362;7.67761
8.9137;6.5478
6.22136;7.48679
7.68392;6.43563
7.69679;7.55007
8.37787;6.09371
6.97577;7.22403
9.89284;8.87987
7.94355;7.6917
7.72645;7.75869
7.80374;6.81779
8.76712;9.23742
7.10717;6.91868
9.89027;8.12827
8.59797;6.93545
9.75904;6.62159
8.61306;8.67274
7.1694;8.83442
6.15953;8.85332
9.27006;7.85632
6.40339;7.64792
7.95004;7.37916
8.87195;7.84288
6.25903;6.8155
9.53458;7.98548
8.57419;7.33831
8.80326;7.3413
6.57573;9.91044
8.25998;6.466
8.0387;6.85795
7.40145;7.79774
7.47955;6.01451
6.47048;8.64894
8.84894;6.63001
7.50226;8.11899
8.48633;7.90565
9.76692;6.43637
9.28481;8.63887
8.27925;9.54384
9.45436;7.81382
7.52931;8.02855
9.15213;6.33257
9.36985;9.72787
6.24301;7.62984
6.19387;8.28171
8.48779;7.59532
6.07946;9.96734
7.60983;6.54994
8.61628;6.45877
7.17995;6.11854
8.57776;9.66628
8.02419;8.34468
6.10265;7.309
6.98354;8.3819
6.85283;6.43791
6.19572;8.38215
8.46646;9.34785
8.71472;7.83631
9.07572;8.95773
9.46615;9.26959
7.23944;7.95394
6.86491;7.3189
7.92127;8.47474
7.86884;6.53756
8.93351;9.04878
6.6561;7.51127
8.71506;8.68029
9.85595;8.81772
9.98929;6.83949
7.19961;6.84212
7.2774;7.39533
9.22427;9.74386
6.74318;7.93898
7.58017;9.8189
6.89671;7.04632
9.08849;8.13616
9.00026;9.9534
9.45506;6.92153
8.42814;7.32389
7.45909;7.36165
6.37268;8.11518
8.87292;9.08774
6.79547;8.72886
7.90546;6.78476
9.56835;9.10507
7.62688;6.84575
6.5004;6.85114
6.58961;7.24358
8.79013;8.16978
7.06248;9.68684
9.2161;6.15097
7.823;8.21636
6.10437;7.27806
9.13789;8.53251
8.60195;6.59697
9.89416;8.97463
8.71216;8.76707
8.06237;9.50763
7.49594;9.96783
6.29238;7.06429
9.0729;7.91926
7.91004;9.57331
8.7704;8.49965
6.81689;7.56053
6.66943;7.87937
7.24737;9.88553
8.03035;9.07037
8.10188;8.13472
6.34843;7.23977
6.66723;8.95038
7.83674;6.56139
7.92501;6.5489
9.32847;9.98738
6.05653;6.8244
9.95522;6.34891
7.88869;9.02812
8.26817;9.79873
8.60143;7.03858
8.29839;9.41832
8.59911;8.96782
7.29769;9.84648
8.85335;9.32804
8.91685;6.95523
7.46276;9.26528
8.195;8.13
8.21566;6.03174
8.69139;6.14067
6.58064;8.01986
6.12806;6.63717
8.84426;6.08328
6.98608;6.73295
