0;129
0;1408
0;1751
0;1513
0;148
1;1851
1;88
1;404
1;809
1;295
2;823
2;1886
2;2163
2;581
2;321
3;389
3;1347
3;185
3;347
3;1191
4;166
4;1908
4;2109
4;384
4;472
5;250
5;1083
5;564
5;890
5;1048
6;863
6;332
6;216
6;767
6;2038
7;1668
7;1532
7;297
7;2063
7;1586
8;961
8;811
8;731
8;1242
8;1604
9;956
9;2090
9;1474
9;936
9;1698
10;1696
10;486
10;574
10;1099
10;480
11;408
11;1199
11;193
11;1140
11;665
12;1930
12;496
12;1425
12;646
12;1302
13;1616
13;775
13;1154
13;208
13;1445
14;1348
14;1307
14;960
14;1564
14;1741
15;1629
15;415
15;617
15;773
15;1988
16;130
16;1666
16;101
16;1556
16;315
17;1374
17;2149
17;615
17;1992
17;676
18;1675
18;1231
18;1312
18;259
18;1905
19;1621
19;1527
19;724
19;1201
19;201
20;1677
20;1204
20;1814
20;678
20;1069
21;635
21;765
21;1555
21;1670
21;2129
22;105
22;1689
22;1926
22;869
22;900
23;1087
23;236
23;440
23;1631
23;605
24;756
24;865
24;962
24;1573
24;519
25;1029
25;2078
25;2020
25;1002
25;1688
26;575
26;526
26;1550
26;1551
26;1957
27;387
27;2104
27;570
27;115
27;555
28;1235
28;1270
28;1974
28;1005
28;1007
29;1324
29;191
29;1026
29;1586
29;258
30;1177
30;1363
30;1022
30;143
30;110
31;1847
31;42
31;817
31;1595
31;2026
32;1267
32;1840
32;1591
32;1623
32;1451
33;826
33;312
33;563
33;400
33;713
34;1346
34;741
34;1747
34;2170
34;48
35;716
35;1582
35;306
35;1526
35;677
36;1906
36;976
36;1841
36;1213
36;1838
37;953
37;2167
37;466
37;280
37;560
38;1102
38;141
38;1310
38;214
38;313
39;79
39;1986
39;625
39;2115
39;2028
40;1721
40;1394
40;703
40;119
40;1717
41;926
41;1011
41;888
41;967
41;709
42;1847
42;1595
42;829
42;2026
43;1788
43;1328
43;348
43;885
43;184
44;1106
44;1089
44;1047
44;634
44;565
45;2064
45;1492
45;699
45;1906
45;1518
46;637
46;1745
46;1722
46;1900
46;1898
47;2103
47;1551
47;454
47;1095
47;1603
48;1188
48;1834
48;2170
48;1346
48;1219
49;161
49;1236
49;2014
49;1791
49;1433
50;1545
50;1167
50;1377
50;1311
50;181
51;1568
51;118
51;546
51;862
51;297
52;1893
52;1626
52;499
52;1943
52;525
53;1173
53;416
53;1429
53;992
53;555
54;358
54;1944
54;1729
54;812
54;1786
55;350
55;1817
55;1841
55;1354
55;1213
56;1498
56;760
56;841
56;2070
56;1191
57;1315
57;451
57;1636
57;1496
57;842
58;436
58;1876
58;1486
58;1054
58;1263
59;373
59;694
59;2120
59;447
59;1948
60;2179
60;1639
60;483
60;1277
60;1443
61;1101
61;218
61;261
61;1806
61;894
62;244
62;299
62;1575
62;154
62;2127
63;2058
63;924
63;136
63;749
63;993
64;1925
64;849
64;277
64;1929
64;1217
65;1327
65;638
65;1068
65;1712
65;784
66;675
66;638
66;1421
66;1068
66;921
67;1865
67;126
67;378
67;1588
67;613
68;1896
68;1907
68;1724
68;214
68;602
69;1325
69;1282
69;2029
69;1844
69;446
70;1752
70;653
70;323
70;1790
70;1338
71;1211
71;1025
71;1373
71;1036
71;1791
72;158
72;155
72;540
72;1403
72;2061
73;1651
73;2157
73;135
73;1888
73;1066
74;1734
74;331
74;1852
74;2166
74;2148
75;672
75;813
75;501
75;421
75;1296
76;240
76;283
76;1755
76;421
76;478
77;301
77;1398
77;2110
77;1749
77;2089
78;2178
78;1374
78;481
78;1084
78;1992
79;625
79;1986
79;2115
79;891
80;1750
80;821
80;1364
80;596
80;1784
81;510
81;958
81;894
81;218
81;1486
82;229
82;1942
82;663
82;1497
82;623
83;1910
83;1642
83;574
83;1732
83;10
84;931
84;766
84;968
84;844
84;193
85;260
85;198
85;1420
85;342
85;969
86;654
86;1634
86;582
86;1941
86;152
87;1525
87;1988
87;773
87;1546
87;41
88;404
88;669
88;1756
88;1851
89;1024
89;1378
89;1739
89;407
89;246
90;235
90;2059
90;735
90;624
90;1932
91;718
91;871
91;1126
91;111
91;2052
92;1115
92;174
92;1767
92;1977
92;2119
93;1097
93;300
93;377
93;450
93;151
94;1709
94;1529
94;939
94;1904
94;1243
95;1669
95;1543
95;2003
95;1679
95;816
96;974
96;1555
96;765
96;1670
96;836
97;1587
97;1767
97;405
97;772
97;460
98;1521
98;1869
98;565
98;1287
98;1131
99;850
99;2024
99;1858
99;983
99;944
100;1197
100;1111
100;1402
100;508
100;159
101;315
101;103
101;1666
101;1702
102;995
102;411
102;151
102;398
102;532
103;315
103;1702
103;1666
103;2012
104;1572
104;1487
104;1353
104;1825
104;591
105;1689
105;1926
105;869
105;900
106;2126
106;219
106;1836
106;1648
106;941
107;1817
107;919
107;55
107;1202
107;350
108;1250
108;729
108;691
108;1539
108;1279
109;1457
109;1150
109;1504
109;2010
109;1585
110;1363
110;1655
110;1811
110;143
110;1770
111;871
111;819
111;1537
111;2052
112;354
112;519
112;223
112;865
112;736
113;1234
113;437
113;1119
113;2007
113;395
114;1306
114;1769
114;942
114;153
114;1292
115;570
115;255
115;555
115;2104
116;121
116;1707
116;1366
116;544
116;1849
117;1379
117;324
117;1166
117;606
117;1209
118;1568
118;297
118;546
118;862
119;703
119;1182
119;1717
119;1721
120;1508
120;1839
120;1350
120;266
120;649
121;1707
121;1104
121;1849
121;686
122;2038
122;767
122;6
122;216
122;618
123;494
123;978
123;1535
123;1857
123;1633
124;1630
124;329
124;284
124;2164
124;1913
125;772
125;405
125;1315
125;451
125;97
126;1453
126;1865
126;1121
126;613
127;1290
127;1323
127;1706
127;296
127;505
128;1472
128;1084
128;676
128;1992
128;1383
129;1408
129;1751
129;1513
129;1942
130;1556
130;2177
130;101
130;1666
131;1128
131;1303
131;815
131;385
131;241
132;1430
132;331
132;1852
132;1054
132;484
133;2112
133;937
133;1238
133;1489
133;1833
134;1935
134;595
134;1693
134;1127
134;569
135;2157
135;1888
135;1651
135;1277
135;1620
136;749
136;924
136;993
136;2058
137;504
137;553
137;1135
137;1087
137;445
138;455
138;521
138;1440
138;169
138;1995
139;1206
139;2144
139;721
139;1956
139;883
140;1433
140;1429
140;1744
140;971
140;932
141;313
141;175
141;438
141;214
142;187
142;1796
142;289
142;966
142;1195
143;1148
143;1363
143;828
143;657
144;1995
144;868
144;537
144;1440
144;2177
145;2159
145;710
145;2017
145;1589
145;836
146;1339
146;946
146;406
146;525
146;1943
147;1592
147;762
147;1332
147;1167
147;990
148;258
148;2118
148;1513
148;302
149;2102
149;2044
149;1754
149;883
149;1776
150;1316
150;1963
150;1790
150;587
150;979
151;411
151;398
151;995
152;1941
152;1593
152;1634
152;1181
152;654
153;1340
153;1769
153;1306
153;1386
153;1901
154;2142
154;2127
154;1575
154;244
155;158
155;540
155;1059
155;1403
156;1452
156;1541
156;1071
156;2033
156;1470
157;1156
157;1239
157;1093
157;1125
157;2025
158;540
158;1059
158;1450
159;1111
159;1197
159;1518
159;508
160;1082
160;212
160;1884
160;1517
160;171
161;1236
161;1433
161;2014
161;1399
162;349
162;1404
162;1212
162;336
162;812
163;913
163;1402
163;699
163;976
163;100
164;1314
164;194
164;1021
164;2074
164;1361
165;1086
165;2117
165;282
165;1052
165;1713
166;1908
166;2109
166;384
166;592
167;477
167;444
167;1080
167;456
167;1088
168;1337
168;1574
168;1432
168;1879
168;1153
169;521
169;1805
169;585
169;1536
170;1703
170;1660
170;1216
170;1266
170;948
171;1517
171;1330
171;212
171;1082
171;1102
172;1701
172;369
172;282
172;1249
172;876
173;904
173;1400
173;2162
173;383
173;368
174;1115
174;2110
174;1398
174;1977
175;313
175;438
175;1269
175;2098
176;1426
176;1969
176;1658
176;1497
176;907
177;1789
177;1705
177;1330
177;794
177;1310
178;1275
178;1644
178;1109
178;523
178;452
179;1797
179;1664
179;1572
179;1845
179;330
180;1280
180;2052
180;1590
180;871
180;1642
181;777
181;488
181;337
181;272
181;1225
182;1954
182;1845
182;179
182;1797
182;1223
183;1902
183;1962
183;1187
183;999
183;355
184;885
184;1328
184;362
184;248
185;1347
185;754
185;389
185;856
186;460
186;405
186;1723
186;97
186;1767
187;289
187;966
187;1796
187;1195
188;1804
188;1594
188;1966
188;1153
188;1075
189;2077
189;497
189;285
189;1260
189;1566
190;292
190;2036
190;1787
190;1605
190;1614
191;1586
191;1026
191;1324
191;1395
192;195
192;355
192;1902
192;814
192;1962
193;408
193;766
193;1390
194;1314
194;1915
194;452
194;2074
195;1962
195;1902
195;318
195;435
196;378
196;1588
196;67
196;1865
196;509
197;425
197;1607
197;2100
197;1553
197;1493
198;260
198;901
198;1663
198;386
199;1835
199;434
199;1438
199;1613
199;810
200;797
200;941
200;1949
200;219
200;1648
201;724
201;1246
201;1527
201;1911
201;467
202;2001
202;838
202;989
202;1879
202;740
203;2156
203;1211
203;2155
203;1420
203;342
204;1165
204;1901
204;627
204;1386
204;1259
205;1020
205;372
205;761
205;2006
205;1073
206;520
206;233
206;1812
206;1223
206;1954
207;2082
207;651
207;456
207;1088
207;634
208;310
208;1445
208;1616
208;1357
208;281
209;692
209;1657
209;852
209;707
209;1259
210;2158
210;1524
210;1815
210;1296
210;1691
211;695
211;1391
211;1987
211;1278
211;1012
212;1082
212;1517
212;1884
213;1224
213;492
213;1993
213;1662
213;861
214;1896
214;1907
214;1102
215;327
215;1463
215;325
215;751
215;482
216;412
216;332
216;1606
216;767
217;840
217;670
217;888
217;1781
217;338
218;894
218;1101
218;261
219;1648
219;797
219;941
220;275
220;614
220;1189
220;1929
220;1217
221;1258
221;591
221;1519
221;1222
221;1947
222;1713
222;1608
222;426
222;619
222;1094
223;519
223;865
223;1573
223;354
224;1127
224;1326
224;1226
224;390
224;1317
225;2060
225;1048
225;328
225;618
225;1773
226;1294
226;1523
226;1783
226;2061
226;590
227;1096
227;366
227;2039
227;1775
227;689
228;1746
228;2005
228;547
228;1580
228;1686
229;1658
229;1497
229;623
229;176
230;2148
230;1813
230;2147
230;1544
230;74
231;632
231;1728
231;1576
231;907
231;1969
232;1615
232;1516
232;764
232;1076
232;1502
233;520
233;1812
233;365
233;1070
234;1451
234;581
234;1714
234;1591
234;1840
235;2059
235;735
235;1254
235;1220
236;1087
236;529
236;2073
236;1396
237;2092
237;1265
237;360
237;2044
237;1776
238;721
238;2144
238;139
238;1048
238;1206
239;2114
239;1142
239;257
239;1649
239;1719
240;1755
240;283
240;478
240;1005
241;385
241;636
241;991
241;815
241;1281
242;1737
242;2097
242;949
242;1859
242;1286
243;887
243;491
243;1940
243;1381
243;874
244;299
244;1575
244;1950
245;1298
245;898
245;2056
245;1171
245;1057
246;1739
246;1024
246;1378
246;1671
247;1659
247;804
247;1392
247;1816
247;1090
248;362
248;1038
248;1225
248;272
248;488
249;723
249;353
249;475
249;1228
249;2045
250;564
250;1083
250;890
250;360
251;769
251;1120
251;1998
251;1562
251;2160
252;1458
252;1423
252;998
252;1828
252;1931
253;1019
253;561
253;256
253;1260
253;1917
254;1872
254;576
254;1463
254;327
254;751
255;570
255;555
255;356
255;485
256;959
256;1019
256;673
256;561
257;1719
257;2114
257;2139
257;585
258;2118
258;1324
258;1026
259;1231
259;837
259;1230
259;1125
260;969
260;1420
260;422
261;1806
261;1101
261;1823
262;1601
262;564
262;1809
262;1264
262;5
263;2050
263;1905
263;739
263;671
263;1506
264;1056
264;1848
264;770
264;1893
264;370
265;740
265;1349
265;989
265;2021
265;1162
266;1254
266;1839
266;735
266;649
267;975
267;747
267;1731
267;538
267;1846
268;782
268;1041
268;1843
268;1725
268;1210
269;586
269;986
269;1133
269;2085
269;1647
270;759
270;1543
270;1850
270;816
270;1320
271;984
271;1378
271;927
271;1718
271;89
272;488
272;1225
272;1038
272;777
273;599
273;584
273;2016
273;1766
273;821
274;859
274;2000
274;1882
274;959
274;453
275;614
275;1189
275;493
275;1762
276;1055
276;1216
276;2011
276;1205
276;948
277;1925
277;1929
277;1217
277;849
278;352
278;539
278;1122
278;719
278;1850
279;294
279;1765
279;560
279;955
279;2176
280;908
280;560
280;953
280;294
281;1506
281;1445
281;1357
281;739
282;369
282;2117
282;1249
282;732
282;1701
283;421
283;1691
283;1296
284;1913
284;2164
284;1198
284;1630
285;497
285;2077
285;1260
285;2041
286;2107
286;601
286;1883
286;1114
286;1293
287;1262
287;1395
287;419
287;1699
287;1586
288;1046
288;594
288;2011
288;338
288;556
289;1796
289;1195
289;966
290;1081
290;1411
290;1939
290;2070
290;2145
291;639
291;1868
291;1507
291;450
291;1944
292;1614
292;1748
292;2099
292;793
293;1569
293;573
293;544
293;1394
293;912
294;1765
294;955
294;560
294;2176
295;379
295;1933
295;743
295;809
295;557
296;377
296;1786
296;1290
296;1984
297;546
297;862
297;524
297;2063
298;1138
298;1716
298;1619
298;1774
298;1947
299;1575
299;1950
299;1972
300;1097
300;1786
300;450
300;291
301;1749
301;1398
301;2089
301;2110
302;2090
302;2118
302;258
302;9
303;1387
303;2013
303;424
303;1244
303;1632
304;1667
304;1855
304;834
304;577
304;2026
305;1144
305;361
305;1344
305;1573
305;1639
306;1635
306;716
306;1582
306;661
307;2056
307;1171
307;1300
307;322
307;1343
308;407
308;1718
308;89
308;1061
308;927
309;1802
309;2004
309;781
309;2107
309;1720
310;1616
310;1445
310;1357
310;13
311;1989
311;1000
311;838
311;1574
311;1134
312;713
312;400
312;826
312;1079
313;438
313;1269
313;629
314;1692
314;1329
314;1526
314;1534
314;988
315;1702
315;1666
316;787
316;1032
316;1530
316;1021
316;1690
317;1382
317;1159
317;418
317;2048
317;2087
318;435
318;1962
318;1902
318;319
319;1403
319;410
319;72
319;183
319;540
320;548
320;1276
320;1945
320;864
320;363
321;963
321;1272
321;581
321;1886
322;1343
322;1300
322;928
322;1171
323;1338
323;562
323;2015
323;2028
324;1379
324;1209
324;1166
324;1413
325;482
325;327
325;1463
325;25
326;472
326;803
326;4
326;963
326;166
327;1463
327;751
328;1773
328;1048
328;2060
328;441
329;1630
329;831
329;690
329;2164
330;1845
330;1155
330;1871
330;1664
330;1797
331;1852
331;1734
331;1430
332;863
332;412
332;1441
333;1427
333;609
333;1360
333;1953
333;1807
334;800
334;714
334;1331
334;775
334;342
335;603
335;1676
335;1020
335;336
335;205
336;1212
336;1987
336;1418
337;777
337;541
337;1873
337;1225
338;670
338;840
338;1781
339;1520
339;443
339;922
339;2131
339;1916
340;1169
340;1968
340;737
340;1483
340;1810
341;1864
341;1856
341;2045
341;1787
341;1641
342;800
342;714
342;1663
343;790
343;1113
343;1455
343;1822
343;1305
344;1554
344;2151
344;1915
344;1866
344;453
345;2002
345;1485
345;1313
345;1456
345;1220
346;457
346;1362
346;835
346;1100
346;862
347;1191
347;2094
347;2145
347;389
347;841
348;1788
348;1328
348;2076
348;1053
349;1404
349;1271
349;812
349;1729
350;1354
350;1841
350;1817
350;1213
351;399
351;1187
351;2039
351;999
351;915
352;539
352;719
352;401
352;1122
353;723
353;1228
353;1031
353;475
354;519
354;865
354;736
355;1672
355;1902
355;1962
355;195
356;555
356;485
356;1617
356;570
357;929
357;2084
357;1515
357;2048
357;1996
358;1944
358;1729
358;1999
358;812
359;2141
359;1335
359;1570
359;489
359;2012
360;890
360;1776
360;2092
361;1144
361;1180
361;1573
361;1344
362;1038
362;1225
362;272
362;541
363;914
363;864
363;548
363;1276
364;1149
364;917
364;1918
364;1674
364;1829
365;1812
365;1070
365;520
365;1825
366;1096
366;2039
366;1775
366;999
367;1175
367;1129
367;1251
367;1560
367;1799
368;2162
368;1049
368;1400
368;904
369;1701
369;1249
369;2117
370;1848
370;770
370;2127
370;1428
370;2142
371;1579
371;1436
371;1462
371;2174
371;1759
372;761
372;1073
372;2006
372;744
373;694
373;1201
373;19
373;1970
374;1092
374;1982
374;423
374;745
374;870
375;1499
375;2019
375;1541
375;1452
375;1454
376;1137
376;1370
376;1357
376;1733
376;2152
377;1786
377;1097
377;300
378;1588
378;613
378;621
378;1865
379;743
379;557
379;1079
379;312
380;1821
380;1836
380;778
380;2126
380;1272
381;2037
381;846
381;1264
381;512
381;392
382;1652
382;2111
382;2129
382;836
382;710
383;904
383;1618
383;2057
383;1400
384;592
384;1561
384;2109
384;1908
385;1281
385;636
385;991
385;815
386;1938
386;260
386;129
386;1625
387;2104
387;570
387;115
387;992
388;2041
388;523
388;406
388;499
388;146
389;1347
389;1191
390;1226
390;1127
390;1326
390;1975
391;1321
391;2009
391;1602
391;2123
391;1397
392;2043
392;1311
392;846
392;1469
392;1167
393;1772
393;851
393;666
393;774
393;1512
394;1859
394;1064
394;464
394;1895
394;2123
395;1119
395;1343
395;928
395;437
396;1830
396;665
396;1140
396;702
396;1414
397;1926
397;1903
397;1998
397;22
397;105
398;1528
398;474
398;411
398;535
399;915
399;1449
399;1187
399;2031
400;713
400;826
400;1070
401;867
401;719
401;1679
401;539
402;1317
402;884
402;569
402;1693
402;1326
403;471
403;491
403;954
403;854
403;339
404;1756
404;669
404;1851
405;460
405;772
405;1767
406;525
406;1943
406;499
406;523
407;1718
407;927
407;1024
408;1390
408;1199
408;766
409;1654
409;951
409;698
409;845
409;1057
410;1403
410;1480
410;684
410;540
411;995
411;532
411;476
412;843
412;863
412;2133
413;2124
413;1820
413;1035
413;2032
413;1700
414;1369
414;2065
414;1431
414;1596
414;1488
415;709
415;773
415;1988
415;617
416;443
416;1173
416;555
416;339
417;1063
417;1678
417;2146
417;1285
417;514
418;875
418;1598
418;2048
418;1912
418;1434
419;1262
419;550
419;1771
419;543
420;1154
420;1445
420;1506
420;1616
420;13
421;1691
421;1296
421;240
422;969
422;616
422;2155
422;1919
422;1420
423;1982
423;870
423;1503
423;745
423;973
424;2013
424;1826
424;1387
424;1632
425;1553
425;1493
425;1607
425;1439
426;619
426;1244
426;1713
426;1612
427;919
427;1495
427;1202
427;1853
427;107
428;2058
428;993
428;1028
428;63
428;749
429;1203
429;886
429;1018
429;1367
429;2023
430;1350
430;1508
430;120
430;649
430;602
431;1464
431;940
431;1760
431;1399
431;2014
432;1727
432;1145
432;652
432;522
432;2105
433;780
433;725
433;1731
433;1160
433;1183
434;1835
434;810
434;1997
434;1472
435;1780
435;1107
435;2132
436;1263
436;1054
436;1876
436;1486
437;1234
437;1119
437;2007
438;1269
438;629
439;674
439;984
439;1334
439;1794
439;556
440;1233
440;858
440;1631
440;1661
441;1773
441;679
441;238
441;1043
442;1414
442;1481
442;665
442;1245
442;1830
443;1520
443;2131
443;555
444;477
444;456
444;1937
444;1088
445;1135
445;857
445;605
445;1157
445;1617
446;2023
446;977
446;1978
446;1967
446;1018
447;1948
447;2120
447;2097
447;1196
447;660
448;1389
448;1176
448;2071
448;627
448;2027
449;506
449;589
449;786
449;1698
449;1136
450;1868
450;1014
450;1973
450;639
451;1315
451;1636
451;1001
452;2074
452;1644
452;1275
452;1915
453;945
453;1882
453;2136
453;1554
454;1095
454;1603
454;2103
454;796
455;1440
455;521
455;169
455;1995
456;477
456;1088
457;835
457;1362
457;1100
457;862
458;667
458;778
458;914
458;864
458;380
459;1193
459;636
459;991
459;748
459;815
460;1767
460;772
461;2138
461;2168
461;1424
461;1179
461;1288
462;627
462;608
462;1389
462;448
462;1983
463;860
463;1251
463;788
463;1874
463;1175
464;1859
464;1064
464;1193
464;1737
465;1503
465;1185
465;2018
465;870
465;712
466;2167
466;1040
466;2165
466;953
467;1246
467;1621
467;724
467;1629
468;1798
468;571
468;1159
468;1051
468;820
469;1110
469;1297
469;1261
469;747
469;652
470;1753
470;2145
470;347
470;1411
470;389
471;491
471;854
471;922
471;1520
472;803
472;963
472;166
473;1785
473;2177
473;1002
473;1638
473;2020
474;1266
474;1660
474;533
474;535
474;1703
475;723
475;1605
475;1108
476;532
476;1322
476;709
476;415
477;1937
477;1088
478;1755
478;1005
478;1974
479;1582
479;677
479;716
479;35
479;88
480;1178
480;486
480;2101
480;1462
480;1696
481;2178
481;1374
481;1875
481;2149
482;1717
482;327
482;2008
483;1277
483;1130
483;1620
483;1067
484;642
484;1837
484;1531
484;1643
484;1951
485;1617
485;857
485;1157
486;1178
486;2101
486;1696
487;1397
487;1321
487;2123
487;2106
487;391
488;1225
488;777
488;1038
489;1570
489;2141
489;2012
489;584
490;2147
490;1544
490;971
490;2148
490;230
491;854
491;1940
492;1224
492;861
492;1490
492;1993
493;1189
493;1365
493;614
493;2005
494;1671
494;978
494;246
494;594
495;776
495;2069
495;954
495;1892
495;2042
496;1930
496;1345
496;1455
496;808
497;2077
497;2041
497;1260
498;882
498;1044
498;526
498;26
498;825
499;523
499;525
499;1943
500;1309
500;1504
500;1372
500;1457
500;600
501;2049
501;813
501;672
501;2158
502;876
502;1413
502;1086
502;1612
502;324
503;1807
503;1759
503;1732
503;2101
503;1462
504;553
504;1023
504;552
504;2042
505;757
505;822
505;1323
505;1706
506;786
506;589
506;1136
506;1100
507;818
507;516
507;1491
507;758
507;1832
508;1197
508;1111
508;1333
509;621
509;1588
509;558
509;1013
509;378
510;958
510;894
510;1486
510;2108
511;1164
511;1827
511;620
511;1033
511;1596
512;846
512;213
512;2037
512;1224
513;1885
513;580
513;2040
513;2062
513;1481
514;2153
514;2146
514;2034
514;1881
514;1063
515;682
515;622
515;1416
515;1319
515;1163
516;1491
516;818
516;758
516;842
517;536
517;2092
517;1265
517;1237
517;237
518;2128
518;806
518;1887
518;1452
518;1418
519;865
519;1573
520;1812
520;1070
521;1805
521;585
522;1145
522;2105
522;652
522;1123
522;1583
523;2041
523;525
524;2063
524;545
524;7
524;1026
525;1943
525;1428
526;575
526;1550
526;1957
526;664
527;2150
527;763
527;1214
527;1533
527;1981
528;793
528;1748
528;1182
528;1614
528;981
529;1958
529;1396
529;1124
529;704
529;552
530;708
530;2033
530;1071
530;1215
530;1437
531;1050
531;711
531;1098
531;693
531;1665
532;1322
532;1072
532;709
533;1072
533;1955
533;967
533;1322
533;888
534;1792
534;1813
534;1540
534;230
534;2148
535;1528
535;1014
535;1266
535;450
536;1237
536;1265
536;2092
536;1482
537;2080
537;1510
537;1459
537;1440
538;1846
538;1904
538;975
538;94
538;1529
539;719
539;289
540;1403
540;1059
541;1038
541;1225
541;777
541;488
542;1120
542;1998
542;2160
542;769
542;251
543;1699
543;1262
543;287
543;385
544;1366
544;1569
544;2083
545;2063
545;1026
545;191
545;1586
546;862
546;835
546;1100
547;2005
547;1686
547;1257
547;1158
548;1276
548;1945
548;864
549;1867
549;2055
549;1961
549;604
549;1448
550;1771
550;1262
550;1358
550;1128
551;1105
551;1416
551;733
551;682
551;1914
552;1124
552;1958
552;553
553;1958
553;1124
554;609
554;372
554;761
554;1427
554;744
555;570
556;594
556;1046
556;1334
556;1671
557;743
557;1079
557;312
558;952
558;583
558;1013
558;2066
559;1606
559;1809
559;1601
559;216
559;412
560;1765
560;1924
561;1019
561;817
561;1854
561;1341
562;2015
562;1338
562;808
562;1345
563;1818
563;826
563;1853
563;312
564;1083
564;890
565;1521
565;1089
565;1869
565;1287
566;1311
566;1167
566;1589
566;1469
566;1592
567;2122
567;1838
567;1354
567;350
567;1223
568;1422
568;669
568;1756
568;88
568;479
569;1693
569;1935
569;1317
569;1375
570;2104
571;1798
571;2113
571;1894
571;1860
571;1801
572;1295
572;1932
572;1254
572;650
572;669
573;912
573;1394
573;751
573;1569
574;486
574;2101
574;1696
575;1550
575;1957
575;1551
576;1872
576;1994
576;1695
576;1522
577;1959
577;1478
577;1637
577;1667
577;1855
578;1559
578;687
578;1740
578;1640
578;1599
579;872
579;588
579;830
579;866
579;2049
580;1481
580;1453
580;1245
580;1885
581;1714
581;1272
581;823
582;654
582;2068
582;1634
582;1941
583;1013
583;2066
583;952
583;509
584;1570
584;2016
584;599
584;1766
585;1805
585;1536
585;2139
586;986
586;1133
586;2085
586;1647
587;597
587;1316
587;541
587;337
588;1204
588;678
588;872
588;1677
589;1698
589;786
589;1103
590;1523
590;1450
590;1783
590;1278
591;1258
591;1208
591;1487
592;1561
592;624
592;2109
593;814
593;1405
593;2132
593;192
593;964
594;1671
594;1046
594;246
595;1030
595;1468
595;1375
595;1274
596;821
596;1750
596;1784
596;1364
597;1316
597;150
597;1333
597;541
598;1016
598;1184
598;1824
598;851
598;1361
599;2016
599;1766
599;1570
600;1372
600;1309
600;1822
600;631
601;1293
601;1996
601;1256
601;1515
602;1102
602;1896
602;171
602;214
602;1517
603;2006
603;1342
603;1073
603;1020
604;1961
604;1448
604;1305
604;1139
605;1135
605;1631
605;768
605;1087
606;1379
606;1166
606;324
606;1413
607;1542
607;2022
607;1141
607;1552
607;1571
608;1983
608;1274
608;627
608;1389
609;1427
609;1360
609;706
610;1419
610;658
610;1684
610;1961
610;1611
611;1304
611;935
611;1903
611;1273
611;397
612;1814
612;683
612;1207
612;2079
612;20
613;1588
613;621
613;1121
613;943
614;1189
614;1929
615;1710
615;676
615;1992
615;942
616;1919
616;2155
616;1285
616;2156
617;476
617;709
617;1629
618;2060
618;1048
618;328
618;1606
619;1244
619;1735
619;1612
620;1827
620;1164
620;1033
620;1985
621;1588
621;943
622;1587
622;174
622;1767
622;97
623;2088
623;663
623;1385
623;1409
624;1561
624;384
624;1015
624;2109
625;2028
625;1986
625;1338
626;2062
626;1371
626;1763
626;1682
626;1453
627;1389
627;1176
628;1478
628;1959
628;1715
628;1533
628;577
629;1269
629;1808
629;2098
630;829
630;2026
630;1241
630;304
630;42
631;1252
631;1185
631;1471
631;1091
632;1576
632;907
632;1728
632;1969
633;1585
633;635
633;1711
633;2111
633;2129
634;1106
634;651
634;1089
634;2082
635;765
635;1555
635;1670
635;2129
636;991
636;815
636;1281
637;1745
637;1722
637;1898
637;1355
638;1068
638;1327
638;675
639;1868
639;1507
639;1999
640;834
640;1341
640;1855
640;1854
640;817
641;2173
641;889
641;1239
641;1230
641;837
642;1837
642;1643
642;1951
642;1531
643;715
643;661
643;1933
643;809
643;1263
644;690
644;2099
644;934
644;292
644;1630
645;852
645;707
645;1657
645;1227
645;1482
646;1684
646;1302
646;1305
646;658
647;1736
647;1511
647;811
647;1604
647;1393
648;771
648;742
648;705
648;1720
648;933
649;1350
649;1508
650;1932
650;1548
650;1422
650;1295
651;2082
651;1287
651;456
652;1145
652;2105
652;1727
653;1752
653;2010
653;1150
653;1790
654;1634
654;1941
655;1392
655;804
655;1067
655;247
655;1446
656;2116
656;2091
656;1007
656;1674
656;1665
657;828
657;1762
657;1148
657;1985
658;1684
658;1419
658;1611
658;1248
659;1512
659;892
659;1862
659;1151
659;1803
660;1196
660;1948
660;1286
660;2097
661;1635
661;677
661;1823
661;35
662;481
662;1875
662;2178
662;2149
662;78
663;2088
663;2161
663;1942
664;1957
664;1550
664;575
664;825
665;1830
665;1140
665;1414
665;1199
666;1772
666;1512
666;892
666;1892
667;778
667;914
667;864
667;1233
668;920
668;2035
668;838
668;1000
668;685
669;1756
669;1422
670;1781
670;840
670;288
671;1738
671;2050
671;1905
671;1675
672;813
672;421
672;1296
673;959
673;1566
673;2000
673;274
674;1794
674;984
674;784
674;1990
675;921
675;1867
675;895
676;1992
676;1084
676;1472
676;1374
677;1582
677;716
678;1069
678;1204
678;1558
679;721
679;2144
679;238
679;1975
680;1578
680;1649
680;1283
680;1288
680;1179
681;1618
681;904
681;2057
681;383
681;855
682;1416
682;733
682;1398
683;1207
683;2079
683;1814
683;1380
684;1480
684;1475
684;540
684;1403
685;1540
685;1000
685;1134
685;1461
686;788
686;1874
686;1707
686;1104
686;1366
687;1559
687;1740
687;1400
687;1049
688;1009
688;1683
688;1645
688;1147
688;820
689;1557
689;1775
689;1195
689;970
689;966
690;1630
690;1198
690;124
691;1539
691;1279
691;729
691;1250
692;2149
692;1657
692;852
692;17
693;711
693;1168
693;1050
693;1270
694;19
694;1201
694;909
695;1391
695;1987
695;1404
695;1278
696;2019
696;1427
696;1078
696;1499
696;853
697;785
697;847
697;1832
697;2040
697;1112
698;951
698;1603
698;796
698;1654
698;454
699;2064
699;976
699;1402
700;1999
700;1507
700;806
700;639
700;1729
701;1661
701;1352
701;858
701;893
701;768
702;1140
702;1199
702;665
702;11
703;1717
703;2008
703;1721
704;1396
704;1032
704;1530
704;787
705;742
705;933
705;1682
705;771
706;1779
706;1004
706;1368
706;554
706;744
707;852
707;1657
707;1227
708;1437
708;848
708;948
708;1581
709;773
709;926
710;2159
710;836
710;1652
710;1589
711;1168
711;1446
711;1050
712;2018
712;1500
712;870
712;745
712;1503
713;826
713;1070
714;800
714;1663
714;1273
715;1263
715;661
715;436
715;982
716;1582
716;1526
717;1510
717;1172
717;1793
717;1593
717;537
718;1500
718;1126
718;871
718;745
719;867
719;1679
719;270
720;1077
720;1906
720;1492
720;1505
720;2053
721;2144
721;1206
721;1956
722;1725
722;833
722;1104
722;782
722;268
723;2045
723;1605
724;1527
724;1911
724;1246
725;1183
725;1731
725;1549
725;780
725;1782
726;732
726;2134
726;1170
726;1774
726;1249
727;1991
727;896
727;805
727;1039
727;753
728;1704
728;1976
728;1359
728;1118
728;1619
729;1250
729;1539
729;1279
730;807
730;1008
730;965
730;878
730;1983
731;1242
731;961
731;811
731;1647
732;1170
732;1052
732;1249
733;2089
733;1927
733;1443
733;301
734;1318
734;1040
734;1037
734;930
734;466
735;2059
735;1254
735;1295
736;962
736;1778
736;1017
737;1169
737;1161
737;1920
737;1028
738;1039
738;1758
738;1937
738;896
738;805
739;1905
739;1506
739;2050
740;989
740;1349
740;2021
740;2001
741;1346
741;1747
741;2170
741;223
742;933
742;771
742;2004
743;1079
743;312
744;1004
744;761
744;1073
744;2006
745;1500
745;870
745;1982
745;1503
746;1913
746;2008
746;124
746;831
746;284
747;1846
747;975
747;538
747;1110
748;1407
748;1281
748;1921
748;1768
749;993
749;924
749;2058
750;1473
750;1464
750;1399
750;1760
750;1673
751;912
751;1463
752;795
752;1250
752;73
752;729
752;1743
753;905
753;1816
753;1659
753;805
753;896
754;1347
754;1680
754;1152
754;3
755;1431
755;2121
755;1488
755;1596
755;974
756;865
756;1573
756;1175
756;1129
757;822
757;2130
757;1323
757;1922
758;1491
758;1832
758;818
758;1009
759;1850
759;1320
759;930
759;1122
760;1498
760;583
760;952
760;841
761;1073
761;2006
762;1592
762;1332
762;990
762;1873
763;1533
763;2150
763;1715
763;1214
764;982
764;1615
764;1538
764;1263
765;1555
765;1670
766;931
766;968
767;2038
767;1606
768;1631
768;858
768;1661
769;1120
769;1998
769;2160
769;1562
770;2127
770;1848
770;2142
770;62
771;1720
771;781
772;1587
773;1988
773;1525
774;851
774;2074
774;1275
774;598
775;1331
775;1616
775;1154
776;1892
776;892
776;1512
776;666
777;1225
778;1821
778;1836
779;1474
779;956
779;936
779;449
779;1698
780;1731
780;1183
780;1160
781;1720
781;1293
781;648
782;1041
782;1843
782;1725
782;1210
783;1973
783;1014
783;1868
783;1507
783;450
784;1327
784;1421
784;1334
785;847
785;1112
785;1832
785;2150
786;1136
786;1103
787;1032
787;1690
787;1530
788;1874
788;1366
788;1707
789;1232
789;2095
789;878
789;1700
789;2027
790;1305
790;1252
790;631
790;1185
791;1320
791;1613
791;1438
791;1040
791;816
792;1213
792;55
792;1841
792;350
792;1817
793;1604
793;1614
793;1748
793;918
794;1705
794;1310
794;427
794;1495
795;1380
795;2079
795;1207
795;1250
796;1603
796;1284
796;951
797;941
797;1949
797;1648
798;1680
798;899
798;1965
798;2030
798;1152
799;1880
799;1490
799;1890
799;861
799;692
800;1663
800;1331
801;1253
801;996
801;950
801;1842
801;1495
802;1640
802;1198
802;690
802;2164
802;934
803;4
803;1870
803;166
804;1392
804;1659
804;1090
805;896
805;1039
805;1758
805;1247
805;905
806;2128
806;1887
806;1999
807;1008
807;965
807;1819
807;878
808;1345
808;1455
808;2015
808;1113
809;1933
809;88
810;1835
810;1997
810;1875
811;961
811;1604
811;1736
812;1729
812;1999
812;1944
813;683
813;2049
814;1405
814;2132
814;195
815;991
815;1303
816;1543
816;1669
816;1320
817;834
817;1847
817;2026
818;1491
818;842
819;1537
819;1470
819;1581
819;91
820;1147
820;1051
820;1645
820;1009
821;1750
821;1364
821;1766
822;2130
822;1922
822;1271
823;2163
823;1886
823;1451
824;1843
824;1647
824;1041
824;1056
824;1242
825;882
825;1044
825;1550
825;526
827;856
827;1435
827;1003
827;196
827;1802
828;1985
828;1148
828;1762
829;1595
829;2026
829;1297
830;1132
830;588
830;872
830;1558
831;1630
831;124
831;2099
832;1057
832;1058
832;898
832;113
832;245
833;2119
833;1725
833;782
833;268
834;1855
834;2026
834;1341
835;1100
835;862
835;1362
836;1652
836;1670
836;2159
837;1230
837;1125
837;1231
838;920
838;1989
839;1650
839;751
839;912
839;1872
839;1467
840;1781
840;888
841;1191
841;2094
841;2070
841;1939
842;1001
842;1496
843;1952
843;2086
843;1053
843;2133
844;968
844;931
844;1583
844;1897
845;1654
845;698
845;951
845;47
846;2037
846;1264
847;1112
847;1832
847;2150
848;948
848;1205
848;1437
848;1351
849;1925
849;880
849;1929
850;983
850;944
850;2171
850;2024
851;1772
851;1016
852;1657
852;1227
853;1078
853;1280
853;2019
853;1541
854;922
854;1520
855;2057
855;1618
855;383
855;904
856;1003
856;1627
856;1435
857;1617
857;1157
857;115
858;1661
858;1631
858;1233
859;2000
859;1882
859;959
859;453
860;962
860;1251
860;24
860;1175
861;1490
861;1880
861;1224
862;1100
863;216
863;1441
864;914
865;1573
866;872
866;210
866;2049
866;2158
867;1679
867;1669
867;95
868;1688
868;2177
868;2020
868;473
869;1376
869;1689
869;1108
870;1503
870;1982
870;1500
871;2052
871;1126
872;2049
872;1204
873;1883
873;1114
873;1761
873;2030
873;2107
874;1928
874;1381
874;1862
874;495
875;1598
875;1912
875;1434
875;1991
876;1413
876;1166
876;1379
876;606
877;1628
877;1303
877;815
877;131
877;991
878;1232
878;1008
878;2027
879;1968
879;1483
879;1810
879;902
879;340
880;1997
880;1925
880;64
880;277
881;1801
881;2113
881;1291
881;571
881;1319
882;1044
882;526
882;26
883;1754
883;1776
883;2044
883;1206
884;1326
884;1317
884;224
884;1226
885;1788
885;1328
885;1764
886;1203
886;1953
886;1367
886;1018
887;1381
887;1940
887;2152
887;491
888;967
888;1011
888;926
888;1955
889;2173
889;1093
889;1239
889;1626
890;1083
890;1776
891;1042
891;2115
891;910
891;1986
891;2154
892;1892
892;1512
893;1352
893;1661
893;1329
893;1949
894;387
894;1101
895;1410
895;921
895;1442
895;1867
896;1039
896;1758
896;1247
897;1600
897;2046
897;938
897;637
897;1355
898;1057
898;2056
898;1298
899;1680
899;2030
899;1627
899;1965
900;985
900;2046
900;1689
901;1663
901;916
901;714
901;85
902;1447
902;1854
902;1810
902;1341
903;1364
903;1335
903;1766
903;1750
903;821
904;1618
904;1400
904;2162
905;1247
905;896
905;1816
906;1936
906;1412
906;707
906;645
906;1165
907;1969
907;1576
908;294
908;955
908;1656
908;2176
909;1911
909;1527
909;724
909;19
910;2154
910;1425
910;1042
910;2115
911;1565
911;1742
911;1301
911;1547
911;925
912;1650
912;2083
913;976
913;699
913;1402
913;1954
914;548
915;1449
915;2031
915;1187
916;1513
916;1065
916;1663
916;148
917;1149
917;1829
917;1918
917;1080
918;1736
918;1864
918;1604
918;647
919;1202
919;1891
919;1853
920;2035
920;685
920;1000
921;1410
921;1068
921;1442
922;1520
922;1916
922;2131
923;1034
923;1377
923;272
923;1545
923;1610
924;2058
924;993
925;1742
925;972
925;1148
925;1301
926;1011
926;967
926;1955
927;1718
927;1162
927;89
928;1343
928;1119
928;307
929;1515
929;2084
929;1996
929;2048
930;1318
930;1850
930;1122
931;968
931;1214
932;1477
932;1757
932;971
932;2108
932;1514
933;1682
933;2004
934;1567
934;1108
934;690
935;1304
935;1903
935;1926
935;2100
936;956
936;1474
936;2090
937;1489
937;1238
937;1833
937;2112
938;1355
938;1600
938;1898
938;1599
939;1243
939;1595
939;42
939;538
940;2014
940;1760
940;1399
940;1791
941;1648
941;1949
942;1769
942;1710
942;1306
942;1259
942;1386
943;1121
943;509
943;1588
944;2171
944;2075
944;1900
944;2024
945;1882
945;2136
945;1960
945;274
946;1339
946;1161
946;2143
946;1466
947;1229
947;1696
947;2054
947;10
947;1116
948;1216
948;1055
948;1205
949;2106
949;1895
949;1064
949;2097
949;1859
950;996
950;1253
950;2125
950;1842
951;1654
951;1603
952;509
952;1013
952;196
953;908
953;2167
953;560
954;2069
954;2042
954;1023
955;2176
955;2096
955;1828
956;1474
956;1698
957;1914
957;1062
957;1816
957;1105
957;1980
958;1486
958;1876
958;58
959;2000
959;1019
960;1564
960;2075
960;1348
960;1307
961;1604
961;1242
962;354
962;865
963;1908
963;1272
963;166
963;4
964;1300
964;1171
964;2081
964;2056
964;322
965;1008
965;1045
965;1819
966;2031
966;1195
967;1011
967;1955
967;1072
968;1583
969;1420
969;2155
969;2156
970;1557
970;1775
970;2029
970;1844
971;1477
971;1544
971;1757
972;1742
972;911
972;1762
972;1217
973;1139
973;1503
973;1448
973;465
974;2121
974;1555
974;1022
975;1904
975;1782
975;1731
976;1402
977;2023
977;1978
977;1018
977;429
978;1535
978;1622
978;246
978;1024
979;990
979;1873
979;1332
979;1963
979;337
980;1312
980;2051
980;1856
980;1641
980;1675
981;1687
981;1010
981;1849
981;961
982;1538
982;1263
982;436
983;2171
983;944
983;997
984;1378
984;1739
985;2046
985;897
985;1600
985;22
986;1393
986;1133
986;2085
987;1107
987;2081
987;2132
987;964
987;1405
988;1534
988;1548
988;1692
988;1329
988;650
989;2021
989;2001
989;1349
990;1332
990;1873
990;1963
990;337
991;1303
992;1744
992;1173
992;27
993;1466
994;2086
994;2067
994;1053
994;2076
994;1764
995;1584
995;1384
996;1253
996;1842
996;2125
997;850
997;1476
997;681
997;2135
998;1423
998;1292
998;1931
998;1458
999;1187
999;1096
999;2039
1000;1134
1000;1989
1000;1461
1001;1653
1001;1483
1001;1636
1001;1920
1002;2020
1002;1785
1002;1029
1002;1638
1003;1627
1003;1761
1003;2030
1003;899
1003;1680
1004;1475
1004;761
1004;1073
1005;1974
1005;1755
1006;1461
1006;2172
1006;1134
1006;1646
1006;1000
1007;1270
1007;1665
1007;2116
1007;1235
1008;1819
1009;1645
1009;1147
1009;1051
1010;1849
1010;1687
1010;1569
1010;544
1011;1955
1012;1278
1012;1783
1012;1523
1012;498
1013;2066
1013;1401
1014;1973
1014;1868
1015;1870
1015;1561
1015;384
1015;592
1016;1184
1016;1824
1016;1361
1016;704
1017;1388
1017;2083
1017;962
1017;1778
1018;1978
1018;2023
1018;1203
1019;1260
1020;372
1020;761
1020;2006
1021;1361
1021;1530
1021;1314
1021;1032
1022;1177
1022;2121
1022;1363
1023;2042
1023;2069
1023;553
1024;1378
1024;1739
1025;1791
1025;1211
1025;1373
1025;940
1026;1324
1027;1240
1027;1174
1027;1610
1027;1697
1027;1264
1028;1920
1028;1653
1028;2058
1029;2020
1029;1688
1029;2078
1030;1468
1030;1045
1030;1274
1030;1375
1031;1228
1031;1439
1031;1493
1031;249
1032;1530
1033;1143
1033;1164
1033;2174
1034;1377
1034;272
1034;488
1034;181
1035;1509
1035;1415
1035;1923
1035;1700
1036;1733
1036;310
1036;208
1036;1357
1037;1501
1037;2165
1037;466
1037;1040
1038;1225
1039;1758
1039;1247
1040;2167
1040;1320
1041;1843
1041;244
1041;299
1042;2115
1042;1986
1042;39
1043;1773
1043;328
1043;225
1043;1048
1044;1922
1044;2130
1045;1983
1045;807
1045;730
1046;2011
1046;1712
1047;1256
1047;1089
1047;1883
1047;1106
1048;2060
1049;2162
1049;1400
1049;173
1050;1098
1050;1665
1050;1268
1051;1147
1051;1645
1052;1170
1052;2117
1052;726
1053;2076
1053;2067
1053;1952
1053;2086
1054;1876
1054;1538
1054;1486
1055;1205
1055;1216
1055;2011
1056;269
1056;586
1056;770
1057;1058
1058;898
1058;113
1058;2007
1059;1475
1059;1342
1060;1266
1060;1215
1060;535
1060;1014
1060;1660
1061;1321
1061;2009
1061;487
1061;1622
1062;1914
1062;1816
1062;1659
1062;1105
1063;2146
1063;1678
1063;1285
1064;1895
1064;2123
1064;2106
1064;1859
1065;542
1065;2160
1065;302
1065;1120
1066;1743
1066;1356
1066;1888
1066;135
1067;1130
1067;1620
1067;1356
1068;1327
1069;1204
1069;1677
1069;1558
1070;1076
1070;1812
1071;2033
1071;1470
1071;1215
1072;1955
1072;1322
1072;888
1073;2006
1074;1625
1074;1285
1074;1938
1074;422
1074;2034
1075;1385
1075;1966
1075;907
1075;632
1076;1516
1076;1615
1076;713
1076;365
1077;1764
1077;994
1077;1492
1077;2067
1078;1280
1078;2019
1078;1541
1079;295
1080;1218
1080;1829
1080;1088
1080;477
1081;1411
1081;1753
1081;2145
1081;1939
1082;1517
1082;1884
1083;238
1084;1472
1084;1992
1085;1768
1085;1407
1085;1921
1085;1281
1085;2161
1086;2117
1086;282
1086;1713
1087;1631
1087;1135
1088;2082
1089;1106
1090;655
1090;1446
1090;1392
1091;1185
1091;465
1091;2018
1091;712
1091;1099
1092;423
1092;895
1092;1982
1092;1410
1093;1803
1093;1151
1093;2173
1093;2025
1093;1239
1094;1302
1094;1735
1094;1608
1094;1425
1095;1603
1095;2103
1095;796
1096;2039
1096;410
1097;1584
1097;296
1098;1268
1098;1674
1098;1665
1098;1726
1099;1696
1099;1910
1099;2054
1099;83
1100;1362
1101;1806
1102;1517
1103;1494
1103;1698
1103;1564
1103;1136
1104;1707
1104;116
1105;1914
1105;1416
1106;565
1107;2081
1107;2132
1107;1298
1107;1780
1108;1376
1108;1567
1108;1689
1109;1644
1109;1566
1109;1866
1109;1275
1110;1297
1110;1261
1110;652
1111;1197
1111;2064
1112;1832
1112;1533
1113;1455
1113;1822
1113;2015
1113;1345
1114;2107
1114;1883
1114;1435
1115;1977
1115;2110
1115;1767
1116;2065
1116;1488
1116;1369
1116;414
1116;1431
1117;1432
1117;1574
1117;1881
1117;1728
1117;1989
1118;1359
1118;1976
1118;2134
1118;1837
1119;1234
1119;1343
1120;1998
1120;2160
1121;1245
1121;1453
1122;1850
1122;270
1123;1583
1123;2105
1123;1241
1123;1897
1124;1958
1124;1396
1124;1824
1125;1230
1125;1239
1125;1156
1126;2052
1126;1590
1127;1935
1127;1317
1127;1326
1127;1226
1128;1303
1128;1771
1128;1628
1129;1175
1129;1251
1129;1799
1130;1620
1130;1277
1130;1888
1131;1287
1131;1521
1131;1869
1131;565
1132;1730
1132;1190
1132;1283
1132;1681
1133;2085
1133;1641
1133;2051
1134;1461
1134;2172
1134;1646
1135;1631
1136;1858
1136;589
1137;1370
1137;1357
1137;1733
1137;281
1138;1716
1138;1619
1138;1774
1138;1947
1139;1448
1139;423
1139;1503
1140;1199
1140;1830
1141;1417
1141;1552
1141;2053
1141;2125
1142;1979
1142;1308
1142;1649
1142;1221
1142;2139
1143;1978
1143;1934
1143;977
1143;1018
1144;1344
1144;1573
1144;223
1145;2105
1145;1727
1146;1861
1146;1690
1146;1465
1146;787
1146;316
1147;1645
1148;1762
1149;1829
1149;1918
1149;1674
1150;1504
1150;1457
1150;2010
1150;500
1151;1803
1151;2025
1151;1862
1152;1680
1152;899
1152;1965
1153;1804
1153;1966
1153;1337
1154;1445
1154;1616
1154;1506
1155;1871
1155;1845
1155;1708
1155;1624
1156;739
1156;1905
1156;1239
1157;1617
1157;115
1157;2104
1158;1686
1158;2005
1158;1365
1158;1257
1159;1051
1159;571
1159;1798
1160;1623
1160;725
1160;1591
1161;1169
1161;1920
1161;1339
1162;1349
1162;271
1162;1718
1163;1319
1163;1416
1163;881
1163;1980
1163;1801
1164;1827
1164;1596
1165;1259
1165;1412
1165;1901
1165;209
1166;1379
1166;1413
1167;1311
1167;1545
1167;1592
1168;108
1168;1279
1168;691
1169;1920
1169;1028
1170;1774
1170;2134
1171;2056
1171;1300
1171;2081
1172;1793
1172;1593
1172;1181
1172;152
1172;1941
1173;1429
1173;443
1174;1240
1174;1697
1174;1809
1174;1952
1175;1251
1176;2071
1176;1389
1176;2027
1177;1363
1177;143
1177;755
1178;2101
1178;1462
1178;1696
1179;2168
1179;1288
1179;2138
1179;1578
1180;1747
1180;1144
1180;305
1180;223
1181;1593
1181;1793
1181;1941
1182;1748
1182;1614
1182;793
1183;1549
1183;1731
1183;1782
1184;1361
1184;1530
1184;1021
1185;1252
1185;1503
1186;1192
1186;1460
1186;1358
1186;1532
1186;1771
1187;1672
1188;1219
1188;1467
1188;1834
1188;1778
1189;1365
1190;1283
1190;1578
1190;1558
1190;1179
1191;2094
1191;2145
1192;1532
1192;1460
1192;1358
1192;1668
1193;1737
1193;1859
1193;394
1194;1299
1194;1890
1194;1811
1194;1547
1194;1655
1195;1557
1196;1286
1196;1948
1196;2097
1197;1402
1198;2164
1198;124
1198;1630
1198;329
1200;1209
1200;1826
1200;117
1200;324
1200;1632
1201;1633
1201;1857
1201;1970
1202;1891
1202;1495
1203;1953
1203;1579
1204;1677
1205;1351
1206;2144
1206;1956
1207;2079
1207;1380
1207;1814
1208;1487
1208;1258
1208;1825
1208;1502
1209;1826
1209;1379
1210;1950
1210;1972
1210;299
1210;1723
1211;1791
1211;1373
1212;1418
1212;1887
1212;1676
1213;1841
1213;1354
1213;1817
1214;1715
1214;1533
1215;2033
1215;783
1216;848
1217;1929
1217;1925
1217;275
1218;1563
1218;1088
1218;167
1218;456
1219;1467
1219;1994
1219;1834
1220;1456
1220;1313
1220;1485
1220;649
1220;2059
1221;1308
1221;1702
1221;1979
1221;903
1222;1258
1222;1947
1222;591
1222;1208
1223;1838
1223;2122
1223;1954
1224;1993
1224;1662
1226;1326
1227;1482
1227;1657
1228;1609
1228;723
1229;1696
1229;2054
1229;10
1229;1116
1230;1239
1231;2051
1231;1133
1232;2095
1232;2027
1232;1700
1233;1661
1233;23
1233;1631
1234;2007
1234;395
1235;1270
1235;1974
1235;1005
1236;1433
1236;1791
1236;1373
1237;1265
1237;149
1237;2102
1238;2112
1238;1489
1238;1549
1239;2173
1240;1697
1240;1610
1240;1264
1241;652
1241;2105
1241;304
1242;811
1242;1647
1243;1595
1243;42
1243;538
1244;1612
1244;2013
1244;424
1245;1481
1245;1414
1246;1911
1246;1527
1247;1289
1247;1758
1248;1611
1248;1336
1248;610
1248;1419
1249;1701
1250;1539
1250;1279
1252;1091
1252;600
1253;1842
1253;2098
1254;1295
1254;2059
1255;1181
1255;1793
1255;383
1255;2057
1255;855
1256;1996
1256;1293
1256;565
1257;1934
1257;1282
1257;1686
1258;1519
1259;1901
1259;1386
1259;1710
1259;615
1260;1917
1260;2077
1261;1297
1261;1241
1261;829
1262;1395
1263;1538
1264;2037
1265;2044
1265;2092
1265;149
1266;1660
1266;1703
1267;1840
1267;1591
1267;1623
1267;1451
1268;1674
1268;1726
1268;1665
1269;1808
1270;1665
1270;656
1271;1922
1271;1404
1271;2130
1272;1714
1272;2
1273;1304
1273;935
1273;1663
1274;1468
1274;1375
1274;1983
1275;1644
1275;2074
1276;1945
1276;1465
1276;2175
1277;1620
1277;1888
1277;2157
1278;1783
1278;1523
1279;1539
1280;1590
1280;2052
1281;991
1282;1934
1282;547
1282;446
1283;1578
1283;1558
1283;1179
1284;1878
1284;1603
1284;951
1284;245
1285;1919
1285;422
1286;2097
1286;1628
1287;1521
1287;1869
1288;2168
1288;2138
1288;1578
1289;1726
1289;1674
1289;1268
1289;905
1290;1323
1290;1706
1290;505
1291;1801
1291;2113
1291;571
1291;1894
1292;1423
1292;153
1292;1340
1293;1515
1293;1996
1293;2084
1294;2061
1294;1523
1294;1450
1294;1783
1295;1756
1295;266
1295;1839
1296;1691
1296;2158
1296;1524
1297;747
1298;2081
1298;1171
1298;2056
1299;1811
1299;1770
1299;1890
1299;1655
1300;2056
1301;1547
1301;1655
1301;1565
1301;1742
1302;1735
1302;1608
1302;1425
1302;1684
1303;241
1304;1903
1304;1926
1305;1139
1305;1961
1306;1769
1306;1340
1307;1348
1307;1741
1307;1564
1308;1536
1308;1556
1308;1702
1309;1372
1309;1822
1309;1504
1310;1808
1310;629
1311;2043
1312;1675
1312;2051
1312;1609
1313;649
1313;1456
1313;1694
1314;1361
1314;2074
1315;1636
1315;772
1316;1963
1316;979
1317;1326
1318;1040
1318;1037
1318;759
1319;1416
1319;1801
1319;2113
1320;1613
1321;1397
1321;2123
1322;1955
1322;967
1323;1706
1324;2118
1325;2029
1325;1844
1325;970
1325;1282
1327;1421
1328;1788
1328;1697
1329;1949
1329;1534
1329;797
1330;1789
1330;1517
1330;1102
1331;13
1331;714
1332;1873
1332;337
1332;181
1333;100
1333;1197
1333;1624
1333;1111
1334;1712
1334;65
1334;674
1335;2141
1335;2012
1335;1766
1335;1570
1336;1421
1336;1611
1336;2055
1336;1419
1337;1574
1337;1432
1337;1576
1338;2028
1338;1986
1339;2143
1339;406
1340;1386
1340;1769
1340;1901
1341;1854
1341;1447
1341;1637
1342;590
1342;1450
1342;1391
1344;1573
1344;1639
1345;1455
1345;2015
1346;2170
1346;1747
1347;347
1348;1741
1348;1564
1349;2021
1350;1508
1350;1839
1351;1442
1351;1479
1351;1410
1352;1661
1352;858
1352;200
1353;1487
1353;1825
1353;1572
1353;1208
1354;2122
1354;1817
1355;1898
1355;1599
1355;1722
1355;2135
1356;1888
1356;1743
1356;1620
1358;1460
1358;1771
1358;1128
1359;1976
1359;1837
1359;2134
1360;1953
1360;1807
1360;886
1361;1530
1361;1032
1362;506
1363;1148
1363;1655
1364;1766
1364;1750
1364;599
1365;2005
1365;1686
1366;2083
1367;1967
1367;2023
1367;1203
1368;1779
1368;1004
1368;1967
1368;1863
1369;2065
1369;1431
1369;1596
1370;1381
1370;1357
1370;2152
1371;1763
1371;2040
1371;2062
1371;1453
1372;1822
1372;1113
1373;1791
1373;2169
1374;2149
1374;1992
1374;2178
1375;1468
1375;1693
1375;1935
1376;1689
1376;105
1376;22
1377;1545
1377;181
1378;1739
1379;1413
1380;2079
1380;612
1381;1928
1382;2048
1382;2087
1382;357
1382;2084
1383;1472
1383;1084
1383;676
1383;1992
1384;1584
1384;1984
1384;1097
1384;102
1385;907
1385;1966
1385;632
1386;1901
1386;1769
1387;2013
1387;1990
1387;1632
1388;2083
1388;1366
1388;912
1388;736
1389;2071
1390;1885
1390;1981
1390;766
1391;1987
1391;336
1391;603
1392;1659
1393;1511
1393;2085
1393;1641
1393;1133
1394;1721
1394;1569
1395;1699
1395;1586
1396;1958
1397;2123
1397;2106
1397;1895
1397;1064
1398;2110
1398;2089
1399;1760
1399;2014
1399;1473
1399;1464
1400;2162
1401;2072
1401;2066
1401;583
1401;943
1402;1111
1402;2064
1403;1480
1404;1922
1405;2132
1405;964
1406;1597
1406;1441
1406;1571
1406;1542
1406;863
1407;1768
1407;1921
1407;1281
1408;1513
1408;148
1408;1751
1409;1921
1409;1594
1409;2088
1409;1407
1410;1442
1410;1479
1410;675
1411;1753
1411;2145
1412;1936
1412;204
1412;1274
1413;117
1414;1830
1414;1481
1415;1923
1415;1685
1415;1700
1415;789
1417;2053
1417;1505
1417;1552
1417;2125
1418;1887
1418;2128
1418;162
1419;1684
1419;1961
1419;1611
1420;2156
1420;2155
1421;675
1421;638
1422;1756
1422;572
1422;404
1423;1931
1423;1458
1424;1444
1424;1681
1424;2138
1424;1730
1425;1930
1425;496
1426;1969
1426;1658
1426;2034
1426;2153
1427;1360
1428;1943
1428;2143
1428;2142
1429;416
1429;992
1430;1852
1430;1734
1430;484
1431;1596
1431;1488
1431;2065
1432;1574
1432;1989
1432;311
1432;1881
1433;1399
1433;2014
1433;1760
1434;1980
1434;1598
1434;1912
1434;1991
1435;1802
1435;1003
1435;2107
1436;1579
1436;2174
1436;1462
1436;1018
1437;1581
1437;1479
1437;948
1438;1613
1438;1835
1438;1997
1439;1493
1439;1228
1439;353
1440;1995
1441;1597
1441;1542
1441;2133
1441;2022
1442;1479
1443;1927
1443;2089
1443;1749
1443;301
1444;1681
1444;1730
1444;461
1444;1132
1445;1616
1445;1506
1446;1067
1446;1356
1447;1854
1447;1810
1447;1637
1448;1867
1449;1672
1449;351
1449;1187
1450;2061
1450;1523
1450;226
1451;1840
1451;1591
1452;1541
1452;1071
1453;2062
1454;1676
1454;1499
1454;1020
1454;2019
1454;205
1455;2015
1456;1485
1456;2002
1457;1504
1457;2010
1458;1828
1458;1931
1458;2096
1458;2176
1459;2080
1459;1688
1459;2078
1459;868
1460;1771
1460;550
1461;2172
1461;1646
1462;1759
1462;2101
1462;1579
1463;1872
1464;1473
1464;1760
1465;1945
1465;1861
1465;1960
1466;2143
1466;1428
1466;154
1466;2142
1467;1994
1467;576
1467;1834
1468;1693
1469;1877
1469;2017
1469;1589
1469;1311
1470;1537
1470;1581
1470;111
1471;1711
1471;2054
1471;633
1471;1309
1472;1992
1473;1760
1473;2014
1474;1698
1475;744
1475;1073
1476;2135
1476;1599
1476;1740
1476;1898
1476;1722
1477;1757
1477;1514
1477;2108
1478;1959
1478;1637
1478;1715
1479;921
1479;895
1480;540
1480;155
1481;1885
1482;852
1482;1657
1482;707
1483;1968
1483;1653
1483;1810
1484;2009
1484;1577
1484;2021
1484;1153
1484;1879
1485;2002
1485;1831
1486;1876
1487;1825
1487;1572
1488;2065
1489;1833
1489;2175
1489;2137
1490;1880
1490;1890
1491;1832
1492;2064
1492;1906
1492;1518
1493;1228
1494;1698
1494;1909
1494;589
1494;1564
1495;1808
1495;1891
1496;1894
1496;1860
1496;1798
1497;1658
1497;1426
1498;841
1498;583
1498;952
1499;2019
1499;1541
1500;2018
1501;2165
1501;1924
1501;734
1501;560
1502;1825
1502;1516
1502;1487
1502;1353
1503;1982
1504;2010
1505;2053
1505;792
1505;1141
1506;208
1507;1868
1507;1973
1507;1999
1508;1839
1509;413
1509;1820
1509;1415
1509;1923
1510;2080
1510;1440
1510;1459
1511;986
1511;1647
1511;731
1512;1772
1512;1892
1514;1544
1514;1757
1514;971
1514;1852
1515;2084
1515;1996
1516;1615
1516;1825
1518;2064
1518;1111
1518;1197
1519;591
1519;1947
1519;1871
1520;1916
1520;2131
1521;1869
1522;1695
1522;1666
1522;1994
1522;16
1523;1783
1524;1815
1524;2158
1524;1691
1525;1546
1525;1988
1525;1781
1526;1582
1526;306
1526;1692
1527;1911
1527;1621
1528;450
1528;474
1528;1014
1529;1709
1529;1904
1529;1782
1529;1549
1531;1837
1531;1359
1531;1118
1532;1668
1532;118
1533;2150
1533;1715
1534;1648
1534;1949
1534;1548
1535;1622
1535;1024
1535;89
1536;1805
1536;2139
1536;1556
1537;91
1537;1581
1538;436
1538;484
1540;1792
1540;2035
1540;920
1541;2019
1542;2022
1542;2133
1542;1141
1543;1669
1543;1679
1544;2147
1544;2148
1545;181
1546;1988
1546;123
1546;773
1547;1655
1547;1565
1547;1811
1548;1932
1548;1648
1549;1782
1549;1904
1549;1731
1550;1957
1551;2103
1551;526
1552;1571
1552;2125
1552;1597
1553;1607
1553;1154
1553;1493
1554;2151
1554;1915
1554;1866
1555;1670
1556;1702
1556;315
1557;1775
1557;227
1558;588
1558;1204
1559;1740
1559;1599
1559;1400
1560;1889
1560;1874
1560;1799
1560;1977
1561;2109
1562;2160
1562;1741
1562;1120
1563;2047
1563;1088
1563;1080
1563;2082
1564;1909
1565;1742
1565;925
1566;1866
1566;1915
1567;475
1567;644
1567;1376
1568;546
1568;862
1568;297
1569;1721
1570;2016
1570;2141
1571;1597
1571;2125
1571;1141
1572;1797
1574;1989
1575;1950
1576;1728
1576;1966
1577;1879
1577;2021
1577;989
1577;2001
1578;2168
1579;1759
1580;2003
1580;1746
1580;493
1580;614
1583;2105
1583;1897
1584;1984
1584;377
1584;93
1585;2111
1585;1457
1585;2129
1585;1504
1586;1026
1587;1767
1587;405
1589;2017
1590;1642
1590;2052
1591;1840
1591;1623
1592;1332
1592;50
1593;1941
1593;1634
1594;1804
1594;1602
1594;1075
1595;1847
1597;1542
1598;1912
1598;1991
1599;1898
1599;1722
1599;2135
1600;2046
1600;1355
1600;637
1601;1809
1601;1174
1601;1606
1602;1804
1602;188
1602;464
1604;1736
1605;2036
1605;2045
1605;1787
1606;1809
1606;412
1607;2100
1607;1154
1608;1713
1608;1735
1609;980
1609;1675
1609;1031
1610;1697
1610;1034
1612;1826
1612;2013
1612;424
1613;816
1614;1748
1615;1502
1617;255
1617;115
1618;2057
1618;173
1619;1716
1619;1947
1619;1704
1620;1888
1621;724
1621;1201
1622;1970
1622;1633
1622;1857
1623;1840
1624;1708
1624;330
1624;1871
1625;1938
1625;2034
1625;514
1625;2153
1626;1893
1626;641
1626;499
1627;1680
1627;2030
1627;1761
1628;1303
1628;131
1628;815
1629;1246
1629;415
1629;773
1630;2164
1632;1990
1632;265
1633;1857
1633;1970
1634;1941
1635;1823
1635;35
1635;677
1636;125
1637;1855
1637;1959
1637;1667
1638;1785
1638;2020
1638;1029
1639;2179
1639;1277
1640;1559
1640;687
1640;1740
1641;2085
1641;1856
1641;2051
1642;1910
1642;1732
1643;1951
1643;1837
1643;1359
1644;2074
1646;2172
1646;1000
1647;986
1648;1949
1649;1979
1649;903
1650;751
1650;1872
1650;1467
1651;2157
1651;1888
1651;2179
1652;1670
1652;2129
1653;1920
1653;737
1654;796
1655;1811
1655;1770
1656;1971
1656;1931
1656;2176
1656;955
1656;2096
1658;1969
1659;1816
1660;1703
1662;1993
1662;1877
1662;492
1664;1797
1664;1871
1664;1845
1667;1855
1667;1959
1668;118
1668;297
1668;1568
1669;1679
1669;2003
1671;1739
1672;1902
1672;192
1672;183
1673;1964
1673;1464
1673;1792
1673;1473
1674;1726
1674;2116
1676;1020
1676;205
1677;1814
1677;2049
1677;612
1678;2146
1678;1881
1678;514
1680;2030
1681;1730
1681;461
1682;742
1682;2004
1683;1645
1683;1009
1683;2087
1683;1147
1684;1611
1684;1961
1685;1923
1685;789
1685;1700
1685;1035
1686;2005
1686;493
1687;1849
1687;961
1687;8
1688;2020
1688;1002
1689;1926
1690;1861
1690;1800
1690;2073
1691;2158
1692;1329
1692;1534
1693;1935
1693;1317
1694;1724
1694;345
1694;68
1694;430
1695;1666
1695;1994
1695;1638
1697;348
1699;1262
1699;419
1700;2095
1701;2166
1703;1060
1704;1976
1704;1222
1704;1359
1705;1789
1705;1330
1705;1853
1706;757
1708;1871
1708;330
1708;1664
1709;1904
1709;1782
1709;1549
1710;1769
1710;1306
1710;676
1711;2054
1711;1309
1711;600
1712;1327
1712;638
1714;321
1714;2
1715;1897
1716;1947
1716;1774
1717;2008
1717;746
1718;89
1719;2114
1719;2139
1719;585
1719;1805
1720;742
1720;2084
1722;1898
1722;2135
1723;1972
1723;1950
1723;460
1724;1896
1724;602
1724;1907
1725;1041
1726;1247
1727;522
1727;2105
1728;907
1728;2153
1729;1999
1729;1944
1730;1190
1731;1782
1732;574
1732;1280
1733;1357
1733;310
1734;2166
1734;1852
1735;1684
1735;222
1736;961
1737;1859
1737;949
1737;394
1737;1064
1738;2050
1738;263
1738;1553
1738;1905
1740;1599
1741;1909
1743;108
1743;1250
1743;73
1744;2108
1744;1173
1744;932
1745;1900
1745;1722
1745;2171
1746;547
1746;2005
1746;1686
1747;223
1749;1799
1749;2110
1749;1927
1751;1942
1751;2161
1752;1790
1752;1963
1752;323
1753;2145
1753;2094
1753;347
1754;1956
1754;2102
1754;1206
1755;1974
1757;2108
1758;1937
1759;2101
1759;1807
1760;2014
1761;2030
1761;899
1762;220
1763;2040
1763;2062
1763;513
1764;2067
1764;2076
1765;1924
1765;280
1766;2016
1766;1570
1768;1921
1768;2088
1770;1811
1770;1363
1772;1824
1772;892
1773;1048
1774;2134
1774;1619
1775;1195
1776;2044
1776;1754
1777;1460
1777;1358
1777;1128
1777;1628
1777;1771
1778;2170
1778;354
1778;1219
1779;1367
1779;886
1779;1360
1780;1878
1780;987
1780;1298
1782;1904
1784;1069
1784;1750
1784;821
1785;2020
1785;1029
1786;1944
1786;291
1787;2036
1787;2045
1787;1864
1788;2076
1789;1517
1789;171
1790;1963
1790;1316
1792;1964
1792;685
1793;1593
1793;152
1794;1990
1794;984
1794;1387
1795;1789
1795;160
1795;1705
1795;563
1795;1818
1796;966
1796;1195
1797;1845
1798;1860
1798;1894
1798;2113
1799;2110
1799;1977
1800;2073
1800;1861
1800;1945
1800;1146
1801;2113
1801;1894
1802;2107
1802;1114
1802;286
1803;2025
1803;1862
1804;1966
1805;2139
1806;1823
1806;1635
1806;306
1807;1953
1807;1462
1808;438
1809;1952
1810;1968
1811;1301
1813;2148
1813;74
1813;1792
1814;1204
1815;2158
1815;1691
1815;1296
1817;2122
1818;1853
1818;33
1818;826
1819;730
1819;878
1820;2124
1820;2032
1820;1292
1820;1035
1821;1836
1821;2126
1821;1908
1822;500
1823;306
1823;35
1824;666
1826;2013
1826;324
1827;1596
1827;1985
1828;2096
1828;2176
1828;1931
1829;1918
1829;167
1831;1870
1831;2002
1831;1456
1831;1015
1833;2175
1833;2137
1834;489
1834;2012
1835;1997
1836;2126
1836;1908
1837;1951
1838;1354
1838;2122
1838;1841
1839;1254
1841;1354
1841;1817
1842;2098
1843;62
1843;244
1844;2029
1844;1863
1846;975
1846;1243
1846;939
1847;2026
1848;2127
1848;2142
1850;1320
1851;1756
1851;295
1854;834
1856;2085
1856;2051
1856;1133
1857;1970
1858;2024
1858;1103
1858;786
1858;589
1859;1895
1860;1894
1860;468
1861;787
1862;2025
1862;892
1863;684
1863;366
1863;1480
1864;1736
1864;1856
1865;1588
1865;613
1866;1915
1866;1644
1867;2055
1868;1973
1870;1561
1870;384
1871;1845
1872;1994
1873;777
1874;1889
1874;1251
1875;2178
1875;78
1877;2017
1877;1993
1877;1589
1878;796
1878;1298
1878;245
1879;2021
1879;989
1879;2001
1880;1890
1880;492
1881;2146
1881;2153
1882;2136
1883;2107
1884;120
1884;1839
1885;2040
1886;2163
1886;581
1887;2128
1888;2157
1889;1977
1889;2119
1889;1115
1890;1547
1891;792
1891;427
1891;107
1893;641
1893;1848
1894;2113
1895;2106
1895;2123
1896;1907
1896;1102
1897;1214
1898;2135
1899;2093
1899;1965
1899;873
1899;1106
1899;2047
1900;2075
1900;2171
1901;942
1902;1962
1903;1926
1905;2050
1906;699
1907;141
1907;38
1908;2109
1908;592
1909;1307
1909;1348
1910;1590
1910;712
1912;1991
1913;2164
1913;1630
1914;1980
1914;1816
1915;164
1915;1314
1916;2131
1916;2169
1917;1810
1917;340
1917;561
1918;1937
1918;167
1919;2155
1919;969
1920;428
1921;2088
1922;2130
1923;1700
1924;2165
1924;279
1925;1929
1927;2089
1927;301
1927;60
1928;243
1928;887
1928;1862
1930;910
1930;1345
1931;1971
1931;2096
1931;2176
1932;1422
1932;1295
1933;1
1933;379
1934;547
1934;1158
1935;1317
1936;645
1936;707
1936;402
1938;2034
1938;1497
1939;2070
1939;2094
1939;2145
1940;1946
1940;854
1942;2161
1942;2088
1944;1999
1946;854
1946;491
1946;922
1946;887
1947;1258
1948;2120
1948;2097
1948;949
1948;2106
1950;1972
1951;1359
1952;2076
1952;2086
1953;429
1954;1845
1954;179
1954;1797
1956;2144
1956;883
1959;1855
1960;2136
1960;2137
1960;1146
1960;1861
1961;2055
1964;750
1964;1464
1964;534
1965;2030
1965;1680
1965;1761
1966;907
1967;2023
1967;977
1967;429
1968;902
1969;2153
1971;1458
1971;998
1971;2176
1972;1575
1974;240
1975;441
1975;1226
1975;224
1976;2134
1977;2110
1978;2023
1979;1308
1979;903
1980;1991
1980;875
1981;2150
1981;1885
1981;785
1982;1500
1983;965
1984;377
1984;1097
1985;143
1986;2115
1986;2028
1987;1404
1989;1134
1990;439
1995;868
1995;2177
1995;521
1997;849
1998;2160
2000;1882
2000;256
2001;2021
2002;1220
2003;64
2003;228
2004;705
2007;1119
2008;831
2008;119
2009;1321
2009;1602
2011;1205
2012;2141
2012;1570
2016;359
2017;566
2018;870
2018;1503
2018;745
2022;2133
2022;1141
2024;1136
2024;1103
2025;1928
2026;640
2027;2095
2027;2071
2028;70
2029;1557
2031;187
2031;142
2032;2124
2032;2071
2032;1340
2033;1470
2034;2153
2034;1969
2034;176
2035;685
2035;838
2036;2045
2036;292
2037;360
2038;216
2038;1606
2039;1775
2040;2062
2040;626
2041;2077
2042;2069
2043;846
2043;1167
2043;1610
2044;1754
2046;938
2046;637
2047;2093
2047;2082
2047;1088
2047;207
2048;2084
2048;1515
2049;1204
2049;20
2053;792
2055;1421
2056;322
2057;904
2060;238
2061;1523
2063;1026
2064;159
2066;509
2067;2086
2067;2076
2068;1913
2068;746
2068;86
2068;2078
2069;776
2070;2094
2070;1191
2070;2145
2071;2095
2072;2066
2072;1013
2072;583
2072;396
2073;787
2073;1396
2075;1564
2075;2171
2078;1688
2078;2020
2079;1814
2080;1688
2080;2068
2081;1300
2082;456
2084;1996
2086;2076
2087;1051
2087;820
2087;1645
2087;1147
2088;2161
2090;956
2090;2160
2091;2116
2091;1007
2091;1270
2091;1665
2092;2044
2093;2082
2093;207
2093;634
2094;2145
2096;2176
2096;294
2097;2106
2098;1269
2098;438
2099;329
2099;690
2099;1630
2100;425
2100;1553
2102;883
2102;2044
2102;1956
2103;1603
2106;2123
2108;992
2111;2129
2111;635
2111;1670
2111;1652
2112;1489
2112;2137
2112;1833
2114;2139
2114;585
2116;1665
2118;1026
2119;1725
2119;722
2120;2106
2120;949
2120;2097
2121;1488
2121;1555
2121;96
2122;350
2124;2071
2124;1340
2126;219
2127;2142
2128;700
2129;1670
2131;2169
2132;2081
2136;2137
2137;2175
2137;1465
2138;2168
2140;1819
2140;789
2140;878
2140;1232
2140;1685
2142;62
2142;1575
2143;993
2144;883
2147;2148
2147;971
2149;78
2149;2178
2151;1314
2151;164
2151;194
2152;1940
2152;1946
2152;1381
2153;231
2154;1425
2154;2115
2154;1042
2155;2156
2157;1620
2159;96
2159;1652
2161;82
2163;581
2163;321
2165;560
2165;1765
2166;1249
2166;331
2167;2165
2169;922
2169;1520
2172;1000
2173;1230
2174;1579
2174;1462
2175;548
2177;16
2177;1785
2178;1084
2179;1277
2179;2157
2180;923
2180;1610
2180;1034
2180;1377
2180;1545
2181;885
2181;1518
2181;184
2181;159
2181;362
2182;1708
2182;625
2182;1624
2182;597
2182;1333
2183;625
2183;39
2183;1986
2183;79
2183;2028
2184;1258
2184;221
2184;1222
2184;591
2184;1947
2185;2154
2185;1608
2185;1713
2185;910
2185;222
2186;1377
2186;923
2186;1034
2186;1545
2186;50
2187;147
2187;1752
2187;653
2187;762
2187;1592
2188;1208
2188;591
2188;1487
2188;104
2188;1825
2189;2180
2189;923
2189;2186
2189;1377
2189;2043
2190;910
2190;2154
2190;1425
2190;891
2190;1042
2191;1572
2191;179
2191;1797
2191;104
2191;1664
2192;1664
2192;1797
2192;179
2192;2191
2192;330
2193;587
2193;541
2193;597
2193;1038
2193;337
2194;1610
2194;2180
2194;2189
2194;1240
2194;1027
2195;2115
2195;79
2195;891
2195;39
2195;1042
2196;500
2196;1372
2196;1309
2196;1822
2196;1504
2197;2190
2197;1425
2197;910
2197;2154
2197;1930
2198;508
2198;2193
2198;1197
2198;1333
2198;541
2199;2196
2199;1822
2199;2010
2199;500
2199;1372
2200;653
2200;2010
2200;1752
2200;70
2200;1150
2201;1027
2201;1240
2201;1610
2201;1174
2201;1264
2202;2028
2202;1338
2202;323
2202;70
2202;625
2203;1170
2203;1052
2203;1774
2203;732
2203;726
2204;1138
2204;1716
2204;1619
2204;1774
2204;298
2205;1764
2205;1492
2205;885
2205;1077
2205;2181
2206;1708
2206;1155
2206;1624
2206;1871
2206;2182
2207;2010
2207;2200
2207;2199
2207;653
2207;1150
2208;1947
2208;2184
2208;1222
2208;1716
2208;1619
2209;979
2209;150
2209;587
2209;1316
2209;990
2210;1223
2210;567
2210;2122
2210;1838
2210;1354
2211;1027
2211;2201
2211;1240
2211;1610
2211;1697
2212;826
2212;1818
2212;563
2212;33
2212;1853
2213;1155
2213;1624
2213;330
2213;1845
2213;1871
2214;1947
2214;2208
2214;1716
2214;298
2214;1519
2215;976
2215;913
2215;1954
2215;163
2215;182
2216;2185
2216;1713
2216;1608
2216;165
2216;222
2217;2198
2217;1038
2217;541
2217;2193
2217;362
2218;2203
2218;1774
2218;298
2218;1138
2218;1170
2219;1986
2219;39
2219;2183
2219;625
2219;2115
2220;248
2220;362
2220;272
2220;184
2220;1038
2221;2181
2221;885
2221;2205
2221;184
2221;1518
2222;1697
2222;1328
2222;1610
2222;1240
2222;2194
2223;1316
2223;587
2223;2209
2223;597
2223;150
2224;600
2224;1372
2224;1309
2224;2196
2224;1822
2225;1487
2225;1825
2225;1353
2225;2188
2225;104
2226;36
2226;1906
2226;699
2226;976
2226;45
2227;2122
2227;2212
2227;2210
2227;567
2227;107
2228;1708
2228;2206
2228;1155
2228;1624
2228;1871
2229;1208
2229;2188
2229;1502
2229;1222
2229;591
2230;1316
2230;150
2230;597
2230;2223
2230;2202
2231;1333
2231;508
2231;2198
2231;100
2231;1197
2232;1338
2232;562
2232;323
2232;2015
2232;808
2233;1518
2233;159
2233;1111
2233;2064
2233;2181
2234;1150
2234;2010
2234;109
2234;1504
2234;1457
2235;1240
2235;2211
2235;1027
2235;2201
2235;1610
2236;1947
2236;2208
2236;2214
2236;1716
2236;1619
2237;1790
2237;2230
2237;70
2237;150
2237;2202
2238;2212
2238;2227
2238;1818
2238;1853
2238;563
2239;1167
2239;1311
2239;50
2239;566
2239;1545
2240;1113
2240;1455
2240;808
2240;2015
2240;1345
2241;2201
2241;2211
2241;1027
2241;2235
2241;1240
2242;206
2242;2227
2242;2212
2242;2238
2242;520
2243;45
2243;1492
2243;1906
2243;2064
2243;699
2244;597
2244;1333
2244;2231
2244;587
2244;2182
2245;147
2245;1592
2245;762
2245;2187
2245;566
2246;2222
2246;1034
2246;923
2246;1328
2246;1697
2247;147
2247;1592
2247;762
2247;2245
2247;2187
2248;587
2248;597
2248;2223
2248;1316
2248;2193
2249;221
2249;1258
2249;2184
2249;1519
2249;1947
2250;2230
2250;597
2250;2244
2250;1316
2250;2248
2251;2242
2251;206
2251;2227
2251;2210
2251;2212
2252;323
2252;1338
2252;70
2252;562
2252;2202
2253;562
2253;323
2253;2252
2253;2015
2253;2207
2254;1138
2254;2204
2254;1716
2254;1774
2254;1619
2255;1338
2255;2202
2255;323
2255;2252
2255;2028
2256;2253
2256;2207
2256;562
2256;2015
2256;2010
2257;2187
2257;1752
2257;653
2257;147
2257;2234
2258;2015
2258;562
2258;2253
2258;2256
2258;2232
2259;1664
2259;2192
2259;1797
2259;179
2259;1871
2260;923
2260;1034
2260;2186
2260;2180
2260;1377
2261;913
2261;976
2261;2215
2261;163
2261;699
2262;2252
2262;2255
2262;323
2262;1338
2262;2202
2263;1353
2263;104
2263;233
2263;1572
2263;2191
2264;488
2264;1225
2264;777
2264;181
2264;272
2265;272
2265;488
2265;2264
2265;181
2265;1225
2266;2213
2266;1624
2266;1155
2266;1845
2266;330
2267;1052
2267;2203
2267;1170
2267;732
2267;726
2268;2205
2268;885
2268;2221
2268;1764
2268;2181
2269;2253
2269;2256
2269;2207
2269;2200
2269;2252
2270;2219
2270;1986
2270;2115
2270;39
2270;1042
2271;1333
2271;2244
2271;2231
2271;2198
2271;597
2272;2189
2272;2180
2272;2194
2272;1610
2272;2043
2273;1502
2273;2229
2273;1208
2273;1825
2273;2225
2274;1752
2274;653
2274;70
2274;2200
2274;2269
2275;2260
2275;923
2275;2186
2275;1034
2275;1377
2276;79
2276;39
2276;2183
2276;625
2276;2219
2277;2261
2277;913
2277;2215
2277;976
2277;163
2278;2243
2278;45
2278;1492
2278;1906
2278;2064
2279;1708
2279;2206
2279;2228
2279;1624
2279;1155
2280;248
2280;362
2280;1038
2280;2220
2280;1225
2281;159
2281;2233
2281;1518
2281;1111
2281;1197
2282;2242
2282;2251
2282;2227
2282;2212
2282;2238
2283;2208
2283;1619
2283;1947
2283;1716
2283;2236
2284;2195
2284;79
2284;2276
2284;2270
2284;39
2285;891
2285;1042
2285;2115
2285;2270
2285;910
2286;2218
2286;298
2286;2195
2286;2254
2286;1138
2287;1309
2287;600
2287;1711
2287;1471
2287;2224
2288;2261
2288;913
2288;976
2288;2215
2288;163
2289;2224
2289;1372
2289;600
2289;1822
2289;1309
2290;1223
2290;2210
2290;1838
2290;567
2290;1954
2291;2269
2291;2200
2291;653
2291;2274
2291;70
2292;2257
2292;2187
2292;109
2292;2234
2292;1150
2293;885
2293;43
2293;184
2293;1328
2293;1788
2294;2244
2294;2271
2294;1333
2294;2231
2294;597
2295;2181
2295;2221
2295;885
2295;2268
2295;2293
2296;2277
2296;1954
2296;182
2296;2215
2296;2261
2297;2296
2297;1954
2297;182
2297;2277
2297;2215
2298;181
2298;777
2298;1873
2298;2264
2298;337
2299;1825
2299;2225
2299;1487
2299;1353
2299;2273
2300;2290
2300;1223
2300;2210
2300;206
2300;1954
2301;147
2301;2247
2301;1592
2301;2245
2301;762
2302;1624
2302;2294
2302;2271
2302;1333
2302;2279
2303;1345
2303;496
2303;808
2303;1455
2303;1930
2304;1504
2304;1150
2304;1457
2304;2010
2304;2234
2305;50
2305;1167
2305;1592
2305;762
2305;1545
2306;2251
2306;2242
2306;2282
2306;206
2306;2227
2307;70
2307;2274
2307;2291
2307;1752
2307;2252
2308;43
2308;1788
2308;1328
2308;348
2308;2293
2309;2182
2309;2279
2309;2302
2309;2294
2309;1708
2310;508
2310;1197
2310;1111
2310;100
2310;2231
2311;2278
2311;45
2311;2243
2311;1906
2311;699
2312;2154
2312;2195
2312;910
2312;2286
2312;2190
2313;298
2313;2286
2313;2254
2313;2218
2313;1138
2314;2242
2314;2251
2314;2306
2314;2282
2314;206
2315;1954
2315;182
2315;2297
2315;2296
2315;2277
2316;2280
2316;248
2316;362
2316;1038
2316;2220
2317;2233
2317;1518
2317;159
2317;2181
2317;2281
2318;2314
2318;520
2318;2242
2318;2251
2318;206
2319;2180
2319;2194
2319;2272
2319;1610
2319;2189
2320;496
2320;2303
2320;1345
2320;1455
2320;808
2321;2267
2321;1170
2321;2203
2321;1052
2321;732
2322;2028
2322;2183
2322;625
2322;2219
2322;1986
2323;2253
2323;323
2323;562
2323;2252
2323;2269
2324;179
2324;1797
2324;2191
2324;182
2324;2192
2325;1518
2325;2064
2325;2233
2325;2281
2325;45
2326;2286
2326;2313
2326;298
2326;2218
2326;2195
2327;2205
2327;1492
2327;2268
2327;1077
2327;1764
2328;1963
2328;150
2328;1790
2328;990
2328;979
2329;1338
2329;2232
2329;2255
2329;323
2329;2028
2330;1457
2330;1504
2330;1585
2330;1150
2330;109
2331;2321
2331;2203
2331;1170
2331;2267
2331;1052
2332;2292
2332;382
2332;109
2332;2257
2332;2187
2333;653
2333;2274
2333;1752
2333;2200
2333;2291
2334;1697
2334;2222
2334;1328
2334;2246
2334;2308
2335;109
2335;2332
2335;1457
2335;2330
2335;2111
2336;597
2336;2193
2336;587
2336;2248
2336;2244
2337;2238
2337;2282
2337;2212
2337;2227
2337;2242
2338;2246
2338;184
2338;1328
2338;2293
2338;2334
2339;2270
2339;2115
2339;2284
2339;2195
2339;79
2340;2224
2340;2289
2340;1372
2340;600
2340;1309
2341;1113
2341;2240
2341;1455
2341;1822
2341;808
2342;2235
2342;2241
2342;2211
2342;1240
2342;2201
2343;2198
2343;508
2343;2310
2343;2217
2343;1197
2344;2204
2344;1619
2344;1138
2344;2254
2344;1716
2345;2064
2345;1402
2345;100
2345;699
2345;1111
2346;2117
2346;165
2346;282
2346;1052
2346;1086
2347;2230
2347;1316
2347;150
2347;2237
2347;2223
2348;2122
2348;1354
2348;567
2348;350
2348;1817
2349;1208
2349;2188
2349;591
2349;2229
2349;1258
2350;2122
2350;2348
2350;567
2350;1354
2350;2227
2351;2226
2351;1906
2351;36
2351;2311
2351;2278
2352;2254
2352;1774
2352;1138
2352;2204
2352;2344
2353;762
2353;2247
2353;1332
2353;1592
2353;147
2354;2286
2354;2218
2354;2185
2354;2326
2354;2312
2355;2265
2355;2186
2355;1034
2355;1377
2355;272
2356;567
2356;2122
2356;2348
2356;2210
2356;1838
2357;1947
2357;2208
2357;2184
2357;1222
2357;2249
2358;2246
2358;1034
2358;2338
2358;923
2358;2222
2359;2200
2359;653
2359;2234
2359;2333
2359;2010
2360;500
2360;2196
2360;2304
2360;1309
2360;2199
2361;1545
2361;1377
2361;50
2361;2186
2361;2298
2362;2196
2362;2360
2362;1372
2362;1822
2362;2199
2363;147
2363;2301
2363;2247
2363;1592
2363;2245
2364;1240
2364;2211
2364;2235
2364;1027
2364;2201
2365;2346
2365;2117
2365;165
2365;1052
2365;2267
2366;2242
2366;2314
2366;2318
2366;2282
2366;2251
2367;2353
2367;762
2367;1332
2367;990
2367;2247
2368;1610
2368;2194
2368;2319
2368;2235
2368;2342
2369;2335
2369;2332
2369;109
2369;2292
2369;1457
2370;2342
2370;1610
2370;2194
2370;2235
2370;2368
2371;2218
2371;2286
2371;2313
2371;2354
2371;2326
2372;2215
2372;976
2372;2288
2372;2261
2372;913
2373;1845
2373;2277
2373;2296
2373;2297
2373;182
2374;2194
2374;2319
2374;2272
2374;1610
2374;2180
2375;2318
2375;2366
2375;2314
2375;2242
2375;520
2376;2285
2376;891
2376;1042
2376;2115
2376;2190
2377;1113
2377;2240
2377;1822
2377;2341
2377;2199
2378;2266
2378;2213
2378;1624
2378;163
2378;2373
2379;2284
2379;79
2379;2276
2379;2195
2379;2339
2380;2193
2380;2217
2380;2198
2380;541
2380;2343
2381;1624
2381;2302
2381;2279
2381;2309
2381;2228
2382;2359
2382;653
2382;2333
2382;2234
2382;2200
2383;2265
2383;2355
2383;272
2383;488
2383;2264
2384;1457
2384;109
2384;2330
2384;2335
2384;1150
2385;2010
2385;2234
2385;2304
2385;1150
2385;1504
2386;2303
2386;2320
2386;1345
2386;496
2386;808
2387;2238
2387;2337
2387;2282
2387;2227
2387;2212
2388;2154
2388;2312
2388;2185
2388;2354
2388;910
2389;2299
2389;1825
2389;2225
2389;1487
2389;1353
2390;1402
2390;100
2390;2345
2390;1111
2390;1197
2391;2282
2391;2242
2391;2251
2391;2314
2391;2306
2392;1309
2392;2287
2392;600
2392;500
2392;1372
2393;2286
2393;2354
2393;2312
2393;2326
2393;2388
2394;1333
2394;2231
2394;2302
2394;2271
2394;2381
2395;2347
2395;2237
2395;2230
2395;150
2395;1316
2396;1610
2396;2370
2396;2368
2396;2194
2396;2342
2397;1328
2397;2334
2397;2338
2397;2308
2397;43
2398;2195
2398;2312
2398;2284
2398;2339
2398;2115
2399;625
2399;2183
2399;2322
2399;2230
2399;2250
2400;2378
2400;2266
2400;2213
2400;2373
2400;2277
2401;2192
2401;2259
2401;2191
2401;1572
2401;1664
2402;2190
2402;910
2402;2197
2402;2154
2402;2376
2403;2383
2403;2355
2403;2265
2403;272
2403;1034
2404;2028
2404;2202
2404;2322
2404;2255
2404;1338
2405;2360
2405;500
2405;2196
2405;2304
2405;1504
2406;2235
2406;1240
2406;2364
2406;2342
2406;1697
2407;2287
2407;2392
2407;1711
2407;1471
2407;1309
2408;2199
2408;2377
2408;1822
2408;2362
2408;2196
2409;1954
2409;2315
2409;182
2409;2297
2409;2300
2410;488
2410;272
2410;2264
2410;1225
2410;2265
2411;910
2411;2285
2411;2190
2411;2376
2411;2402
2412;109
2412;2369
2412;2292
2412;2384
2412;2234
2413;2345
2413;2064
2413;699
2413;1402
2413;2390
2414;272
2414;2410
2414;488
2414;2383
2414;2265
2415;1492
2415;2327
2415;2243
2415;2205
2415;720
2416;699
2416;2226
2416;2351
2416;976
2416;2311
2417;2344
2417;2204
2417;1774
2417;2352
2417;2254
2418;2330
2418;1457
2418;2384
2418;1504
2418;1150
2419;1042
2419;2285
2419;891
2419;2376
2419;2115
2420;150
2420;2347
2420;2395
2420;1316
2420;2328
2421;2336
2421;2198
2421;2193
2421;2343
2421;2380
2422;2379
2422;79
2422;2276
2422;2284
2422;2214
2423;625
2423;2183
2423;2276
2423;2182
2423;2399
2424;2338
2424;2397
2424;2246
2424;1328
2424;184
2425;79
2425;2276
2425;2379
2425;2284
2425;39
2426;2423
2426;2182
2426;2399
2426;2250
2426;625
2427;2326
2427;2286
2427;2393
2427;2313
2427;298
2428;2305
2428;1592
2428;2247
2428;762
2428;2301
2429;2252
2429;2262
2429;323
2429;2255
2429;2323
2430;2307
2430;2252
2430;70
2430;2291
2430;2429
2431;1034
2431;2403
2431;923
2431;2358
2431;2260
2432;2368
2432;1610
2432;2396
2432;2370
2432;2194
2433;2405
2433;500
2433;2360
2433;2418
2433;1504
2434;2015
2434;2258
2434;562
2434;808
2434;2240
2435;1624
2435;2228
2435;2213
2435;1155
2435;2266
2436;337
2436;541
2436;777
2436;2264
2436;1225
2437;2392
2437;2287
2437;1309
2437;2407
2437;600
2438;2415
2438;1492
2438;2243
2438;2278
2438;2327
2439;2401
2439;591
2439;1572
2439;104
2439;221
2440;1353
2440;1825
2440;2299
2440;2389
2440;2263
2441;2367
2441;1963
2441;2353
2441;990
2441;2328
2442;2422
2442;2379
2442;2214
2442;1519
2442;2206
2443;2241
2443;2211
2443;2201
2443;1027
2443;2342
2444;2414
2444;2220
2444;272
2444;2410
2444;488
2445;2292
2445;2412
2445;2257
2445;2332
2445;2369
2446;2367
2446;2353
2446;762
2446;1332
2446;990
2447;2329
2447;2232
2447;1338
2447;2255
2447;2028
2448;2329
2448;2447
2448;1338
2448;2232
2448;2255
2449;2250
2449;2230
2449;597
2449;2347
2449;1316
2450;1377
2450;2186
2450;2275
2450;2355
2450;2361
2451;1455
2451;808
2451;1345
2451;2320
2451;2240
2452;2187
2452;2257
2452;2292
2452;2445
2452;2363
2453;2230
2453;2395
2453;2347
2453;2237
2453;2399
2454;2428
2454;1167
2454;2305
2454;566
2454;2239
2455;2323
2455;2253
2455;562
2455;323
2455;2252
2456;1838
2456;1841
2456;1213
2456;350
2456;567
2457;2449
2457;2250
2457;2230
2457;2347
2457;2453
2458;2399
2458;2453
2458;2230
2458;2457
2458;2426
2459;2441
2459;1790
2459;1963
2459;2328
2459;1752
2460;179
2460;2324
2460;1797
2460;2191
2460;2192
2461;2291
2461;2200
2461;2269
2461;653
2461;2207
2462;1906
2462;2438
2462;2243
2462;2311
2462;2415
2463;777
2463;337
2463;2298
2463;181
2463;1873
2464;2334
2464;1697
2464;2222
2464;2397
2464;2406
2465;2213
2465;1155
2465;2266
2465;2435
2465;330
2466;2284
2466;2195
2466;2379
2466;2398
2466;2427
2467;2185
2467;2388
2467;2154
2467;2197
2467;1608
2468;2281
2468;1111
2468;159
2468;2064
2468;2345
2469;1345
2469;2386
2469;2303
2469;808
2469;2320
2470;2347
2470;2420
2470;1316
2470;150
2470;2395
2471;508
2471;2310
2471;2343
2471;2231
2471;1197
2472;1822
2472;2289
2472;2362
2472;1372
2472;2408
2473;45
2473;2064
2473;2243
2473;2278
2473;2325
2474;2193
2474;2380
2474;2436
2474;541
2474;587
2475;2217
2475;2380
2475;541
2475;1038
2475;2474
2476;2321
2476;2267
2476;2331
2476;1170
2476;2203
2477;762
2477;2353
2477;1592
2477;2367
2477;2247
2478;990
2478;1963
2478;2441
2478;2328
2478;2446
2479;2322
2479;2404
2479;2028
2479;2399
2479;2202
2480;2332
2480;2292
2480;2445
2480;2369
2480;382
2481;2154
2481;910
2481;2190
2481;2411
2481;2402
2482;2450
2482;1377
2482;2361
2482;2186
2482;2355
2483;2183
2483;625
2483;2276
2483;39
2483;2423
2484;2271
2484;2294
2484;2244
2484;1333
2484;2231
2485;2406
2485;1697
2485;2222
2485;2235
2485;2464
2486;2261
2486;2288
2486;913
2486;2372
2486;976
2487;591
2487;2439
2487;2349
2487;221
2487;1258
2488;2325
2488;1518
2488;2233
2488;2281
2488;2468
2489;625
2489;2183
2489;2483
2489;2399
2489;2322
2490;2180
2490;2189
2490;2319
2490;2260
2490;2275
2491;2318
2491;520
2491;233
2491;206
2491;2375
2492;2320
2492;2451
2492;2469
2492;1455
2492;1345
2493;1425
2493;2402
2493;1930
2493;2197
2493;2190
2494;2336
2494;2421
2494;2193
2494;587
2494;2248
2495;2346
2495;2117
2495;2365
2495;282
2495;1052
2496;2257
2496;2187
2496;2452
2496;2292
2496;2445
2497;50
2497;1545
2497;2361
2497;2305
2497;2482
2498;2369
2498;2335
2498;2412
2498;2384
2498;109
2499;1487
2499;2225
2499;104
2499;1353
2499;2389
2500;2182
2500;2309
2500;2279
2500;2206
2500;2423
2501;2451
2501;2341
2501;1455
2501;2240
2501;1113
2502;2339
2502;2115
2502;2270
2502;2195
2502;891
2503;1504
2503;2304
2503;1150
2503;1457
2503;2385
2504;2493
2504;2402
2504;2197
2504;2190
2504;1425
2505;2401
2505;2439
2505;1572
2505;2191
2505;2192
2506;2231
2506;1333
2506;2471
2506;2343
2506;2421
2507;2297
2507;182
2507;2315
2507;2296
2507;1954
2508;2300
2508;2290
2508;1223
2508;2210
2508;206
2509;2219
2509;1986
2509;2322
2509;2479
2509;39
2510;562
2510;2258
2510;2323
2510;2455
2510;2015
2511;2500
2511;2182
2511;2206
2511;2423
2511;2279
2512;2441
2512;2452
2512;2363
2512;2187
2512;2496
2513;182
2513;2507
2513;2324
2513;2315
2513;2373
2514;808
2514;2232
2514;2434
2514;1345
2514;2015
2515;2213
2515;2465
2515;2266
2515;1845
2515;330
2516;2456
2516;1838
2516;36
2516;1841
2516;1213
2517;348
2517;1788
2517;2308
2517;43
2517;1328
2518;2200
2518;653
2518;2461
2518;2291
2518;2333
2519;2262
2519;2429
2519;2255
2519;2202
2519;2252
2520;233
2520;520
2520;1812
2520;2491
2520;2318
2521;1042
2521;2419
2521;891
2521;2376
2521;2285
2522;1619
2522;2283
2522;1716
2522;1704
2522;728
2523;2256
2523;2253
2523;2269
2523;2455
2523;2323
2524;1402
2524;2390
2524;100
2524;2345
2524;2413
2525;365
2525;1812
2525;2440
2525;233
2525;520
2526;2338
2526;2424
2526;184
2526;2246
2526;2358
2527;2474
2527;587
2527;2248
2527;2209
2527;2193
2528;2519
2528;2202
2528;2237
2528;2262
2528;70
2529;2493
2529;2376
2529;2419
2529;2402
2529;2504
2530;2513
2530;2324
2530;2460
2530;179
2530;1797
2531;2398
2531;2312
2531;2195
2531;2411
2531;2481
2532;2441
2532;2459
2532;2478
2532;1963
2532;2512
2533;1223
2533;2290
2533;2508
2533;2210
2533;1838
2534;2459
2534;1752
2534;1790
2534;2333
2534;2274
2535;2408
2535;2199
2535;1822
2535;2377
2535;2472
2536;2434
2536;2015
2536;2258
2536;2377
2536;2240
2537;2394
2537;2231
2537;1333
2537;2390
2537;2378
2538;2352
2538;2254
2538;1138
2538;1774
2538;2204
2539;2272
2539;2189
2539;2319
2539;2374
2539;2180
2540;2423
2540;2182
2540;2426
2540;2500
2540;2511
2541;2501
2541;2341
2541;1113
2541;2240
2541;2451
2542;913
2542;2261
2542;163
2542;2288
2542;2277
2543;2361
2543;2497
2543;2298
2543;1545
2543;2482
2544;2456
2544;1838
2544;2516
2544;1841
2544;567
2545;2515
2545;1845
2545;330
2545;2465
2545;2213
2546;1258
2546;2184
2546;221
2546;2249
2546;2357
2547;2522
2547;728
2547;1704
2547;1619
2547;2344
2548;1113
2548;2341
2548;2240
2548;2377
2548;2472
2549;100
2549;1111
2549;1197
2549;2310
2549;2390
2550;2357
2550;2184
2550;1222
2550;2546
2550;1258
2551;2378
2551;2266
2551;2400
2551;2213
2551;2515
2552;2232
2552;2514
2552;2329
2552;2447
2552;2448
2553;2521
2553;2303
2553;2419
2553;1042
2553;2386
2554;2344
2554;2417
2554;2204
2554;1619
2554;1138
2555;1519
2555;2249
2555;2442
2555;221
2555;1871
2556;2182
2556;2309
2556;2500
2556;2426
2556;2540
2557;2240
2557;1113
2557;2341
2557;2548
2557;1455
2558;2312
2558;2393
2558;2388
2558;2531
2558;2354
2559;2512
2559;2441
2559;2452
2559;2187
2559;2496
2560;2512
2560;2559
2560;2441
2560;2363
2560;2532
2561;2375
2561;1812
2561;520
2561;233
2561;2318
2562;2289
2562;2472
2562;1822
2562;2340
2562;1372
2563;1240
2563;2364
2563;2406
2563;2211
2563;2485
2564;2555
2564;2442
2564;1519
2564;2249
2564;2214
2565;1208
2565;2349
2565;2188
2565;2229
2565;591
2566;337
2566;777
2566;2436
2566;2463
2566;541
2567;2439
2567;2487
2567;591
2567;221
2567;2505
2568;1664
2568;330
2568;2259
2568;2192
2568;1845
2569;2344
2569;2554
2569;2417
2569;2204
2569;1619
2570;2324
2570;2460
2570;2191
2570;179
2570;2530
2571;2410
2571;488
2571;272
2571;2414
2571;2264
2572;2214
2572;2236
2572;298
2572;1947
2572;2208
2573;2556
2573;2309
2573;2182
2573;2294
2573;2500
2574;2454
2574;2428
2574;2245
2574;1592
2574;566
2575;2239
2575;1167
2575;50
2575;1545
2575;1311
2576;2553
2576;2521
2576;2419
2576;2376
2576;1042
2577;2289
2577;2340
2577;1372
2577;2224
2577;2562
2578;2575
2578;2239
2578;1167
2578;2189
2578;50
2579;2010
2579;2207
2579;2385
2579;2200
2579;2234
