4.88612;16.6434
6.77671;1.37347
11.5174;5.86406
0.872253;10.1603
10.9603;6.0938
7.78543;15.489
10.7424;9.50198
2.83498;18.62
8.22365;8.57415
5.23495;2.95445
6.61782;22.4445
2.10011;20.7127
7.51663;2.32035
10.0348;2.11677
1.05585;5.5143
4.33667;12.8743
10.2266;24.079
6.57588;21.1121
1.81986;16.1376
2.4334;1.69026
10.2607;22.1408
7.92887;19.5067
2.60436;23.3217
5.59694;23.4607
2.72114;23.4691
0.191603;20.2344
9.19088;4.96537
6.89867;10.1996
3.36264;10.6891
5.68448;9.57339
7.47849;21.7125
10.3605;12.3611
9.13452;10.6954
3.4492;23.7345
0.384476;12.7456
11.7345;23.0645
4.10143;16.604
7.64822;14.5292
6.42721;2.69786
5.53381;19.8214
0.0770626;12.4051
6.48731;20.0805
8.01712;3.00296
1.97545;24.6561
6.31941;16.5965
3.79825;3.89547
5.68108;4.6772
7.50305;6.10047
7.09505;23.7299
1.76999;16.2056
4.83485;3.25974
6.12466;19.3619
9.16786;3.84124
3.64208;7.78933
3.01804;19.8811
0.743429;6.70606
2.9013;15.6666
0.363046;23.6566
8.61672;5.06674
10.2982;6.36162
9.99843;4.54226
4.73404;7.97226
4.25513;0.513696
6.49511;24.5921
11.1893;17.9077
6.82971;8.71907
9.76959;2.06779
0.960466;15.0311
2.72724;9.97218
10.5325;12.4481
1.77843;24.4312
8.84039;10.1394
6.5067;19.9408
3.59815;6.7674
11.5419;4.10872
6.05955;20.6708
3.99276;23.3861
1.21987;17.8704
11.0307;16.7158
7.59807;22.1434
3.98007;5.26019
2.2442;3.79093
3.38215;6.94345
8.68711;13.237
7.80721;15.6426
11.8547;20.7689
6.4956;18.8393
2.26538;2.17165
5.89851;12.7043
4.12571;11.7876
7.75986;22.0681
2.98081;25.464
8.97886;9.10148
8.00051;17.354
11.9157;7.79692
6.22956;8.44075
6.02636;18.3598
5.64539;20.3851
11.6784;5.05376
3.5179;16.2189
9.55215;7.30726
5.0713;8.77012
0.0676535;15.8961
5.05005;12.9267
1.2002;19.8808
11.4066;19.4135
7.36103;5.17276
8.71268;9.40308
6.58811;10.2119
0.349425;14.0915
8.31177;14.2545
10.3995;5.06594
3.05275;8.76393
11.7466;5.91757
6.37739;7.07316
10.2168;8.51401
6.63711;7.12429
7.97729;14.527
10.6248;2.22589
0.670935;25.6209
10.2031;0.16803
8.78508;12.0556
2.46498;11.9118
9.904;19.615
10.2109;22.2158
3.55686;14.1325
4.83242;4.23879
8.86083;17.0845
6.00125;18.6495
10.6164;0.820399
11.872;19.1386
4.30819;14.1031
0.121325;0.618531
1.21388;23.2833
1.31281;4.08377
10.5711;24.9511
1.96237;15.9385
5.08002;9.5926
0.853977;6.4654
1.48045;23.974
1.23746;10.9142
5.58763;13.1514
6.99367;5.305
1.95504;2.15567
11.0559;1.23802
1.37357;23.6772
9.40459;12.3105
5.43705;20.6395
5.96723;14.4104
8.27205;15.7734
8.53575;14.8269
6.79595;22.7459
2.19941;25.7313
2.92547;6.61568
2.86;9.54616
2.11831;8.87783
9.44323;16.6962
10.1673;9.61329
10.1544;0.265141
5.43183;19.9557
0.693769;14.745
8.13826;21.8798
0.487155;3.41316
7.62427;13.9845
8.22624;8.44202
1.73443;10.3176
10.7395;18.4825
3.26011;2.03433
8.40635;13.4021
3.99231;24.4104
10.5915;13.2397
3.36381;17.4086
1.81655;3.31747
0.471638;25.9371
1.65351;12.7908
9.18127;5.08578
0.708864;11.5256
0.445638;2.59137
6.89483;17.4848
7.65041;6.76231
11.9662;20.3338
7.88305;23.1957
5.91521;24.1435
11.6446;5.03006
5.32874;7.88008
1.58791;8.49387
9.74758;10.7287
11.955;25.0556
6.48286;0.924344
11.5351;17.6288
6.33009;18.8854
10.4837;15.2511
2.03589;23.6801
8.23497;19.3499
6.9992;8.41831
0.0517872;15.0918
1.27021;17.1922
5.67116;15.5684
7.078;11.5176
9.50699;0.881285
8.95276;24.039
4.32699;14.5174
4.04663;9.27762
6.26447;22.8139
4.7086;12.5657
6.66587;23.9171
2.51591;11.1573
6.07763;9.86222
4.07882;5.01064
1.48251;24.0024
6.19798;3.32431
6.04345;16.1811
9.46914;25.3817
2.65362;9.85214
5.03041;0.347989
4.95389;4.29688
11.2555;20.1086
8.68352;7.15465
1.56286;6.3873
1.83164;13.5882
8.74754;18.4113
5.31014;24.4041
1.64704;24.6735
3.81524;12.406
1.70038;11.4785
4.80389;17.1131
6.83205;23.5026
3.36655;9.31924
10.562;13.0437
8.84833;7.78347
6.18078;3.90482
5.57555;11.7786
11.0831;4.89464
8.73844;1.3996
5.20705;22.9018
6.91743;4.23494
7.06759;0.493068
1.21803;18.8817
11.6153;10.9054
2.4405;2.85074
10.331;15.6962
9.21408;11.1867
6.09174;1.25804
9.46426;10.083
6.6008;13.6773
8.24606;1.69342
8.11482;3.94683
6.21787;15.5955
4.08068;6.40535
7.8439;20.1234
1.52639;5.98287
11.2423;18.6203
2.98889;0.997428
5.30862;5.64252
5.49362;16.7897
3.91997;8.28674
2.9935;2.4571
8.98772;19.6847
1.71468;13.9793
1.73893;18.0169
0.764575;21.6342
9.09706;19.2387
11.8066;7.18235
4.07732;8.42246
6.27124;25.8293
1.17502;16.8949
2.68254;0.904222
4.39162;12.2881
0.877685;21.0172
8.27567;13.8045
5.44936;0.423885
10.196;18.2929
1.32969;15.5646
5.5281;6.59613
1.63566;15.7452
11.3598;5.2005
5.25203;18.3233
11.2796;10.9604
11.7718;7.27338
8.94593;13.0933
3.27816;21.9287
1.84071;12.9148
10.5383;13.5034
11.6321;24.7346
3.93258;17.1336
5.78727;20.3275
8.10345;8.63033
5.8248;20.4385
11.1669;24.5979
0.477499;1.73888
6.61993;25.6476
3.20279;25.7226
8.29425;5.37857
4.9306;17.4765
5.83936;4.0658
2.10915;19.7546
11.9975;8.55803
3.07822;22.8274
10.1822;5.87243
9.9517;4.582
10.6182;8.10111
11.4967;14.5635
7.7222;11.5299
4.15474;14.9264
4.6744;10.0365
7.69166;24.471
4.46958;23.6047
11.1663;1.65496
1.37687;8.87657
8.82991;15.6352
5.9734;23.7013
4.33375;12.9369
2.88892;16.0593
4.50661;2.32074
10.1223;5.32634
3.18588;18.9377
6.19728;5.81227
3.46208;4.15888
8.00409;16.5031
8.80859;1.47006
0.249057;9.75055
11.9728;10.2237
3.39471;24.1347
5.48247;10.3384
3.23598;5.01014
11.9878;19.9537
1.25143;9.36339
3.18025;8.97074
11.7335;16.6549
5.21145;21.3544
10.1452;18.1942
6.59634;9.40864
11.0799;21.7933
6.26193;15.3487
5.67524;6.6528
7.7625;12.836
7.57078;16.7599
10.6429;23.7585
6.87442;8.93838
3.73706;21.9059
6.43778;8.07056
7.31977;16.6599
8.04644;22.75
11.8295;16.8566
6.18688;10.9222
5.63584;9.38609
1.43834;0.50305
8.67449;1.12289
10.2906;6.36226
7.60227;8.59267
6.00695;7.29034
9.89015;3.4184
11.1001;18.4884
0.543208;12.9448
0.658496;9.27392
4.0849;15.3753
8.00515;24.7101
2.78548;8.77844
9.90469;5.66589
11.8316;8.86506
7.65603;11.846
8.42361;19.7045
5.69958;11.0459
9.61263;8.6454
8.03453;11.2989
7.95603;4.42321
8.57967;12.6667
3.6192;16.6395
2.37927;9.01856
1.65426;6.58182
8.44268;12.4348
10.134;9.63697
5.14383;1.99228
8.49942;6.60513
3.53454;18.0505
7.14009;24.2462
1.79839;7.72135
8.28494;16.2456
8.6618;12.7781
11.4882;10.1754
11.1125;16.1291
6.73781;16.6663
1.29036;22.4402
3.37189;7.95086
2.51943;10.89
6.70739;23.7512
10.7653;10.4898
3.40994;8.46981
5.76094;25.8036
6.95767;20.1402
8.24035;4.54515
8.48606;21.7506
5.66146;10.3372
5.53671;5.03374
10.6686;10.8872
7.0196;21.1922
0.469054;3.80772
5.47316;3.81207
0.114428;19.1643
5.42904;5.70669
1.87121;0.295606
1.59597;1.37912
4.97786;10.8461
4.54566;23.2674
4.91528;24.9239
8.03429;2.50386
1.60109;9.79408
11.1944;15.7355
9.29134;10.2507
9.58582;17.2465
9.75595;9.9784
5.74094;22.1542
6.36282;24.2972
11.9844;14.034
8.05915;11.7292
9.11111;21.5158
5.5499;23.1987
10.5669;22.8101
3.71299;6.74383
9.26656;18.6946
2.61587;11.4852
9.7839;9.13674
9.82119;19.4529
11.4795;15.4105
1.70934;19.6415
3.07244;24.8415
1.67074;19.0957
9.6903;17.406
8.02748;20.9619
2.51081;8.85438
3.08818;25.1808
2.01699;18.7158
10.329;1.26505
7.16584;4.42432
3.69641;9.60353
10.6703;13.6766
9.73324;18.3174
10.5292;16.3679
5.43243;21.6856
2.66696;15.4738
7.07406;12.4354
6.60706;18.9471
2.55278;9.31095
4.77836;22.9239
1.97208;15.7932
2.6669;10.9639
6.91109;10.1484
1.69835;11.3535
5.26776;19.2057
7.28209;19.4224
1.29659;12.8968
3.27645;23.898
2.40652;3.91231
6.58426;16.9844
11.8144;20.0443
2.98071;14.925
2.99062;20.7735
3.63328;12.0107
1.88514;18.2252
4.12366;8.35731
3.7008;14.7129
8.91748;22.9924
11.4745;23.001
3.85198;10.2748
7.48002;24.1238
1.70639;19.016
5.08642;10.7962
7.80643;16.2347
6.78853;5.17983
3.33188;14.3064
11.6419;13.6773
1.49143;5.70382
3.90037;11.1035
8.17593;12.5353
1.53635;0.649128
9.64272;11.3472
7.09016;14.2138
3.84904;14.2233
5.17604;16.6856
11.3068;1.42145
6.8351;2.19533
9.43266;25.83
5.99607;11.3514
7.41446;1.69997
7.62978;23.2837
7.38755;15.7553
5.05894;19.2378
9.90423;19.4118
2.00369;13.1737
2.74482;7.67009
6.37976;0.839671
8.77719;3.18482
6.94775;1.35683
8.03453;0.268199
8.32725;15.9063
0.779838;6.85176
8.35459;22.1271
3.08387;5.09311
3.45159;22.7464
3.13527;24.0096
9.24468;22.7994
6.35306;4.99118
7.4018;9.22413
11.2629;20.3786
10.3374;4.35012
0.945533;10.2206
2.39529;21.0659
6.18712;20.2432
10.349;4.81358
9.46682;14.4651
9.56302;22.2011
9.83856;12.8215
8.45915;1.9986
8.26828;25.8066
11.4208;24.7077
10.9921;18.7751
9.92636;11.5812
10.9691;11.5443
9.60247;22.1693
2.73365;17.2032
0.239743;7.97157
0.657122;5.70923
1.40191;14.8292
11.9781;25.4602
9.0659;20.4639
6.42706;14.3626
7.69154;9.24217
0.546527;8.99317
5.18805;19.0987
4.06144;9.98576
8.21835;6.61602
1.27426;13.3135
8.39872;0.527205
11.4729;13.0026
10.4753;4.7808
1.94111;23.216
5.88571;5.6295
1.3501;15.7898
9.44247;2.87768
7.03847;14.1015
10.773;3.17533
1.13729;14.0066
5.73115;3.64826
10.6153;23.6583
10.4986;5.79955
3.52801;14.5534
5.73026;10.4049
0.861677;4.61281
5.0456;0.72485
8.13018;7.62866
2.54107;21.8211
2.23599;18.258
0.66952;7.76984
3.71439;21.9093
4.91424;23.2979
4.62037;7.98912
0.218404;12.4749
10.1519;12.8907
7.44147;18.9955
4.86876;12.8702
11.4439;18.193
0.657052;11.2106
1.19905;3.29058
7.30312;13.5301
1.85328;7.43883
9.76557;9.52108
1.50459;0.00336071
0.821121;4.71058
3.58763;9.82695
0.286109;18.4207
3.28838;10.6307
0.189162;7.59804
10.6641;22.4056
9.45635;13.2288
7.10819;5.03773
0.0456758;14.1961
10.7219;1.52258
11.7262;25.8287
2.22146;15.2302
6.16558;8.82859
10.4626;8.51747
8.46908;25.929
3.93269;20.1288
2.14133;16.294
1.82571;5.25944
4.0222;11.0805
7.33391;9.12462
8.62088;12.9957
2.5524;13.1673
0.103629;20.9313
8.40233;0.323495
4.21264;15.4358
0.852033;8.53413
7.04514;6.65923
10.9681;2.62322
7.14822;20.4333
5.14186;7.83748
9.39797;19.6615
0.907493;25.0018
4.59488;5.92194
1.96673;18.6703
7.8473;20.1514
0.828436;9.68104
3.29868;7.32514
10.5454;7.37167
1.04141;15.0534
3.55161;11.3838
2.07194;9.54123
9.19288;19.7537
7.47714;17.6822
10.3278;5.68827
5.59178;7.51759
6.24265;6.47778
0.544208;15.492
2.52904;11.1347
9.88335;9.74084
1.75616;12.4164
1.79641;5.59996
10.1988;11.0394
5.96543;18.9458
8.4974;15.1815
3.69194;0.106201
0.260892;12.4884
4.45266;20.4832
2.88096;25.8479
5.61479;2.61898
2.55516;24.2809
4.67842;19.0619
2.19631;11.3157
3.94796;10.2383
10.3617;3.96784
9.22112;0.255384
7.56196;23.8713
2.70246;12.4817
4.11263;18.7804
2.50499;1.32174
3.67473;13.4267
0.659048;8.52719
11.9608;11.0754
1.38939;6.1572
5.04151;15.1757
4.05054;16.4594
6.21075;18.9128
4.39448;18.2153
1.95159;18.0753
1.13241;0.67882
10.1737;22.4327
0.431171;12.4273
9.37107;6.78954
11.4965;3.21468
11.8015;4.33651
2.09373;7.5319
8.1984;5.96435
7.41188;17.6783
7.86449;19.0694
11.001;1.96299
3.80546;6.61169
8.50266;21.7018
11.7805;1.9438
6.42327;3.75289
9.23957;16.3706
2.04541;16.0622
5.90921;5.36592
1.14901;7.10726
5.61021;1.39854
4.76397;11.7254
2.64695;14.8583
8.888;23.4983
9.61048;9.31641
7.00457;11.8624
1.10116;13.0121
6.38096;10.631
9.05712;6.24786
2.92283;19.1482
3.78076;20.2499
10.5697;2.21072
4.90177;1.33282
8.43365;23.4238
3.09172;20.7624
2.09125;18.8542
10.2281;14.853
2.11368;1.896
1.71292;23.837
11.7204;24.534
3.30156;14.5708
4.79836;9.53923
0.73057;24.2219
9.30934;21.2067
2.06295;0.503042
6.62533;12.6614
9.57827;11.256
6.86405;5.37343
5.81022;7.14501
1.29102;19.2876
0.880348;7.32825
5.60388;24.0684
10.2375;16.7214
11.9836;25.8926
6.71924;25.3586
11.2738;21.7117
6.42898;8.82305
2.42352;15.5124
3.25151;25.4212
4.94725;11.5147
11.965;25.0739
11.1582;20.6772
4.76765;13.0482
0.0233466;22.9187
9.31992;2.84779
7.47983;22.1006
4.69664;2.34804
9.30875;6.35728
8.80127;20.1333
2.88455;7.62777
8.9963;4.67644
1.54131;7.42144
6.23054;8.59046
10.5848;20.5444
3.69769;7.65284
2.7965;7.93589
3.10466;4.23513
1.20602;17.0567
7.9769;2.66364
6.45019;11.4765
2.54374;4.1817
3.49709;15.6875
3.01373;1.746
10.1745;25.5992
10.0982;2.29461
3.33551;15.3713
3.21741;10.5664
10.5197;20.4706
8.84164;19.7266
6.92999;1.16854
0.636642;21.0741
4.20205;8.10615
11.6812;11.7175
11.6136;16.5925
6.63744;13.1382
0.954891;19.8926
7.99382;9.64597
4.42156;23.8497
5.25783;5.6248
10.8225;7.2713
3.65511;4.67576
10.4504;14.8905
7.03486;19.4354
4.32047;8.39909
6.07473;24.376
4.41583;14.5413
8.97695;18.6721
10.4527;18.7593
2.02595;21.8103
4.31618;18.7707
4.13008;11.4207
5.84457;0.26845
9.72306;22.2433
11.1314;6.45859
0.862193;21.567
6.33687;9.7875
0.112023;10.3725
11.3898;15.4849
1.75748;8.03899
11.0234;16.9698
2.96077;7.45163
2.54359;25.8651
0.0570933;2.15856
8.59583;4.51326
11.0625;1.97604
10.7464;6.91736
6.18309;9.94719
3.31653;8.46333
2.85714;5.30393
6.88704;8.05855
0.401946;2.65181
8.23664;1.1136
6.01122;16.524
7.66085;16.8322
11.3368;14.4825
3.60091;4.97801
10.1235;13.3131
2.23526;22.0579
7.14075;23.4674
0.263592;13.4405
11.7431;23.8551
9.39592;12.8401
3.60104;1.54365
9.83236;13.9927
3.16042;10.2254
10.1775;7.71846
5.94331;13.8973
4.07634;25.9015
2.04062;25.4306
7.72323;2.98437
6.42143;24.5356
3.67494;9.84725
5.46864;12.8054
2.72543;1.32034
4.7413;6.47622
6.81269;9.71622
1.99905;9.11866
10.4106;12.1335
4.92106;17.8598
0.0582679;17.5099
0.962371;22.1775
11.6439;14.9623
4.64993;8.06041
6.86021;14.4962
3.45738;5.59746
8.06795;21.4041
1.90758;25.4429
2.42369;15.9818
5.6531;11.1564
7.98561;22.5212
8.13815;6.06297
2.87881;21.964
7.00691;2.79376
3.7373;25.8439
9.5324;8.22373
8.00946;22.7387
2.03134;16.5822
5.40045;14.4761
11.3735;0.564772
1.37182;6.13357
2.84411;20.4528
0.709686;10.2953
9.18267;6.78899
0.127909;6.14417
8.28251;17.5793
1.23017;9.5781
10.9118;8.9028
2.55787;12.8239
5.39841;13.6395
5.84669;6.3501
10.0907;4.02165
1.42559;0.264505
9.50946;14.7897
6.80335;19.2464
7.0867;17.7129
11.7138;21.5168
5.61495;0.917618
2.6825;6.0615
3.5569;6.08921
5.63339;25.652
10.9239;14.8711
4.26007;21.3108
10.9725;14.7722
3.75446;9.47042
1.11311;20.8025
7.30178;24.275
11.4573;18.9093
11.3259;19.428
3.5534;13.2801
5.84971;23.0535
2.30444;12.0543
8.57091;17.1587
5.98705;24.3824
10.717;20.6786
2.06381;9.42586
9.38335;2.14009
11.214;3.56074
10.8235;22.0708
8.46136;5.58551
2.55747;20.7447
0.179073;21.3617
8.7783;25.2121
6.58661;17.5591
8.60312;21.97
2.23349;5.31445
8.7801;9.83219
8.01636;11.5939
0.457325;4.34073
4.60442;24.2111
11.5474;14.4478
3.52473;19.3499
7.65596;5.93383
10.5741;14.0388
0.925198;15.2436
9.05736;7.54578
4.60995;20.0123
1.34191;3.00787
8.8728;17.1785
9.49247;11.8645
6.06852;25.4062
7.92874;6.17202
4.26389;8.54772
8.19964;10.2293
5.94851;1.74211
3.89555;11.9077
7.47228;16.0773
2.42659;6.77785
10.159;2.16822
9.60767;24.0157
8.0362;14.4409
2.56684;1.39999
3.90145;8.46896
2.0344;1.67754
11.8373;24.9749
6.25017;12.7959
11.2528;4.72096
8.75442;7.61955
6.12401;10.7338
8.23794;0.15713
5.75811;0.289222
5.5684;2.66583
7.55377;17.3225
4.35862;12.3776
8.9957;4.2603
4.79691;10.9024
8.63131;15.9548
5.67805;1.15432
11.2725;16.7103
1.30701;24.0712
7.2393;16.3739
5.01556;14.0663
9.73608;3.83496
10.0088;8.36353
6.72403;13.5347
3.93261;1.04464
6.38027;20.5855
1.71252;4.19041
5.49599;13.1542
7.64678;5.39866
8.03744;0.961323
7.52359;10.1156
7.80744;2.60353
5.20151;15.3399
8.91407;14.1018
6.18971;8.99898
2.06571;24.2781
10.6455;25.5705
0.975251;18.7511
3.66188;16.6818
2.90113;16.4547
8.18142;20.1097
5.09551;21.4369
11.2154;22.9482
3.9651;14.8681
1.08319;0.00548805
7.30589;18.648
4.67128;6.74554
9.8084;21.3911
10.1933;14.5654
4.38133;9.49645
10.8759;13.9686
3.58825;20.6296
6.24882;9.88758
6.1757;21.4732
0.262783;19.6665
5.50521;18.2958
6.35822;22.9682
6.33816;12.0762
9.19222;22.3237
0.435845;22.2634
10.3058;16.7738
6.88218;6.45031
10.8551;10.1629
0.849866;19.6047
11.4131;11.3342
1.43131;22.2926
11.6782;10.8757
7.81026;12.8419
9.58305;4.30291
3.83776;21.3326
11.0628;20.2431
6.29004;11.7455
7.94368;1.3611
10.9946;11.1278
10.9315;24.7661
3.4113;20.014
7.17223;22.3025
0.214304;13.0591
2.98406;2.3057
3.07562;5.19375
6.29536;9.76501
0.686021;12.9428
9.52648;18.4086
11.9006;15.404
10.4822;8.09986
4.95537;20.6809
1.08136;24.3651
2.96603;19.5543
11.8736;4.24812
2.16095;23.411
1.39116;12.0732
8.04231;18.554
3.86573;17.8893
2.59067;14.8412
9.32078;12.277
9.24691;7.83498
10.1732;21.5213
9.58973;16.6827
6.42921;20.5625
2.80924;10.6415
1.22877;16.8233
2.45648;5.00528
7.01003;11.7488
11.3352;14.9146
7.38317;3.24161
5.68872;19.0111
7.06838;3.75056
5.33772;23.6906
9.98764;17.1782
5.78391;15.8349
1.59469;6.56676
10.9246;25.4971
0.963743;18.4476
7.46761;16.0181
6.00467;22.2665
0.304405;15.6724
6.04147;5.98191
9.54357;2.27826
8.18339;19.2373
7.93515;7.72755
10.3749;3.51839
0.340895;11.7937
3.3549;12.3037
4.37736;2.90884
1.60701;22.0161
8.65096;6.93701
1.19208;16.4136
2.9696;4.67096
4.08982;22.614
9.54878;21.8714
8.71407;21.3486
5.32793;5.97035
0.61407;6.22156
3.80705;19.0612
11.7502;25.4414
0.364017;21.9377
1.36608;1.52731
3.56836;10.2288
6.38353;17.2157
6.06352;17.3128
6.10699;5.88137
11.1922;15.8147
10.29;4.68397
9.45491;5.1563
0.599052;15.1747
0.474321;20.1784
4.85688;12.5715
0.0686696;11.8537
8.67374;8.39739
2.2684;18.2519
3.61792;5.70357
6.54908;10.7986
3.33733;21.9211
9.70497;21.0619
6.06317;8.16506
5.71139;0.368681
6.48297;10.6245
7.46924;10.3414
7.06545;10.669
7.1528;16.6064
11.9278;16.5254
4.97763;10.3669
1.42937;10.9336
10.2557;21.8901
8.92202;1.13546
6.52708;1.16985
3.15648;2.33169
5.52393;14.0699
11.1936;6.99594
4.21466;11.3897
6.99738;21.5065
5.42693;3.20742
2.82967;1.9417
6.25332;21.4394
5.82032;3.04661
5.55963;12.4543
9.03325;22.8307
10.5329;22.669
3.58356;19.0418
8.56573;1.09541
9.31258;6.70109
1.04551;1.01628
4.16898;14.2338
6.96286;7.2856
9.79833;24.218
8.61935;10.3907
9.10357;4.43362
6.27606;25.8554
2.94246;1.14699
9.82837;18.986
1.93551;7.34068
2.51093;23.7656
1.92527;2.26155
9.43138;11.9358
9.83231;12.9937
6.0144;15.4806
9.08992;15.2965
7.61394;2.72761
1.62934;5.58306
4.62148;24.7599
1.75432;2.68847
4.22337;23.5254
3.28712;22.7488
10.7911;13.4974
11.0288;18.6756
2.99235;2.08935
0.00752039;11.9238
11.9331;4.1877
6.54707;20.2896
7.44161;9.48865
3.36156;3.15468
11.5243;0.978198
8.51591;15.4661
1.71037;21.9814
9.715;13.719
9.57292;24.8502
7.57268;3.89196
10.3272;23.5296
0.295723;19.7564
5.08938;24.5365
5.73786;17.5104
0.288851;12.4483
1.585;0.480834
7.67817;17.6195
9.58637;6.75952
0.511448;2.05385
4.57579;0.0773791
1.39941;2.36535
7.17392;6.73785
11.237;10.5927
9.44163;19.0881
4.35823;10.8643
10.6062;5.81846
3.87411;23.6207
11.8038;19.4209
10.2264;12.0069
5.04521;22.7831
11.287;14.3655
10.7372;15.0913
2.76228;18.0344
10.085;7.09308
9.27149;5.76501
3.30944;23.1203
3.75247;22.7139
1.78068;6.47709
3.37228;24.315
11.7993;16.7494
4.23662;22.5452
10.416;17.5733
9.30734;22.1428
5.07422;16.3231
3.7614;21.9254
6.04903;6.60495
4.74965;10.3701
10.0136;16.2758
1.10979;17.547
10.7857;22.4928
10.7594;4.53939
9.05218;5.44241
0.578463;23.4712
5.50131;8.55994
10.0552;11.4846
11.6813;4.96554
3.70607;21.8773
10.4025;2.19572
8.31696;7.53295
8.54717;0.169774
1.59618;5.6251
3.1268;13.7493
7.38242;2.47097
1.85776;18.3998
9.23908;1.39408
6.87349;17.3301
2.73852;8.50563
10.5104;7.1868
2.75854;8.69198
7.26773;1.76303
9.31229;15.0561
3.10549;2.20644
5.04619;3.26737
2.03177;2.95348
4.98476;22.921
1.4415;14.2587
1.17513;9.89799
0.926773;18.5414
5.70875;6.03316
5.04977;6.38696
3.42795;25.8337
10.9463;13.3607
3.84893;20.4895
9.48346;14.3162
1.46838;10.2942
7.42117;23.3581
11.7002;22.8078
11.799;10.2838
0.0346845;3.96672
6.10951;10.8755
0.409728;16.3605
11.6004;3.43387
0.11931;1.14218
10.1424;12.6275
3.3117;6.9164
8.77589;14.6026
3.11544;16.7314
0.906126;15.0895
5.1789;22.5108
1.57184;14.4024
3.14078;19.4849
5.42795;6.15539
7.51969;11.3251
7.58731;16.3678
7.05777;3.67643
0.573817;16.1796
9.24782;0.377448
9.05236;20.2955
0.701369;15.5887
3.19519;8.69497
10.387;25.9373
10.7527;3.25521
7.69328;25.2608
8.46678;1.88972
10.0484;21.7503
7.51946;2.57662
7.03164;2.05271
4.03016;5.52788
6.17438;25.1712
10.1057;2.66965
1.31428;23.139
8.69964;22.8845
10.8537;12.4627
7.92923;25.036
0.946773;24.1029
3.56816;24.5564
11.0955;5.02855
0.836137;14.709
1.97971;20.1563
7.66096;0.0609693
7.34154;6.89089
1.21735;5.14189
4.12782;11.3696
4.92451;22.3214
4.86497;6.56544
11.5343;13.3884
1.70972;17.8403
4.74134;1.22079
1.98597;1.45291
0.118532;6.35428
11.795;7.98782
2.26648;23.5961
6.00756;6.72234
5.67927;17.3057
0.405533;2.90382
8.01541;16.7853
4.52064;20.0043
10.1202;18.7383
2.48026;6.59697
6.95065;15.9146
6.07496;14.0508
1.52447;16.8668
2.71896;13.5759
8.34812;10.194
6.93638;18.3444
7.63768;14.5847
0.153338;21.459
5.62187;13.3486
1.00678;24.4858
2.14816;3.06001
0.641364;22.0211
9.15938;11.1843
7.39633;15.7725
1.81045;21.3993
10.3244;18.9824
5.2218;9.53191
3.24609;14.6169
0.184023;12.9243
1.01208;18.4863
10.67;17.2217
4.99879;13.6666
2.67984;11.1629
4.21182;17.987
11.313;11.307
7.60285;3.16591
6.63091;17.8625
11.6248;8.21229
1.40621;15.2124
11.0699;6.96945
4.89767;20.3543
11.9778;21.9255
1.79365;6.98502
4.86574;4.28496
9.1889;12.7353
10.5098;17.0276
1.82628;7.60198
2.16654;9.76326
8.66074;13.8198
0.807826;17.2765
11.597;18.2231
9.43495;13.4937
4.65488;19.6294
10.0182;13.1324
4.0808;19.6908
9.27776;19.4533
6.48239;20.0537
7.09794;17.9314
0.479389;25.9213
10.2537;20.948
5.8415;18.9876
5.52717;16.6135
0.272137;16.6697
0.173902;19.3546
2.07208;2.12708
4.90664;3.61625
9.3924;5.07345
7.89691;4.43579
11.4013;12.816
8.10838;7.54457
3.00315;11.67
0.460578;20.552
2.64168;16.3768
5.76157;6.76232
7.5222;8.69979
0.789363;2.9547
0.778816;13.6858
9.03149;2.27706
2.01025;19.945
9.98383;8.84506
10.1871;6.26268
5.75137;16.4223
5.23206;3.57128
9.62681;10.039
7.56335;12.4263
8.11548;22.8941
11.1213;18.5815
8.05204;3.81989
4.13458;3.92949
4.8841;25.2564
5.8289;12.2925
1.02048;14.3167
11.99;21.7793
7.65866;4.33387
7.25736;12.2254
6.08258;11.7964
8.53296;25.6402
1.02401;3.82421
1.48224;23.0768
6.39839;19.5988
4.38601;5.44672
7.61209;7.59926
11.0899;7.93894
5.27037;6.98642
5.47774;22.0014
2.88128;24.4977
3.82793;8.45382
5.91434;8.27217
1.95374;3.40818
5.81817;19.9574
7.2155;25.785
2.65558;8.12165
11.7347;7.97245
5.51348;2.63672
2.33041;25.809
10.2625;14.5522
2.42574;12.7284
10.2238;3.28394
9.53876;7.57064
4.74017;6.53573
1.64861;16.5131
2.32312;11.8658
11.5232;17.8478
9.29446;3.20005
9.81047;6.74404
10.688;10.8896
3.01339;2.9112
8.77442;5.95421
5.02322;4.95712
3.96505;15.9329
2.19977;4.82643
2.07004;10.0219
8.10222;0.636584
6.14117;12.2221
3.78795;23.5762
8.65746;11.7792
6.50278;23.7913
10.9131;13.0563
7.21805;17.7831
7.50293;10.8951
11.3202;13.4138
10.0545;5.05611
7.53461;14.796
5.08169;1.20863
9.11682;19.6013
7.91146;24.5193
11.2743;21.6266
3.94208;15.9825
10.2753;21.847
1.0175;4.47039
8.96458;20.9624
7.49981;7.51261
8.65555;13.8946
9.49335;8.39282
2.62048;10.8253
8.90213;4.20479
11.1873;15.0727
4.27426;14.5641
1.78554;20.2712
7.2797;23.6218
6.40268;6.91417
10.2189;12.3002
1.17266;4.68223
1.05353;24.8039
0.244279;4.48724
1.51122;19.9525
11.746;19.5239
0.676221;18.2034
3.42394;22.0341
0.275163;13.0962
3.16585;19.8841
7.98509;5.09842
4.13392;0.561928
9.07499;12.8255
9.6153;9.43516
4.82182;8.70561
7.54585;6.58833
9.69497;18.8901
5.2018;23.2884
8.16646;11.7998
0.819533;20.9683
2.65494;1.22532
6.68871;7.2175
8.96709;21.9107
1.50073;20.0249
4.15707;10.1109
6.41955;0.308014
7.0197;22.8658
0.401512;8.87181
4.47293;21.7031
8.44937;20.1386
2.03478;8.65631
0.335521;25.4145
0.71372;11.9975
10.4783;19.2404
10.9834;24.4785
6.55786;3.54971
11.8633;2.7009
4.96948;19.1326
11.3592;14.0188
6.07266;7.61863
11.1368;1.06646
3.65845;13.339
11.0457;8.79659
10.2512;7.62365
2.07677;14.5178
0.813363;8.90838
10.6958;2.48925
3.84131;24.7205
6.6862;5.02574
8.28966;12.2841
1.61736;6.16963
7.30792;3.20815
4.09409;0.601032
10.3111;7.48218
6.74761;9.49815
6.9696;12.7495
4.87597;23.0275
0.0408762;8.49691
2.68802;22.2994
7.44026;10.3237
4.99258;17.8829
8.87635;7.99139
9.40251;1.55494
3.09781;8.85887
3.03724;24.6728
9.7583;10.085
2.23499;10.9768
6.13528;13.713
5.34361;9.63382
9.78239;0.197647
8.83014;10.296
5.97562;3.69657
3.38005;13.0357
5.62776;13.1475
4.30853;2.31405
10.8329;20.1524
9.32165;16.7033
0.989449;14.569
8.42688;8.85573
10.8129;24.8389
3.47473;18.5708
4.11872;12.3711
1.63737;22.217
0.0387941;15.1255
2.70038;21.2792
7.07221;24.9828
2.57318;2.27029
1.23663;12.8987
7.06432;14.8729
0.0213004;24.6412
7.93242;23.5174
8.67397;11.3838
6.56338;20.9374
11.9782;6.47891
1.75067;23.3807
2.45439;11.3217
7.36223;14.2417
10.9351;19.4992
4.82711;23.7768
3.9806;16.3096
8.7951;23.9477
7.05801;24.6313
0.100634;17.9717
5.3215;15.5241
3.15904;11.5761
6.53781;24.0315
4.19697;6.95884
4.34552;23.3141
0.875185;9.36809
1.75062;5.68936
3.11481;9.11085
7.85126;22.7003
10.7781;14.7038
7.47665;7.81133
5.76029;24.824
11.1327;5.53667
10.5101;13.4133
1.92366;22.9898
2.48538;15.6979
5.77564;12.2296
0.587971;0.67913
4.73588;10.3674
3.52522;19.6764
3.54529;9.5342
1.40513;11.4745
7.02626;9.79319
9.50092;6.23463
2.99698;17.9379
9.6639;22.6929
11.8843;7.41908
9.93087;23.8701
5.97958;18.2887
5.20772;17.1237
7.05161;16.6684
3.1484;1.79238
1.33752;8.09548
1.1407;13.159
8.52132;10.1095
3.1548;0.14432
9.06631;9.87983
5.36252;8.86724
9.07986;6.20412
6.97009;0.166478
11.1425;10.0403
10.5505;23.8913
8.05818;18.3762
10.0437;4.41514
4.92226;7.04478
9.941;25.9434
10.9445;2.36037
0.801127;0.611134
4.82578;4.20729
6.35546;2.9187
6.60774;20.6056
1.4137;7.96044
2.07018;14.6818
7.76662;24.1584
9.63966;5.92955
11.2269;19.028
7.37071;21.1842
7.80887;7.42926
6.25868;12.6806
5.46665;24.2254
9.10402;7.38323
11.1548;17.4385
4.49705;25.9045
8.33062;20.1994
1.89776;5.81984
10.6699;18.4286
0.196339;0.181175
0.179552;4.9108
6.85984;17.2167
1.41656;9.74892
10.6829;1.39412
1.28164;13.1161
10.4208;19.6961
9.48249;10.1388
2.94308;6.3898
3.86039;0.102053
6.35678;6.53294
8.09566;23.5166
2.97114;9.59026
8.17665;10.5493
7.11235;14.8342
1.3744;15.8355
6.93019;3.3669
9.57522;3.8784
9.50013;23.8155
6.28953;17.7299
11.6352;16.4042
2.23663;21.788
4.66167;25.3914
2.73545;16.477
2.66826;14.291
7.65186;19.5543
9.61104;8.11961
7.87887;1.2614
8.17379;8.78697
5.45109;7.11998
10.9021;14.7886
10.5948;12.6366
8.37945;17.7018
7.62231;12.7391
7.16183;4.14233
2.0626;14.7269
9.48301;9.315
4.85305;4.64682
4.01835;16.4417
9.74944;14.4877
2.18434;11.7028
3.71165;25.5567
9.14881;25.1128
0.377569;11.5323
3.64605;12.6288
8.60874;5.52097
0.654147;15.6078
8.38042;19.5728
3.37363;8.67259
2.91317;22.8268
5.91458;10.7808
5.33252;7.36145
9.27501;22.0687
5.54228;2.80228
5.77406;7.13206
7.97997;17.2432
8.69302;25.3318
7.75379;12.6573
11.2821;17.6179
11.1644;6.34442
1.96001;16.8419
5.47634;5.66402
2.97676;4.02297
11.6478;13.7592
5.85949;5.54868
4.88586;25.5105
7.5367;22.1398
3.17166;10.4254
8.40394;18.8802
6.10507;4.71901
0.00566361;4.51759
10.1364;18.8471
1.77666;12.7621
2.54052;2.29409
2.02156;3.69406
3.987;8.62674
9.47813;20.5039
6.59573;0.985593
11.3201;13.5276
6.80528;11.2224
8.80442;25.3308
4.95366;9.40576
9.90952;17.6049
9.15283;13.6792
4.83926;7.0588
8.49146;10.4973
5.34295;14.3604
1.54361;15.4258
0.518066;8.84894
8.17842;5.50251
5.78908;0.358428
6.52119;7.07895
9.62877;2.42
3.7221;19.3892
7.36041;22.8093
2.12845;9.02379
10.2185;15.3446
8.50595;17.6108
3.20743;12.2607
2.4415;17.4345
8.91669;23.6881
0.89162;4.89588
5.56083;5.27633
9.37925;13.1709
6.51936;12.0416
8.61852;0.668279
5.7231;6.80271
3.57565;7.26239
4.25664;15.8118
0.300736;25.1703
5.82513;5.26325
3.78188;8.76124
9.5113;0.623617
0.171693;1.55726
5.9466;5.66192
8.76543;6.2038
1.54616;20.9236
5.12293;15.3985
0.0922781;5.42138
1.18589;14.3252
8.05985;21.2429
6.92007;3.86306
0.944127;22.7407
5.13482;11.2683
5.79346;11.777
4.81781;25.1736
7.86475;18.6327
3.66224;11.6481
8.88751;8.30685
6.09479;6.14059
6.44713;6.19714
5.69741;17.3188
0.517265;23.4441
3.10028;1.32068
1.32251;9.2867
7.22118;20.3285
2.09058;4.63937
11.1653;6.57521
0.636967;9.31696
8.23548;13.9326
9.73569;2.28213
6.04902;12.1343
9.65298;21.0411
10.9765;14.1711
1.54519;10.9878
9.37461;17.3167
7.9315;6.65604
3.9856;18.3057
1.89235;15.3527
9.05831;6.96554
11.372;9.27222
0.597228;3.16903
6.42073;25.4855
4.49734;15.2917
4.06268;1.58777
1.48813;3.89647
1.78611;16.3305
7.39882;24.7847
5.2484;13.8132
5.97958;14.7194
11.4466;7.26741
2.7859;15.9859
6.42621;14.6716
3.82685;18.0235
1.85737;1.91785
11.5334;2.66373
5.16464;0.283085
2.69204;25.1017
11.8932;15.577
6.64308;8.57106
7.9222;17.6176
5.75425;21.0347
3.66836;2.49831
9.14739;19.3196
7.52837;6.7751
3.71035;15.1124
6.48116;14.0752
2.35306;1.96595
1.26774;13.3898
9.22592;6.77108
7.06507;18.9786
4.35453;0.497726
8.89;15.2676
11.8151;19.0303
2.23596;13.9927
0.739076;22.0093
2.58939;14.0689
7.86647;13.5584
7.64639;10.8634
3.1745;6.87865
8.14083;14.9172
10.1497;5.68097
1.38109;1.08938
3.52935;5.73914
6.6827;1.63642
5.77395;3.78686
9.51462;21.945
1.9775;13.8767
5.17505;3.88396
3.18783;16.0572
8.25077;8.50829
5.56917;23.487
10.4202;3.11054
5.0979;13.1443
6.44949;17.9235
9.24138;5.61236
3.15725;16.0141
5.2123;9.83307
7.8939;18.9402
7.18717;5.58264
9.49692;2.08243
4.32438;15.1917
11.0896;13.6541
1.41617;9.24007
8.09448;9.97532
11.6757;9.41472
8.53089;11.3638
3.18542;15.0608
6.68046;17.9472
1.01773;2.44822
4.55572;22.2281
3.72027;16.7114
5.65022;19.3539
0.251303;3.3456
5.67422;16.1167
4.12073;6.87081
8.3996;18.2977
10.1827;16.2266
2.747;25.1308
11.7538;23.4899
4.20285;24.7639
3.18673;1.58977
4.67433;13.8063
7.68486;24.602
2.65546;18.8556
0.484735;15.6242
6.96171;9.11084
2.92415;1.32585
1.13757;6.88014
2.15605;14.7589
10.6139;13.5997
9.98294;15.196
2.72189;17.6922
2.50272;11.8493
7.76448;4.88922
4.31036;25.9292
1.68607;16.2437
0.701065;13.7809
1.86924;18.1695
5.71518;9.80353
5.08852;13.4331
11.7359;0.108827
10.4049;5.7634
0.662157;25.0087
5.83548;6.10612
6.35429;9.64038
9.09499;9.39732
11.4629;25.6032
0.502853;4.25891
5.28576;17.9126
4.22222;20.7916
8.23466;12.8013
5.09322;19.3607
0.268677;15.0853
5.32165;12.965
11.4872;22.5554
0.183769;24.3166
10.4604;22.9422
1.88309;24.0989
10.1312;16.7236
1.94076;9.7185
0.16798;23.9108
8.82269;25.2003
10.8526;20.2053
1.59656;8.96652
5.59287;12.6074
1.73452;3.95965
11.7271;14.7934
10.7633;25.9908
1.79021;8.85062
5.97959;2.76765
2.49507;13.354
0.500434;2.07017
4.75205;5.1643
0.078014;6.24698
10.1021;4.37401
7.36869;22.2518
1.05452;9.08131
9.90099;25.7988
1.51691;24.9114
4.04555;15.4045
5.31633;12.5235
8.93732;10.9273
0.607807;16.6846
5.03912;5.1957
11.7855;23.8739
3.67539;4.94117
5.18208;9.04762
3.236;21.5239
6.55935;7.18037
0.817351;10.0998
5.33279;17.7364
2.93152;13.8392
0.37741;1.80377
6.29447;4.10437
0.330057;22.4034
9.00411;12.2338
4.12008;12.8731
10.6898;10.2438
1.642;8.07927
7.1259;3.09286
2.74761;23.4028
3.70801;17.181
2.97712;15.0454
5.86382;20.6623
10.258;14.4759
2.19791;7.78011
2.86721;11.1138
9.97814;7.03
5.96194;9.25732
5.13894;13.6327
2.61262;4.64328
11.9384;14.5875
8.08448;23.0277
11.4606;21.074
2.35704;14.2707
11.154;11.0601
5.38778;6.20094
1.03435;18.1239
9.80599;14.946
5.90136;17.472
1.57933;17.5484
11.6548;9.63417
1.2287;20.8715
7.69115;15.5797
1.90559;1.79853
1.48263;9.78945
2.97314;3.07884
11.2509;23.9582
0.0491505;23.2083
8.78411;5.21342
5.29799;17.1992
7.51085;23.1525
10.8;18.5146
7.05067;18.6464
3.44336;2.06273
4.67005;10.8825
9.0513;9.37061
9.46923;22.2733
1.95788;11.1808
5.47063;8.37084
5.99047;15.0654
8.38168;19.4212
8.37426;16.5373
8.02124;18.2507
6.34409;10.4116
10.8296;25.2245
0.743424;13.7376
10.3279;25.0108
2.88564;11.6535
8.1495;13.7128
6.33055;1.7757
11.3517;7.32734
5.14445;19.112
1.66185;15.3884
1.9813;15.4537
10.9658;17.2722
2.08574;15.9195
4.93539;22.6633
2.98005;2.07271
6.88342;20.2023
5.76199;12.3782
8.96622;14.0951
0.0534779;15.8038
6.04888;6.3681
0.67259;4.76316
9.26812;15.1735
3.01793;18.6763
10.385;17.6852
5.44073;0.101482
3.26471;16.0811
7.17932;4.83275
3.3938;20.0743
9.57797;18.0466
7.72506;1.20904
9.28583;5.65171
9.88216;6.60361
8.32151;14.8382
9.55324;18.1458
2.14245;7.80458
11.3141;6.09926
5.80049;18.5948
9.81818;19.1066
5.20204;17.7735
4.98081;23.0593
8.25001;17.8653
6.06481;7.43021
10.476;20.4937
0.694385;17.4503
5.78781;18.2421
8.612;6.65955
11.0279;14.0707
6.12146;15.9238
1.34254;7.96184
3.72442;7.55081
7.27681;6.58348
6.30003;2.33416
11.6208;8.9228
9.89573;10.4494
0.321384;6.2325
3.46558;18.5714
11.122;20.6492
0.000718804;20.7958
6.989;1.50606
5.65203;1.68307
9.11455;4.9054
3.85044;17.642
8.75819;21.6058
3.49192;21.8849
1.6466;15.6354
1.58572;19.334
10.2549;17.0858
10.0007;21.3972
0.00396482;17.109
2.69844;0.704923
10.773;13.3554
8.89674;21.4392
3.6944;19.2778
7.49309;23.1474
9.59256;2.4811
11.4602;14.5321
3.40915;7.17307
2.8496;0.362572
1.28255;13.74
10.2681;6.34648
1.55787;25.6832
11.8526;25.5943
7.73954;21.3487
9.68837;16.7776
5.74971;0.83809
8.06885;9.79915
6.55083;10.7588
2.41771;22.198
1.86305;21.4734
8.92863;24.8205
11.0559;18.1758
6.16273;5.341
11.6995;19.5267
2.63242;2.12774
3.35386;1.95105
3.91118;10.6421
0.754272;8.15475
4.72446;18.4033
1.617;5.22781
4.23731;15.9612
2.79965;0.663353
11.8894;20.2594
5.27176;4.99873
7.59571;15.4588
0.217906;9.80275
6.59043;24.4266
0.913183;1.63185
1.73891;1.32745
9.7655;9.4712
1.5947;2.42527
5.27181;11.9294
6.03108;13.0565
9.26961;23.3037
2.51989;23.5877
1.16838;14.6406
6.25331;8.5974
7.06337;13.3092
1.31851;0.726095
8.44981;19.3141
7.46993;18.78
1.43856;4.4641
7.94154;5.09545
2.81352;20.9743
2.96442;1.25453
2.05178;9.87809
1.69837;15.8678
10.065;16.7471
1.34967;15.8917
6.48499;8.38404
6.22122;16.5823
10.6268;1.02816
11.6214;12.3286
6.61724;2.03648
6.02525;6.64527
9.85413;3.23955
11.7348;24.4675
3.55553;16.632
1.64445;13.7996
5.35675;9.98586
6.94806;16.0518
9.16798;18.7339
2.73211;15.6715
4.37587;8.84386
2.56759;23.5319
7.95134;19.0424
6.51424;14.2526
9.26334;13.2939
0.268227;8.40793
7.07557;13.6359
6.94763;10.681
7.78865;14.4785
4.2224;24.5791
2.35869;12.7115
5.71323;16.7168
10.4757;1.43279
3.12397;16.5613
9.30772;12.6882
2.87666;3.64778
9.93786;11.7959
0.544459;12.7599
2.23306;15.2939
0.467303;24.9089
1.19435;1.59365
3.37699;17.9182
7.02901;22.37
1.19962;6.10492
5.007;11.7477
2.16184;15.959
11.2889;17.0627
3.08113;21.1566
8.53636;13.4444
5.40826;12.6622
0.061189;17.9507
7.52767;21.6646
1.72917;17.4896
3.88826;8.58483
3.13083;9.43705
3.45864;9.37124
5.09109;14.8105
0.595108;0.260206
5.16024;3.88859
2.93775;22.029
7.21676;11.0491
5.53293;14.0955
0.974665;18.6638
4.2702;20.6072
2.81917;20.97
3.3551;6.24079
5.96338;23.5793
0.879416;16.6672
6.9549;10.33
11.6548;21.8524
9.12323;6.74574
2.41092;4.7977
9.94904;6.51305
2.33442;6.73678
4.80076;11.423
1.27652;0.0379454
10.3718;14.7538
6.52314;24.5839
3.42353;23.3856
8.85746;13.5259
8.4718;0.460548
9.12306;5.27623
11.0953;21.672
10.1277;13.1088
2.77015;21.1955
4.13597;25.769
0.895941;14.1849
2.10771;23.4975
9.55291;9.6246
1.95427;5.09961
9.71429;7.00004
2.37118;17.5198
10.0402;19.271
7.43249;3.17151
7.68766;9.29487
7.70647;9.01216
4.5025;10.464
6.59464;7.79531
2.83202;10.2318
9.64807;12.138
2.5049;3.86541
5.49556;7.36849
8.33092;16.4737
2.24583;12.7483
0.0453884;9.1002
8.23749;21.146
7.43088;22.9854
5.84574;11.8541
7.50298;2.76948
6.9349;6.91305
5.56816;5.72298
7.3501;21.8198
7.47091;4.2136
1.6685;22.323
6.66712;24.5192
3.90511;19.8727
1.1006;20.3681
0.57286;20.435
5.00393;6.10715
3.31535;10.9402
7.01878;25.0311
2.809;5.30759
10.1615;18.7519
7.92078;12.273
9.93296;6.18732
8.85512;7.58577
5.49706;9.11131
1.57179;2.09728
6.14996;7.02063
11.2709;1.77034
2.55686;6.88137
9.9891;7.9245
0.576682;22.8842
6.36299;7.8602
6.46021;7.46811
9.54331;8.79981
7.31905;6.47964
9.61636;6.70622
9.36455;8.25662
8.59438;8.67554
9.20852;7.54609
9.84258;7.04087
8.94783;6.36651
7.36353;6.99782
7.44661;7.1205
7.27018;8.2989
8.17917;6.59987
9.51805;8.3714
6.12053;9.88104
6.2316;6.58074
7.34915;9.77491
9.38055;8.66821
6.25455;8.99691
9.37443;9.61911
7.25353;7.96881
8.29465;6.46204
9.5149;8.13723
7.50291;8.46273
8.50375;8.86644
9.46055;9.95036
9.98694;6.73073
8.24925;8.16611
7.3306;7.7673
6.53751;7.45113
7.64835;6.76911
8.03187;8.9975
6.54402;7.41242
7.66571;6.79858
6.40932;7.04014
6.41769;7.66285
9.00895;8.71234
8.12489;8.52386
6.84957;9.6278
6.98659;9.35332
8.49424;6.44714
9.30367;8.48117
7.17786;7.55293
6.64728;8.50847
9.32023;7.18479
9.95959;6.96857
7.9539;7.99146
9.96607;8.49793
9.40388;7.63178
9.2965;9.8132
8.67192;9.71419
7.47605;7.68087
8.42653;9.60094
6.20473;9.2761
9.22874;7.19132
8.62942;7.72297
7.63846;7.9331
6.20415;8.81632
9.48602;6.85143
7.32479;8.80625
8.03622;7.28438
9.77482;9.99013
9.27584;9.74089
8.48805;8.67972
7.37267;7.78456
8.49292;6.04459
7.49875;9.96897
7.72546;9.92528
9.56991;7.93019
9.20138;8.79865
9.12151;7.8308
6.52162;6.75997
9.7639;6.72577
9.57629;9.24992
7.5772;6.90108
8.05617;9.61343
8.18545;7.83099
9.60356;7.4613
7.57188;8.09161
6.14102;8.94456
9.87617;8.63394
8.98915;7.37492
8.60291;6.71461
7.3002;8.17282
8.6448;6.50158
6.97147;7.76632
8.33238;7.49309
8.52628;8.09628
8.21886;8.10257
7.3462;9.79607
9.00365;9.40237
9.4095;7.1891
7.23336;9.01305
8.6504;8.80524
7.10466;8.79142
7.7498;6.98083
7.42536;6.73894
8.35575;6.02827
7.45356;9.65594
8.20109;6.09836
6.15752;9.17256
7.86468;8.4899
6.66566;6.39096
6.58618;8.88452
8.49353;7.93238
8.68059;7.49718
7.33474;8.09009
8.68628;8.5681
7.10314;7.33667
7.37334;8.2078
6.12809;9.12314
9.18863;7.55344
9.86208;7.54438
7.58171;7.31564
7.20032;9.7828
7.414;7.35784
8.95537;9.27867
9.84775;9.62102
9.66963;6.43393
8.50554;8.16316
8.3663;7.18613
9.66034;9.70105
9.27622;8.34661
8.26915;6.37936
9.68329;9.64249
8.58716;9.81137
8.76562;7.77579
7.36482;8.6277
9.32017;8.94653
9.94334;6.52049
8.72933;7.35734
7.87834;7.6847
6.63601;7.72608
7.30572;6.30565
8.16001;9.81126
8.46881;6.52631
6.9974;8.12915
6.22736;6.27361
6.47576;8.49651
6.65297;6.15905
8.13899;9.24013
9.97042;6.90462
7.01592;7.33524
9.53232;6.33609
6.28177;9.47566
6.85658;9.0111
6.83299;8.73492
6.6958;7.46901
6.461;8.00152
7.77465;8.62101
7.81278;6.24346
9.14733;8.81018
8.37261;9.37469
9.08379;8.84837
7.87119;9.73676
9.00741;6.01019
8.97689;8.97783
6.9148;9.99281
6.31307;6.44712
6.3289;6.59483
9.92278;7.18548
9.60593;6.75578
9.92039;6.30173
8.22478;6.38139
8.30324;9.99943
9.00241;6.11602
6.24289;8.14973
8.9262;8.6155
7.52442;8.00999
7.46387;9.39561
7.74675;6.47128
9.4058;6.72364
9.44911;6.3206
6.71644;9.76218
6.76772;7.04534
6.35701;6.6905
8.23082;9.96294
7.44628;8.15121
6.26466;9.67106
8.53261;8.56791
9.6705;7.53501
8.68393;9.91339
9.68474;7.61013
8.52889;7.20916
9.62011;9.99276
6.60477;7.36686
6.46404;6.01057
8.0905;9.91314
6.33117;8.80694
9.67532;7.09889
9.85228;6.03233
7.7894;8.0831
9.99527;9.23568
6.23431;6.25993
8.90674;8.76692
8.82784;8.57723
6.30193;7.51177
8.49062;9.98667
9.12189;7.01951
7.19583;8.74201
7.01227;7.80061
6.10887;7.4763
7.81117;8.19936
7.38945;8.14234
7.0063;7.06477
9.24124;6.85858
7.0971;7.03063
8.94168;7.09236
6.26631;9.17599
7.35229;9.17305
7.94291;6.18013
7.75028;8.24484
7.6919;6.2409
8.23151;6.81379
7.26041;9.42734
9.5558;8.27268
7.22795;9.66466
9.74899;9.03912
7.86402;7.13844
7.18146;8.87032
8.2032;6.4227
9.72891;9.3003
7.45333;8.67059
6.39266;7.71964
7.84658;7.74496
6.89269;9.78948
7.92509;8.64297
8.03432;9.61698
8.88387;6.26583
6.43077;6.14429
9.69317;9.98657
8.41697;6.92112
9.65123;8.16596
9.96024;7.51526
9.3044;7.1417
6.38558;7.5076
7.5644;6.11449
6.8079;9.01774
8.78507;7.20056
6.73738;6.63165
8.94552;7.63008
6.42113;6.87061
6.27305;8.45545
6.48759;9.15692
8.72128;6.91837
9.30121;8.41444
6.90494;7.71818
9.33556;6.55617
9.88414;9.2958
8.07143;9.18853
6.4375;8.45701
6.69613;8.0019
8.57149;7.50404
7.01964;7.35656
8.7046;7.75703
7.98821;7.65012
9.3871;8.40934
8.52073;9.66015
6.86479;9.00832
8.81707;9.58606
9.92669;8.11827
8.00051;6.83163
9.83645;7.33607
7.3878;9.72059
6.63187;9.45922
8.90912;7.06937
7.91623;9.60525
9.07127;6.48772
7.10929;6.09091
7.84428;9.81389
7.84794;9.83249
7.46401;7.23504
8.24183;9.98474
6.89518;9.10662
8.99306;9.71225
8.69269;8.91975
7.83053;6.6932
9.75138;7.66698
8.02926;7.13917
7.38756;8.66113
6.59839;6.29668
9.73049;8.51462
9.90194;8.80176
9.00234;7.01123
8.89268;6.84662
6.82512;6.74061
6.67912;8.28913
7.97565;8.92095
8.27388;8.87083
8.02757;7.26694
8.58309;6.72026
6.18669;6.41361
7.41345;9.93807
8.08059;9.44272
7.07724;9.46815
8.10385;7.67563
9.76483;7.83434
6.19026;9.66677
6.63611;9.1926
6.678;9.52878
6.03922;7.50312
6.26939;6.71834
9.79226;8.24504
9.63929;8.06613
7.11588;7.66686
9.33308;9.69896
8.38712;9.51977
6.11257;9.80057
9.45783;8.19316
9.24329;6.53507
7.66131;7.34713
8.21071;7.42614
9.18147;8.40096
7.09292;9.81758
7.59356;7.77092
9.34636;7.63279
9.27404;9.61575
8.35112;9.0663
7.86079;7.99041
7.13243;8.97667
9.65727;6.46551
8.67563;8.04439
9.98527;8.7882
7.84496;9.44311
6.98136;7.08824
9.97818;8.64267
8.43537;8.18888
6.06881;7.61685
6.58985;7.16173
7.43443;8.18341
8.93265;6.78079
9.81619;8.20669
6.39654;8.16732
7.27298;8.25733
6.15773;8.40542
7.234;9.815
8.87092;9.90963
7.85939;8.8562
8.69783;9.70434
8.2993;9.67919
6.79259;8.27748
8.32186;9.22796
6.46636;8.39067
6.84481;7.05621
9.5524;8.27923
9.23962;8.48504
9.06002;9.05581
6.69173;9.45656
7.22313;7.96471
7.71389;7.38086
6.37013;8.94789
7.19586;9.24105
8.85751;9.05525
8.09725;7.55534
8.75959;6.39655
7.23453;9.55218
8.67403;9.55639
8.78014;9.14039
7.94706;9.62494
6.1966;7.49945
7.90418;9.43622
9.9845;6.9642
8.49203;6.67623
6.42076;9.71516
8.64094;8.13465
7.09602;9.01107
7.08253;8.29188
8.25212;9.94004
7.34713;6.34937
7.49539;6.10672
6.74592;8.72991
9.6589;9.41995
8.2863;8.43903
8.56034;6.23335
8.06398;8.75694
7.73281;9.96815
8.19316;7.71731
6.93235;6.68519
8.39354;7.35311
6.40035;7.03448
9.48775;7.49637
6.04555;6.57028
9.78825;8.29768
6.51033;7.13538
8.64705;8.00571
7.2421;9.39297
6.73563;6.90099
8.81292;9.02193
9.34002;7.37326
9.25528;7.404
6.13021;6.98809
7.37215;8.32337
8.70539;8.3045
9.00856;7.09893
9.65761;9.40892
8.13341;9.14536
6.90529;8.17897
9.71565;6.69353
6.47664;6.22598
