0;478
0;1144
0;225
0;1533
0;254
1;492
1;1983
1;733
1;1764
1;1059
2;113
2;1960
2;1516
2;1629
2;4
3;1870
3;505
3;825
3;1177
3;602
4;1629
4;1960
4;757
4;1126
4;1707
5;1904
5;84
5;2028
5;485
5;1263
6;157
6;830
6;371
6;1720
6;956
7;1947
7;1804
7;315
7;673
7;1133
8;1770
8;164
8;286
8;1598
8;1479
9;1065
9;1623
9;1173
9;1353
9;904
10;151
10;2089
10;203
10;970
10;1427
11;863
11;506
11;1398
11;1229
11;1686
12;1163
12;1216
12;925
12;1091
12;2155
13;891
13;728
13;66
13;1710
13;1158
14;1232
14;521
14;471
14;1161
14;1092
15;311
15;1877
15;706
15;204
15;906
16;1531
16;1545
16;1078
16;337
16;1111
17;1493
17;395
17;1067
17;1554
17;947
18;49
18;1816
18;1726
18;661
18;136
19;1747
19;894
19;635
19;681
19;896
20;124
20;1057
20;1388
20;646
20;1215
21;1595
21;193
21;1012
21;654
21;1617
22;1881
22;24
22;2068
22;2038
22;1242
23;1771
23;416
23;1001
23;2113
23;1418
24;1881
24;2068
24;2038
24;1085
25;1039
25;1311
25;2164
25;1112
25;948
26;1985
26;175
26;1306
26;2128
26;1037
27;446
27;2115
27;108
27;1526
27;2074
28;570
28;730
28;2166
28;1637
28;1031
29;345
29;1819
29;1469
29;1889
29;1266
30;2098
30;2158
30;709
30;1636
30;79
31;1401
31;69
31;801
31;1194
31;1601
32;1862
32;408
32;1262
32;241
32;1471
33;451
33;2125
33;1374
33;322
33;499
34;2084
34;353
34;1268
34;622
34;1115
35;1187
35;462
35;1799
35;936
35;1835
36;641
36;1608
36;1500
36;1791
36;932
37;1256
37;2075
37;1382
37;117
37;893
38;1553
38;1976
38;1850
38;816
38;480
39;159
39;1349
39;1792
39;285
39;97
40;556
40;622
40;1115
40;647
40;34
41;1296
41;72
41;1102
41;507
41;1940
42;793
42;722
42;1275
42;925
42;1091
43;70
43;222
43;929
43;1859
43;1838
44;2054
44;776
44;381
44;453
44;211
45;1328
45;317
45;720
45;744
45;1632
46;393
46;1639
46;2027
46;1680
46;1672
47;875
47;884
47;1416
47;1975
47;1779
48;1399
48;782
48;226
48;385
48;205
49;1816
49;1726
49;661
49;136
50;1173
50;1305
50;9
50;1322
50;1017
51;1339
51;619
51;642
51;1300
51;1792
52;1587
52;1395
52;907
52;915
52;1080
53;718
53;1974
53;383
53;1677
53;255
54;1410
54;981
54;1201
54;969
54;1952
55;495
55;138
55;1808
55;1026
55;663
56;2066
56;439
56;1731
56;312
56;1519
57;1702
57;1153
57;1841
57;1909
57;686
58;1910
58;292
58;1615
58;1985
58;862
59;348
59;2004
59;1320
59;2119
59;2171
60;299
60;1547
60;1855
60;1036
60;504
61;555
61;806
61;596
61;735
61;747
62;1751
62;1412
62;1453
62;1120
62;1579
63;2124
63;794
63;2161
63;2030
63;412
64;2015
64;1628
64;1362
64;560
64;189
65;338
65;1739
65;194
65;1806
65;700
66;1710
66;1780
66;1011
66;1662
67;1198
67;605
67;877
67;1228
67;1038
68;213
68;2145
68;154
68;1582
68;788
69;1601
69;1223
69;801
69;1401
70;222
70;929
70;1838
70;209
71;1471
71;869
71;1538
71;1079
71;1540
72;1296
72;1102
72;1339
72;507
73;418
73;656
73;82
73;1195
73;1759
74;650
74;982
74;1101
74;860
74;899
75;1884
75;287
75;919
75;992
75;285
76;1127
76;1095
76;1374
76;1508
76;306
77;1898
77;1149
77;1901
77;1237
77;259
78;911
78;763
78;2093
78;1936
78;380
79;1636
79;709
79;90
79;1856
79;2158
80;208
80;1218
80;1866
80;1340
80;779
81;452
81;1644
81;2147
81;1348
81;724
82;1195
82;1759
82;2001
82;1677
83;587
83;2095
83;279
83;168
83;2126
84;1904
84;2028
84;1263
84;485
85;180
85;1894
85;2026
85;705
85;503
86;441
86;190
86;642
86;837
86;128
87;1304
87;1747
87;1643
87;143
87;681
88;1845
88;1941
88;1562
88;898
88;2036
89;888
89;754
89;1063
89;1233
89;1697
90;1636
90;709
90;161
90;1856
91;702
91;430
91;291
91;624
91;1798
92;1917
92;1826
92;107
92;1606
92;1479
93;1625
93;1740
93;828
93;1117
93;905
94;1241
94;1352
94;1530
94;1277
94;278
95;716
95;2040
95;2053
95;1048
95;1347
96;1532
96;1969
96;128
96;1961
96;949
97;285
97;287
97;147
97;1884
97;1349
98;183
98;1156
98;275
98;899
98;1227
99;1950
99;1769
99;1776
99;2061
99;367
100;1358
100;2137
100;1564
100;1888
100;648
101;1415
101;1867
101;1541
101;1154
101;2173
102;1943
102;1009
102;1805
102;1191
102;1206
103;559
103;1773
103;1834
103;706
103;1040
104;739
104;1405
104;1424
104;957
104;2163
105;851
105;2017
105;1406
105;1128
105;1559
106;574
106;922
106;1951
106;142
106;1779
107;1917
107;1826
107;869
107;1540
108;1925
108;446
108;2115
108;1050
109;575
109;1817
109;1927
109;2133
109;1316
110;1709
110;893
110;117
110;269
110;1392
111;508
111;534
111;1381
111;314
111;1036
112;1464
112;1210
112;327
112;357
112;1169
113;1960
113;1494
113;1629
113;1516
114;1661
114;1400
114;1869
114;2175
114;116
115;580
115;916
115;1319
115;978
115;300
116;1869
116;1422
116;1661
116;1400
117;893
117;2075
117;1256
117;1760
118;675
118;1158
118;1447
118;1550
118;655
119;1298
119;173
119;1432
119;1679
119;1823
120;158
120;1470
120;129
120;1682
120;2055
121;1876
121;1375
121;370
121;1450
121;988
122;1813
122;1361
122;854
122;1610
122;420
123;422
123;487
123;2139
123;597
123;1962
124;646
124;1057
124;1388
124;756
125;469
125;477
125;545
125;684
125;1267
126;1552
126;1283
126;215
126;1607
126;2105
127;881
127;855
127;1715
127;1477
127;1667
128;1961
128;619
128;642
128;1532
129;2055
129;432
129;1441
129;1574
129;144
130;1753
130;1128
130;1406
130;2017
130;850
131;1076
131;201
131;749
131;1397
131;1802
132;1570
132;1521
132;1193
132;2104
132;1551
133;1221
133;1338
133;145
133;1495
133;1692
134;1725
134;1337
134;2045
134;920
134;1846
135;1928
135;1480
135;1926
135;968
135;930
136;1937
136;444
136;661
136;2092
137;1266
137;1651
137;1469
137;1777
137;685
138;1026
138;495
138;2090
138;1808
139;209
139;912
139;682
139;145
139;1838
140;1056
140;1714
140;1525
140;447
140;561
141;1474
141;921
141;1258
141;1834
141;796
142;691
142;468
142;574
142;1779
143;1086
143;1304
143;1734
143;681
144;1441
144;479
144;1574
144;307
144;576
145;209
145;682
145;912
146;988
146;2146
146;1087
146;2081
146;1876
147;1884
147;287
147;285
147;979
148;1729
148;1251
148;525
148;790
148;1732
149;494
149;1106
149;909
149;377
149;84
150;1957
150;1196
150;620
150;1760
150;1752
151;1427
151;2089
151;950
151;203
152;1354
152;792
152;765
152;810
152;2005
153;1578
153;1759
153;1249
153;2177
153;1195
154;1582
154;2101
154;213
154;442
155;1665
155;1431
155;800
155;368
155;1849
156;1477
156;991
156;2008
156;660
156;409
157;371
157;615
157;565
157;2033
157;410
158;1470
158;129
158;1682
158;199
159;1349
159;97
159;285
159;287
160;1228
160;1478
160;67
160;1198
160;1038
161;496
161;391
161;657
161;867
162;1793
162;1721
162;396
162;1245
162;1315
163;1497
163;1757
163;2075
163;37
163;563
164;1770
164;286
164;1598
164;1042
165;1185
165;1371
165;406
165;2049
165;1906
166;1913
166;1569
166;1098
166;352
166;515
167;2019
167;1915
167;1172
167;1535
167;1099
168;2095
168;1930
168;269
168;587
169;2076
169;1448
169;1800
169;1226
169;1139
170;1517
170;228
170;1995
170;282
170;1097
171;1882
171;2088
171;1986
171;284
171;1528
172;1348
172;1260
172;1174
172;1644
172;880
173;1298
173;1432
173;1679
173;1823
174;1642
174;281
174;450
174;616
174;1488
175;1985
175;2128
175;1306
175;1037
176;561
176;1613
176;1015
176;1433
176;1525
177;774
177;1245
177;1315
177;1852
177;1119
178;1166
178;1572
178;838
178;866
178;1378
179;1744
179;1416
179;1716
179;1231
179;1975
180;2026
180;454
180;325
180;503
181;1893
181;484
181;1491
181;1912
181;1325
182;856
182;748
182;695
182;310
182;1563
183;1156
183;275
183;899
183;1227
184;596
184;611
184;1920
184;1621
184;2148
185;1849
185;1879
185;308
185;1536
185;1844
186;1978
186;618
186;690
186;32
186;475
187;704
187;897
187;523
187;1028
187;283
188;1647
188;490
188;1059
188;733
188;242
189;1362
189;1628
189;1565
189;560
190;642
190;441
190;619
190;128
191;1666
191;1132
191;745
191;240
191;680
192;2134
192;1242
192;983
192;682
192;1495
193;1012
193;1922
193;2043
193;1617
194;773
194;1739
194;2053
194;338
195;1484
195;1833
195;1038
195;1009
195;613
196;721
196;265
196;994
196;1149
196;1252
197;1003
197;1504
197;1089
197;926
197;247
198;996
198;669
198;1649
198;1203
198;2107
199;1682
199;1207
199;1165
199;1058
199;1463
200;1501
200;1670
200;667
200;1588
200;892
201;1397
201;749
201;1076
201;303
202;847
202;943
202;434
202;2067
202;1524
203;950
203;853
203;1008
204;1040
204;559
204;906
204;267
205;385
205;1506
205;1376
205;226
206;614
206;1272
206;1496
206;445
206;384
207;770
207;946
207;974
207;759
207;1825
208;1866
208;779
208;1218
208;1340
209;912
209;682
209;1838
210;1436
210;1472
210;1553
210;1068
210;659
211;1972
211;776
211;1794
211;1321
211;1003
212;1612
212;481
212;1109
212;1858
212;1650
213;1582
213;2145
213;1287
214;1736
214;548
214;270
214;1949
214;1120
215;1283
215;1552
215;1607
215;2105
216;964
216;503
216;1843
216;1476
216;1981
217;1019
217;1719
217;2172
217;900
217;1564
218;1004
218;369
218;1451
218;1138
218;639
219;2062
219;1767
219;258
219;488
219;2003
220;750
220;1796
220;2065
220;1638
220;419
221;1563
221;1113
221;695
221;1515
221;404
222;1859
222;929
222;1403
223;1614
223;1482
223;457
223;1016
223;888
224;447
224;1525
224;1919
224;1714
224;628
225;293
225;1533
225;1911
225;478
226;385
226;782
226;1376
227;2102
227;2101
227;1524
227;1511
227;327
228;1377
228;1517
228;1995
228;1601
229;900
229;2172
229;1462
229;878
229;989
230;1874
230;659
230;1472
230;294
230;1765
231;1694
231;2154
231;2035
231;1520
231;1335
232;1227
232;899
232;275
232;1151
232;183
233;319
233;347
233;1058
233;1073
233;1165
234;1130
234;1175
234;1964
234;1457
234;1938
235;1604
235;433
235;1691
235;1000
235;2159
236;1543
236;1426
236;1647
236;733
236;188
237;931
237;2109
237;693
237;1269
237;1178
238;960
238;277
238;638
238;958
238;1896
239;1260
239;1174
239;1643
239;1366
239;1907
240;1666
240;1797
240;1811
240;1148
241;1262
241;690
241;1862
241;475
242;910
242;1059
242;664
242;887
242;490
243;1577
243;1323
243;408
243;1466
243;410
244;917
244;1746
244;1468
244;2073
244;738
245;1214
245;512
245;966
245;1597
245;233
246;1327
246;365
246;1307
246;1110
246;1333
247;1089
247;333
247;1972
247;1003
248;656
248;1795
248;418
248;1507
248;73
249;601
249;934
249;1567
249;1595
249;1430
250;1451
250;823
250;639
250;471
250;2090
251;1326
251;352
251;1098
251;515
251;850
252;1082
252;2048
252;266
252;1807
252;1703
253;742
253;399
253;1631
253;2157
253;1025
254;1301
254;2078
254;478
254;1533
254;1321
255;895
255;1346
255;263
255;459
255;2100
256;972
256;1060
256;1172
256;1099
256;1939
257;732
257;1384
257;608
257;1295
257;1743
258;2062
258;1767
258;1176
258;1200
259;1237
259;1818
259;644
259;458
259;1164
260;758
260;1755
260;1261
260;1029
260;734
261;1743
261;1295
261;1384
261;1124
261;257
262;278
262;1530
262;1730
262;1932
262;94
263;459
263;895
263;1645
263;885
264;1081
264;1722
264;290
264;883
264;388
265;994
265;721
265;1252
265;2114
266;1994
266;2025
266;1421
266;1082
267;906
267;1482
267;1040
267;89
268;1420
268;734
268;848
268;1903
268;758
269;1709
269;1930
269;1288
269;1392
270;1049
270;1736
270;1949
270;903
270;1660
271;330
271;1248
271;2169
271;436
271;1569
272;537
272;1657
272;1585
272;1989
272;2052
273;334
273;1676
273;1313
273;833
273;1897
274;1989
274;2050
274;1585
274;537
274;2052
275;1227
275;1156
275;1516
276;949
276;1829
276;1461
276;2022
276;1969
277;1896
277;967
277;1274
277;1123
278;1530
278;1730
278;1932
279;1413
279;587
279;2071
279;378
280;1046
280;1408
280;1988
280;2106
280;815
281;1642
281;488
281;2150
281;616
282;1517
282;1810
282;435
282;1097
283;514
283;683
283;2060
283;897
284;1882
284;1791
284;1986
284;932
284;36
285;287
285;1884
285;1349
285;507
286;1598
286;1770
286;1479
287;1884
287;507
288;1435
288;514
288;968
288;1480
288;283
289;1873
289;1119
289;1852
289;1683
289;2031
290;1722
290;698
290;1081
290;883
291;1181
291;702
291;624
291;1611
292;1659
292;862
292;1615
292;1411
293;802
293;1963
293;1461
293;1533
294;1765
294;1472
294;542
294;397
295;1318
295;424
295;1229
295;1398
295;1405
296;359
296;1277
296;1977
296;1241
296;1352
297;1619
297;1096
297;1136
297;498
297;2125
298;1761
298;610
298;1822
298;544
298;358
299;1547
299;1855
299;1036
299;504
300;978
300;580
300;1342
300;789
301;2000
301;873
301;778
301;1131
301;1847
302;1203
302;870
302;360
302;364
302;414
303;937
303;1781
303;1397
303;355
304;1522
304;1147
304;1055
304;2143
304;685
305;1803
305;1385
305;1557
305;356
305;464
306;741
306;1095
306;1508
306;403
306;1499
307;2176
307;479
307;768
307;655
308;1844
308;1783
308;1857
308;1704
308;1849
309;1106
309;1752
309;909
309;1090
309;620
310;2113
310;23
310;1771
310;695
311;1877
311;706
311;204
311;559
312;1731
312;1776
312;1769
312;1950
313;710
313;1475
313;1017
313;372
313;1742
314;1381
314;1761
314;358
314;610
315;1947
315;673
315;1072
315;1980
315;1481
316;1034
316;1010
316;1684
316;1699
316;536
317;720
317;1632
317;744
317;1021
318;1246
318;2149
318;467
318;1923
318;377
319;1058
319;347
319;1165
319;1073
320;2029
320;1708
320;602
320;354
320;760
321;1188
321;379
321;1902
321;960
321;238
322;1139
322;451
322;499
322;1226
323;392
323;546
323;2063
323;1055
323;1777
324;497
324;973
324;779
324;1021
324;1866
325;454
325;2026
325;1406
325;2017
326;1704
326;1783
326;829
326;1857
326;1509
327;1464
327;1511
327;1210
327;1618
328;1140
328;737
328;343
328;1054
328;1590
329;935
329;438
329;1741
329;1344
329;979
330;436
330;1248
330;2169
330;1948
331;1455
331;1825
331;799
331;759
331;974
332;2129
332;699
332;1386
332;861
332;2116
333;1089
333;1921
333;1972
333;197
334;1313
334;1676
334;1243
334;833
335;961
335;1603
335;1627
335;1324
335;1831
336;777
336;341
336;1204
336;1053
336;1246
337;543
337;1545
337;1111
337;1908
338;1806
338;1739
338;700
338;586
339;553
339;1145
339;1157
339;1988
339;1408
340;2144
340;2053
340;1048
340;95
340;773
341;1053
341;1534
341;913
341;777
342;819
342;1325
342;1512
342;813
342;1893
343;1140
343;737
343;1054
343;1590
344;1190
344;901
344;1620
344;671
344;1045
345;2173
345;1889
345;1469
345;1819
346;1116
346;474
346;835
346;2042
346;645
347;1073
347;1058
347;775
348;2004
348;1320
348;2119
348;2171
349;1314
349;2142
349;286
349;586
349;1598
350;1966
350;692
350;1624
350;2175
350;1440
351;2059
351;1357
351;915
351;1014
351;1587
352;1326
352;1098
352;1913
352;515
353;975
353;2084
353;1409
353;971
354;1708
354;1509
354;527
354;1446
354;1857
355;1860
355;591
355;1781
355;1723
356;1385
356;1224
356;1803
356;1557
357;1169
357;1167
357;429
357;1464
358;1761
358;1558
358;610
359;1977
359;1785
359;1720
359;1277
360;414
360;870
360;2170
360;1419
361;1617
361;1922
361;2043
361;193
361;732
362;812
362;1620
362;482
362;1190
362;344
363;1393
363;1319
363;818
363;916
363;421
364;870
364;414
364;1786
364;1203
365;1307
365;390
365;1333
365;1814
366;378
366;370
366;587
366;1831
366;473
367;932
367;2061
367;1791
367;1608
368;429
368;1665
368;442
368;800
369;1004
369;1138
369;1451
369;1282
370;1450
370;473
370;378
370;1831
371;615
371;565
371;2033
371;410
372;710
372;1984
372;676
372;1353
373;1970
373;530
373;1019
373;1685
373;1716
374;2088
374;1733
374;986
374;1986
374;1717
375;849
375;464
375;1502
375;48
375;2161
376;1286
376;564
376;762
376;651
376;1959
377;2149
377;1923
377;494
377;909
378;587
378;1413
379;1188
379;1544
379;1123
379;1902
380;1035
380;407
380;1590
380;911
381;1534
381;453
381;1053
381;2054
382;959
382;2160
382;1483
382;804
382;1692
383;718
383;771
383;387
383;1974
384;1394
384;445
384;614
384;1467
385;1376
385;1506
386;1878
386;956
386;1365
386;394
386;1123
387;771
387;1618
387;1210
387;1346
387;112
388;843
388;883
388;1081
388;1722
389;1940
389;1705
389;595
389;1102
389;41
390;767
390;1307
390;1814
390;1411
391;657
391;867
391;1987
391;496
392;546
392;2063
392;1620
392;1819
393;1672
393;2027
393;1680
393;662
394;1365
394;967
394;618
394;1896
395;1064
395;1560
395;1493
395;30
396;1828
396;1189
396;1793
396;871
397;1765
397;542
397;1768
397;2105
397;1322
398;1303
398;948
398;1112
398;569
398;957
399;1631
399;2157
399;742
399;1025
400;688
400;1116
400;835
400;566
400;346
401;2032
401;1030
401;1762
401;1239
401;2087
402;466
402;908
402;1916
402;1693
402;1055
403;1508
403;554
403;1457
403;1095
404;1695
404;1329
404;1093
404;1113
404;1592
405;722
405;925
405;1091
405;42
405;1216
406;1906
406;1573
406;1840
406;829
406;1177
407;1035
407;761
407;423
407;1396
408;1577
408;1323
408;1540
408;1471
409;427
409;1715
409;1002
409;2008
409;1652
410;1466
410;1323
410;615
410;1577
411;1008
411;1344
411;438
411;1199
411;947
412;794
412;2030
412;748
412;1506
413;1633
413;470
413;1892
413;873
413;1439
414;1419
414;870
415;1996
415;1987
415;687
415;1423
415;1024
416;1771
416;853
416;1418
416;234
417;1071
417;1837
417;1150
417;572
417;646
418;656
418;82
418;1795
418;1195
419;2065
419;750
419;976
419;1124
419;1417
420;1496
420;1929
420;1272
420;206
420;614
421;668
421;2033
421;1414
421;1606
421;1319
422;487
422;2139
422;1962
422;1083
423;761
423;977
423;1738
423;1396
424;1990
424;1405
424;1318
424;1424
425;1465
425;430
425;1345
425;1798
425;1737
426;465
426;1990
426;693
426;679
426;237
427;1652
427;1715
427;1002
427;2008
428;2152
428;1690
428;809
428;2007
428;1560
429;1169
429;155
429;1167
430;702
430;1798
430;1737
431;600
431;679
431;1164
431;465
431;551
432;2079
432;1574
432;2055
432;576
433;1604
433;2159
433;1951
433;1333
434;847
434;1524
434;795
434;568
434;2102
435;1810
435;1097
435;1517
435;1995
436;976
436;1958
436;1953
437;1797
437;696
437;954
437;1148
437;1839
438;1344
438;935
438;1741
439;2066
439;701
439;1519
439;2085
440;1334
440;1456
440;1324
440;689
440;669
441;837
441;642
441;1750
442;429
442;858
442;1582
443;1457
443;1175
443;1964
443;1130
443;1938
444;1937
444;2092
444;661
444;2050
445;1394
445;1272
445;614
446;2115
446;1526
446;799
447;1919
447;1525
447;1714
447;1056
448;528
448;1933
448;486
448;1832
448;1438
449;746
449;1595
449;558
449;1750
449;837
450;1488
450;1575
450;670
450;1537
451;499
451;1139
451;2125
452;2147
452;724
452;1644
452;2082
453;1032
453;1572
453;1166
454;2026
454;1406
454;2017
455;1883
455;1787
455;666
455;987
455;1267
456;678
456;2111
456;2047
456;824
456;2094
457;888
457;1697
457;1016
457;1668
458;1818
458;644
458;1164
458;551
459;747
459;885
459;895
460;545
460;937
460;1745
460;684
460;1267
461;1070
461;1222
461;500
461;2037
461;667
462;936
462;1187
462;1835
462;1799
463;629
463;1031
463;1425
463;529
463;2020
464;849
464;632
464;1557
465;1990
465;679
465;600
466;908
466;1916
466;1055
466;1693
467;1204
467;889
467;1007
467;377
468;1449
468;691
468;574
468;501
469;684
469;545
469;1267
469;477
470;1633
470;1236
470;1648
470;1380
470;1439
471;1161
471;1092
471;1510
471;617
472;585
472;1233
472;754
472;1063
472;606
473;1831
473;1450
473;2170
474;1116
474;2042
474;835
474;645
475;690
475;516
475;1155
475;1262
476;539
476;1497
476;807
476;2070
476;2073
477;1076
477;545
477;131
477;460
478;1301
478;1144
478;1533
479;2176
479;1441
479;1105
480;1217
480;2057
480;1976
480;1764
480;1170
481;1858
481;1549
481;1612
481;727
482;812
482;1335
482;344
482;723
483;1170
483;1983
483;1217
483;492
483;1954
484;1912
484;1998
484;1186
484;2153
485;1263
485;1007
485;889
485;1904
485;2028
486;1832
486;1438
486;1933
486;528
487;2139
487;1962
487;1083
488;1642
488;2150
488;174
489;713
489;719
489;764
489;1351
489;1886
490;1647
490;1059
490;1426
491;1363
491;708
491;538
491;52
491;42
492;1983
492;733
492;1764
492;1059
493;902
493;590
493;1372
493;1230
493;532
494;909
494;1106
494;2149
495;1808
495;663
495;694
496;867
496;657
496;813
497;973
497;772
497;2168
497;1021
498;1096
498;1137
498;1136
498;1619
499;1139
499;1345
500;1070
500;1529
500;952
500;2037
501;1449
501;1639
501;2016
501;662
502;586
502;1103
502;526
502;2141
502;2142
503;964
503;1981
503;705
503;1843
504;1855
504;1547
504;1036
504;630
505;1870
505;825
505;1177
505;1185
506;863
506;1485
506;2131
506;2047
506;2111
507;1296
507;1102
507;919
507;992
508;534
508;1036
508;1381
508;60
509;1184
509;1609
509;836
509;1899
509;787
510;518
510;1918
510;756
510;1766
510;1143
511;1088
511;557
511;1293
511;1194
511;2130
512;1214
512;319
512;1317
512;405
513;581
513;1336
513;1626
513;1650
513;865
514;683
514;2060
514;968
515;1098
515;1326
515;1913
516;1155
516;2083
516;690
516;882
517;967
517;1274
517;958
517;1896
517;277
518;756
518;1918
518;1766
518;1143
519;1669
519;2138
519;1812
519;1197
519;171
520;571
520;2072
520;552
520;2021
520;1458
521;1026
521;1979
521;1688
521;2090
522;2039
522;1278
522;605
522;1200
522;67
523;2006
523;1028
523;704
523;697
524;1208
524;1646
524;712
524;1390
524;1430
525;2070
525;1746
525;1732
525;807
526;2141
526;2142
526;1103
526;586
527;1658
527;1428
527;1446
527;1708
528;1933
528;1438
528;1832
529;1425
529;629
529;795
529;568
530;1716
530;1970
530;884
530;1019
531;1748
531;1575
531;1537
531;670
531;1488
532;2127
532;590
532;1675
532;1372
532;1160
533;1308
533;1236
533;1380
533;1648
533;1377
534;1036
534;1151
534;504
535;1518
535;1495
535;983
535;2134
535;192
536;1684
536;1634
536;662
536;2157
536;1034
537;1585
537;2052
537;1989
538;708
538;1363
538;1999
538;1662
538;2059
539;1497
539;807
539;2073
539;2070
540;1212
540;1772
540;1014
540;1357
540;594
541;2133
541;2003
541;1689
541;1331
541;1176
542;1765
542;1472
542;1322
543;1545
543;1111
543;16
543;1908
544;1822
544;1126
544;610
544;1761
545;684
545;1267
546;1620
546;901
546;2063
547;567
547;1389
547;1945
547;1671
547;1402
548;1736
548;1383
548;270
548;1238
549;1309
549;1159
549;1013
549;1561
549;1341
550;1591
550;815
550;781
550;2012
550;2106
551;1043
551;644
551;1818
551;1164
552;2021
552;694
552;571
552;1973
553;1157
553;1145
553;1988
553;1408
554;1964
554;1457
554;1418
554;1175
555;806
555;735
555;747
555;596
556;622
556;1115
556;647
556;34
557;2130
557;1194
557;1293
557;1088
558;2044
558;939
558;1750
558;654
559;706
559;1040
559;1773
560;1290
560;1362
560;2015
560;352
561;1613
561;1015
561;1433
562;880
562;1315
562;1337
562;1721
562;172
563;2073
563;2041
563;1757
563;917
564;1084
564;1286
564;651
564;715
565;2033
565;1414
565;2135
565;615
565;668
566;2122
566;835
566;938
566;1116
567;1945
567;1671
567;1389
567;1402
568;795
568;1524
568;847
568;1031
569;1407
569;1503
569;2097
569;1178
569;1006
570;730
570;1637
570;2166
570;788
571;694
571;2021
571;2072
572;1150
572;1071
572;861
572;20
573;1673
573;2071
573;1291
573;785
573;1088
574;1951
574;691
575;1817
575;783
575;1927
575;160
576;1574
576;2079
576;307
577;697
577;2006
577;1827
577;1028
577;523
578;2085
578;1935
578;701
578;1718
578;1809
579;928
579;716
579;2040
579;700
579;95
580;978
580;916
580;1319
581;1336
581;1626
581;1650
581;865
582;674
582;2162
582;1183
582;1294
582;969
583;661
583;820
583;2092
583;1726
583;18
584;2136
584;2023
584;617
584;1092
584;868
585;1233
585;754
585;1063
585;1125
586;1806
586;1103
586;2142
587;1831
588;1851
588;831
588;1253
588;1356
588;2077
589;1982
589;864
589;1311
589;1257
589;734
590;2127
590;1160
590;902
591;1860
591;1781
591;1723
591;1678
592;637
592;1446
592;2021
592;1658
592;527
593;1122
593;1975
593;955
593;2156
593;1231
594;1550
594;1447
594;118
594;1735
594;675
595;1705
595;1940
595;1554
595;1102
596;1621
596;806
597;608
597;1295
597;1384
597;257
597;1743
598;1823
598;1403
598;2086
598;1259
598;1859
599;2165
599;1340
599;798
599;1359
599;1180
600;679
600;1164
600;458
601;934
601;1567
601;1430
601;1595
602;1509
602;1177
602;1708
602;829
602;1870
603;2001
603;1677
603;764
603;82
603;1195
604;1168
604;1454
604;743
604;1444
604;769
605;1198
605;877
605;1278
605;1228
606;1697
606;1505
606;2166
606;585
607;858
607;1840
607;1287
607;2049
607;800
608;1384
608;1295
608;732
609;653
609;1117
609;1378
609;905
609;838
610;1822
610;1761
610;1126
611;2148
611;1621
611;1599
611;1624
611;692
612;1580
612;1944
612;1146
612;2058
612;1243
613;1805
613;1616
613;1209
613;1009
613;1038
614;1272
614;1496
615;2033
616;1642
616;984
616;2150
617;1510
617;1092
617;1161
617;1568
618;1155
618;1365
618;516
619;1300
619;642
619;999
620;1106
620;1957
620;1752
620;1760
621;1579
621;1539
621;1412
621;1453
621;62
622;1115
622;647
623;2110
623;1830
623;1280
623;1247
623;879
624;765
624;1181
624;1354
625;904
625;1353
625;1623
625;1850
625;1068
626;1345
626;929
626;1085
626;1465
626;499
627;1438
627;486
627;753
627;1933
627;528
628;1496
628;1919
628;1467
628;206
628;614
629;1425
629;1031
629;2020
630;834
630;1014
630;1855
630;1547
631;1207
631;1682
631;1470
631;1160
631;199
632;1557
632;1399
632;849
632;48
633;1356
633;831
633;2077
633;2150
633;1668
634;753
634;1027
634;1717
634;1072
634;643
635;894
635;1421
635;797
635;1807
636;1442
636;852
636;1473
636;1162
636;1877
637;1658
637;2021
637;2072
637;1446
638;960
638;958
638;1274
638;277
639;823
639;2090
639;1451
640;926
640;1687
640;2103
640;1504
640;1723
641;1608
641;1500
641;1791
641;932
642;1300
643;1273
643;2022
643;1717
643;753
643;1733
644;1818
644;1237
644;1164
645;2042
645;1551
645;1075
646;1071
646;756
646;572
647;1115
647;34
647;2084
648;1074
648;1749
648;826
648;1118
648;2117
649;1192
649;860
649;1735
649;1437
649;540
650;982
650;1101
650;1156
650;899
651;1084
651;1886
651;1286
651;1959
652;814
652;884
652;862
652;1659
652;875
653;1378
653;1117
653;838
653;905
654;2069
654;1778
654;1012
654;1696
655;768
655;2176
655;1550
656;1795
656;1507
657;1987
657;867
657;1024
658;2176
658;307
658;479
658;768
658;1735
659;1436
659;1874
659;1472
660;1477
660;991
660;2008
660;909
661;1937
661;2092
662;1680
662;1634
662;2016
662;1684
663;1808
663;694
663;715
664;910
664;1984
664;840
664;887
665;2091
665;703
665;2121
665;2035
665;1693
666;987
666;1883
666;1809
666;578
667;1670
667;2037
667;1501
667;677
668;1414
668;1606
668;2033
669;996
669;1334
669;1674
670;1537
670;1488
670;1575
671;1050
671;2011
671;1925
671;1045
671;901
672;1542
672;711
672;1685
672;1367
672;1527
673;1804
673;1201
673;981
673;1947
674;1183
674;2162
674;1952
674;945
675;1158
675;1447
675;1550
675;891
676;1238
676;1383
676;548
676;664
677;1581
677;1491
677;1893
677;1670
678;2111
678;2047
678;2094
678;824
679;1164
680;2123
680;745
680;942
680;1355
680;1885
681;1905
681;896
681;1304
681;1747
681;1734
682;1838
683;2060
683;897
683;288
684;1267
684;455
685;1651
685;943
685;1266
685;1777
686;1225
686;980
686;1259
686;1836
686;912
687;1712
687;1047
687;1390
687;1996
688;1116
688;474
688;346
688;1994
689;1456
689;1562
689;898
689;738
690;1262
690;1155
691;1779
691;1449
692;1624
692;1676
692;1599
692;2175
693;1990
693;465
693;957
694;1808
694;55
695;1563
695;1001
695;856
696;954
696;1839
696;2051
696;1991
696;1285
697;2006
697;1028
697;1827
698;1722
698;2167
698;1486
698;1219
699;1386
699;2129
699;2116
699;839
700;2040
700;928
700;716
700;1739
701;1519
701;2085
701;2066
702;1181
702;1611
703;2121
703;2091
703;1693
703;2035
704;897
704;1028
704;283
705;1981
705;857
705;964
705;1894
706;1773
707;1909
707;2179
707;1875
707;1702
707;953
708;1363
708;1999
708;1662
708;1011
709;1636
709;1856
709;2158
710;1475
710;1017
710;9
711;1527
711;1542
711;1074
711;1749
712;1208
712;1430
712;732
712;1567
713;764
713;719
713;603
713;1351
714;1985
714;1080
714;26
714;907
714;767
715;1286
715;376
715;1084
716;2040
716;2053
717;731
717;1967
717;857
717;1843
717;1476
718;1974
718;1677
718;603
719;1351
719;764
719;1167
720;1632
720;1021
720;724
720;2082
721;994
721;1252
721;1289
722;925
722;1091
722;793
723;965
723;1649
723;1335
723;1674
724;2147
724;1632
724;1891
725;729
725;1950
725;1776
725;1769
725;1369
726;1535
726;1801
726;1066
726;1939
726;1099
727;1858
727;1211
727;1549
727;930
727;1928
728;891
728;1158
728;1710
728;1220
729;1787
729;1745
729;1883
729;56
730;1637
730;788
730;2166
731;1967
731;857
731;1843
731;1476
732;1384
733;1983
733;1647
733;1059
734;1420
734;864
734;758
734;848
735;459
735;747
735;255
735;263
736;958
736;1274
736;2056
736;638
736;517
737;1590
737;1140
737;1054
738;917
738;2041
738;1456
738;898
739;957
739;2163
739;1039
739;1405
740;2010
740;1784
740;2141
740;526
740;1103
741;1095
741;872
741;1499
741;1508
742;1631
742;2157
742;1025
743;1168
743;769
743;1279
743;1062
744;1866
744;779
744;324
744;208
745;2123
745;1132
745;1513
746;837
746;1750
746;558
746;1595
747;885
747;263
747;1645
748;856
748;794
748;63
749;1397
749;1076
749;303
750;2065
750;261
750;976
751;1265
751;2169
751;1641
751;1248
751;1569
752;1591
752;781
752;1107
752;2013
752;1264
753;2022
753;1717
754;1233
754;1063
755;903
755;1660
755;1049
755;270
755;1949
756;1918
756;1766
756;1023
757;1629
757;1707
757;1960
757;1279
758;1755
758;1261
759;974
759;946
759;1825
759;770
760;2029
760;825
760;1870
760;3
761;1035
761;1396
761;1738
762;1879
762;1555
762;1973
762;1536
763;2093
763;1936
763;911
763;1270
764;2001
765;1354
765;91
765;792
766;1852
766;1119
766;1873
766;177
766;289
767;1395
767;907
767;1080
768;2176
768;1550
768;118
769;1279
769;1168
769;1062
770;946
770;974
770;1825
771;1618
771;1210
771;112
771;1464
772;2168
772;973
772;324
772;995
773;2144
773;2053
773;1739
774;1245
774;1315
774;1721
774;1852
775;923
775;1073
775;966
775;1597
776;2054
776;1321
776;2078
777;1246
777;1204
777;318
778;1131
778;2000
778;873
778;997
779;1866
780;2130
780;1293
780;1517
780;557
780;1088
781;2012
781;1591
781;1459
782;1399
782;1186
782;1998
783;1409
783;971
783;1268
783;1817
783;1927
784;1865
784;1799
784;1908
784;2060
784;683
785;2081
785;1284
785;1413
785;1673
786;1801
786;1724
786;2019
786;1535
786;1915
787;1108
787;1184
787;1609
787;1291
788;1637
788;2145
788;1031
789;1444
789;1454
789;2178
789;978
789;604
790;1251
790;1468
790;1061
790;2108
791;2132
791;1815
791;817
791;1566
791;1611
792;810
792;1354
792;2005
793;1275
793;1091
793;2155
793;2140
794;2124
794;2030
794;2161
795;1524
795;847
795;1031
796;2096
796;1834
796;1845
796;1861
796;921
797;1421
797;894
797;1807
797;2048
798;1359
798;1235
798;940
798;1180
798;2165
799;1526
799;1455
799;1825
800;1665
800;858
800;1849
801;1129
801;1401
801;1601
802;1461
802;1963
802;1829
802;1871
803;1993
803;2097
803;1503
803;1968
803;1289
804;1755
804;1261
804;959
804;953
805;1847
805;997
805;301
805;2000
805;1396
806;735
806;747
807;1584
807;2070
807;1489
808;1763
808;1044
808;842
808;973
808;1218
809;1690
809;2152
809;2007
809;161
810;2005
810;1354
810;1859
811;2092
811;1519
811;1937
811;1731
811;661
812;1620
812;1693
812;1190
813;819
813;1512
813;1325
813;90
814;884
814;875
814;530
814;1659
815;2106
815;1459
815;1046
816;1880
816;1163
816;2155
816;1452
816;1216
817;1611
817;1181
817;2132
817;291
818;1596
818;1393
818;989
818;916
819;1512
819;1325
819;1893
820;1630
820;1726
820;1360
820;49
821;1656
821;2108
821;1061
821;2103
821;914
822;1105
822;1441
822;1821
822;144
822;129
823;2090
823;1451
823;218
824;863
824;2111
824;2047
825;1870
825;1177
826;1749
826;2117
826;1074
826;1719
827;1854
827;1240
827;1979
827;1026
827;521
828;1602
828;1667
828;1965
828;1740
829;1573
829;1704
829;1177
829;1906
830;1443
830;1720
830;580
830;1977
831;1356
831;2077
831;2150
832;1728
832;1890
832;1258
832;1820
832;1271
833;1944
833;1824
833;1699
833;1146
833;2058
834;1855
834;1547
834;915
834;504
835;1116
835;2122
836;1171
836;1899
836;1609
836;1946
837;1750
838;1378
838;1297
839;2116
839;1332
839;1386
839;1281
840;2009
840;910
840;270
840;1049
841;1578
841;1249
841;153
841;2112
841;2120
842;2112
842;1763
842;1044
842;656
843;883
843;264
843;1081
843;1219
844;1600
844;846
844;1513
844;1132
844;1396
845;963
845;1429
845;1830
845;2110
845;1145
846;1600
846;1513
846;1396
846;997
847;1524
847;2102
848;1903
848;1420
848;2163
848;1686
849;1502
849;305
849;1557
850;1559
850;1753
850;1326
851;2017
851;1498
851;1559
851;1406
852;1442
852;1473
852;1162
852;1614
853;23
853;950
853;1771
854;1361
854;1813
854;1610
854;633
855;881
855;1667
855;828
855;1602
856;412
856;794
857;1967
857;1981
858;1840
858;1287
858;1665
859;1780
859;1011
859;1662
859;1317
859;1710
860;1192
860;1212
860;540
861;1150
861;2129
861;20
862;1615
862;1659
862;1367
863;2047
863;2111
863;456
864;1257
864;1982
864;1029
865;1842
865;1650
865;1626
865;1612
865;2014
866;1276
866;1589
866;1166
866;1774
867;1423
867;1987
868;2136
868;995
868;1370
868;617
869;1540
869;1538
869;1471
870;1419
871;1828
871;1404
871;1945
871;1640
871;547
872;1499
872;2076
872;1093
872;1113
873;2000
873;1131
873;1847
874;1997
874;1663
874;1072
874;1523
874;1027
875;884
875;922
876;944
876;435
876;1713
876;1810
876;1971
877;1198
877;1038
877;1209
878;1564
878;2172
878;900
878;989
879;1247
879;1292
879;1280
879;1294
880;1094
880;1315
880;2034
881;1715
881;1667
881;1477
882;1087
882;2146
882;988
882;2083
882;146
883;1219
883;1722
883;1081
884;1716
885;1645
885;2067
886;1254
886;1784
886;1583
886;1538
886;1655
887;1984
887;1931
887;910
888;1697
888;1482
889;1007
889;1204
889;1263
890;2120
890;2177
890;1249
890;153
890;1578
891;1158
891;66
892;1588
892;1078
892;1531
892;16
893;2075
893;1256
894;1421
894;1807
895;1346
895;2100
895;1645
896;1905
896;1239
896;1734
897;1028
898;1562
898;2036
899;1227
899;275
899;1156
900;2172
900;1462
900;1564
901;1190
901;1620
901;1050
902;1160
902;2127
902;532
903;1660
903;1049
903;1949
904;1353
904;1623
904;1850
905;1117
905;1625
906;1482
906;1040
907;1395
907;1080
908;1916
908;1125
908;1693
909;1106
910;2009
910;1984
911;2093
911;737
911;328
912;1225
912;980
913;1053
913;1204
913;1534
913;889
914;1728
914;1271
914;1802
914;1656
914;1890
915;1587
915;962
916;2178
916;1596
916;1319
917;2073
917;2041
918;1453
918;1412
918;1724
918;786
918;62
919;992
919;1554
919;1102
920;1846
920;1725
920;2045
920;1644
921;1474
921;1258
921;1834
922;2046
922;1411
922;1779
922;1814
923;1372
923;1597
923;1954
923;966
924;1460
924;1051
924;1784
924;1526
924;2115
925;1091
925;1216
925;2155
926;1687
926;1504
926;2103
927;1942
927;1392
927;1288
927;1653
927;1196
928;1889
928;2040
928;716
929;1838
929;682
930;1005
930;1926
930;1848
930;1211
931;2109
931;1178
931;1269
931;1006
932;1791
932;2061
932;1608
933;1593
933;2080
933;1312
933;1197
933;312
934;1567
934;1430
934;361
935;1429
935;1344
935;979
936;1835
936;1187
936;1150
937;1745
937;1397
937;1781
938;2122
938;835
938;2104
938;346
939;2044
939;1914
939;1750
939;1255
940;1359
940;1235
940;1654
940;1548
941;1992
941;1047
941;1712
941;990
941;1215
942;1355
942;1885
942;2123
942;745
943;1651
943;529
943;304
944;1971
944;1713
944;435
944;1782
945;1183
945;678
945;1952
945;582
946;974
946;1825
947;1067
947;1741
947;1493
947;438
948;1112
948;1303
948;1039
949;1969
949;1961
949;1829
949;1532
950;10
950;1427
951;1674
951;1373
951;1711
951;965
951;1335
952;1143
952;1622
952;1918
952;510
952;518
953;1875
953;1261
953;1029
953;1755
954;1839
954;2051
954;1991
954;1285
955;1122
955;1975
955;2156
955;1700
956;1878
956;1544
956;1123
956;379
957;1112
957;948
958;1274
958;1896
958;277
958;967
959;1483
959;2160
959;1018
959;1107
960;277
960;1123
960;958
961;1627
961;1603
961;1831
961;473
962;1587
962;299
962;1547
962;60
963;1157
963;339
963;553
963;1145
964;1843
964;1476
964;1981
965;1335
965;1674
965;2154
966;1597
966;1954
967;1896
967;1274
967;1365
968;1480
968;1435
968;1926
969;1952
969;1410
969;1523
969;674
970;2089
970;1856
970;709
970;1636
970;79
971;1409
971;1268
971;34
972;1172
972;1060
972;1099
972;1939
973;2168
973;1021
974;1825
975;2084
975;34
975;670
975;1409
976;1958
976;1953
976;2065
977;1738
977;805
977;761
977;1847
978;2178
979;1280
979;623
979;2110
980;1259
980;1225
980;1403
981;1201
981;1410
981;1523
982;1101
982;1156
982;899
983;2134
983;1242
983;2038
984;1525
984;224
984;1433
984;174
985;1546
985;1696
985;1924
985;1778
985;1796
986;1733
986;1986
986;1273
986;1717
987;1883
987;1809
987;578
988;1876
988;2146
988;1087
988;2081
989;1358
989;1462
989;1596
990;1992
990;1215
990;1388
990;1057
991;2008
991;1477
991;2051
992;1554
992;1102
992;1493
993;1394
993;445
993;384
993;2145
993;730
994;1252
994;2114
995;2118
995;1370
995;1891
995;2168
996;1334
996;1649
996;1674
997;1396
997;301
997;2000
998;1452
998;2140
998;1275
998;1880
998;793
999;1300
999;1792
999;1961
999;448
1000;1205
1000;1691
1000;1604
1000;1586
1001;1771
1001;1418
1001;1499
1002;1991
1002;1652
1002;2051
1003;1794
1003;1972
1003;1089
1004;1138
1004;1451
1004;639
1005;1926
1005;1848
1005;1827
1005;135
1006;1269
1006;1178
1006;2109
1006;1898
1007;1263
1007;1204
1008;1344
1008;10
1008;950
1009;1805
1009;1943
1009;1616
1010;1034
1010;1699
1010;1824
1010;1684
1011;1662
1011;1710
1011;1780
1011;1999
1012;1922
1012;2043
1012;2069
1013;1309
1013;1561
1013;1341
1013;1159
1014;1357
1014;1772
1014;1212
1015;1613
1015;1041
1015;1100
1015;1433
1016;1668
1016;1614
1016;888
1017;1475
1017;1173
1018;1107
1018;1483
1018;2160
1018;752
1019;1970
1019;1719
1019;2117
1020;2114
1020;994
1020;1360
1020;265
1020;1816
1021;1891
1022;1141
1022;1137
1022;1790
1022;498
1022;1508
1023;1766
1023;518
1023;510
1023;1622
1023;1143
1024;1996
1024;1987
1024;1390
1025;1202
1025;1897
1025;1631
1026;1979
1026;1240
1027;1072
1027;1997
1027;1663
1028;2006
1028;1827
1029;1261
1029;1755
1029;1875
1030;2087
1030;2032
1030;1762
1030;2031
1032;1033
1032;866
1032;1572
1032;1166
1033;1900
1033;1701
1033;1114
1033;1244
1034;1699
1034;1684
1035;423
1035;1590
1037;1306
1037;2128
1037;1985
1038;1198
1038;1833
1039;2164
1039;1311
1039;1112
1040;1861
1040;706
1041;1100
1041;1613
1041;40
1041;1115
1042;1698
1042;1770
1042;1462
1042;8
1043;644
1043;458
1043;1818
1043;1164
1044;1763
1044;1218
1044;80
1045;2011
1045;1050
1045;2074
1046;1408
1046;1988
1046;1157
1046;553
1047;1712
1047;1992
1047;1299
1048;1347
1048;716
1048;2040
1049;1660
1049;1949
1050;2011
1050;1925
1051;1460
1051;2115
1051;1052
1051;1758
1052;2074
1052;2115
1052;2107
1052;1379
1052;27
1053;1534
1054;1140
1054;1590
1055;1147
1055;1522
1056;1714
1056;1525
1056;1919
1057;1388
1057;1215
1058;1073
1058;1165
1059;1647
1060;1172
1060;1099
1060;1939
1061;2108
1061;1656
1061;1728
1061;832
1062;1279
1062;1932
1062;1730
1062;1707
1063;1233
1064;2158
1064;1560
1064;30
1064;2098
1065;1173
1065;1322
1065;1623
1065;1068
1066;1939
1066;1099
1066;2018
1066;1535
1067;1493
1067;1741
1067;1064
1068;1850
1068;1623
1068;904
1069;1845
1069;1941
1069;1861
1069;2096
1069;1520
1070;1222
1070;2037
1070;952
1071;1837
1071;1150
1072;1997
1072;1663
1073;1675
1074;1749
1074;2117
1074;1118
1075;1762
1075;2042
1075;1551
1075;1521
1076;1397
1077;1422
1077;116
1077;2156
1077;1869
1077;1661
1078;1531
1078;1588
1078;1109
1079;1655
1079;1471
1079;1538
1079;1254
1080;1395
1080;1985
1080;962
1081;1722
1082;2048
1082;1807
1082;1703
1082;797
1083;1962
1083;1417
1083;1641
1083;2139
1083;1248
1084;1286
1084;1282
1085;2038
1085;2068
1085;1242
1085;1881
1086;1304
1086;1734
1086;87
1086;2034
1087;2146
1087;1876
1088;1293
1088;2130
1089;1921
1090;1752
1090;1946
1090;1171
1090;1106
1091;2155
1091;1216
1091;1163
1092;1161
1092;1510
1092;2023
1093;1800
1093;2076
1093;1695
1093;1113
1094;2034
1094;1174
1094;1086
1094;1121
1095;1508
1095;1127
1096;1136
1096;1619
1096;1137
1097;1995
1097;1810
1097;1182
1098;1326
1098;1913
1099;1939
1099;1172
1100;40
1100;1613
1100;556
1101;1156
1101;1192
1102;1296
1102;1554
1103;2141
1103;1526
1104;1907
1104;1366
1104;2082
1104;1742
1104;256
1105;1441
1105;144
1105;307
1106;1752
1107;1483
1107;2160
1108;1291
1108;573
1108;1653
1108;780
1109;1612
1109;2014
1109;1928
1110;2159
1110;1333
1110;1604
1110;1327
1110;1000
1111;1545
1111;1531
1112;1303
1113;1563
1114;1900
1114;1701
1114;1244
1114;1871
1116;2042
1117;1740
1118;1364
1118;2137
1118;1956
1119;1852
1119;1873
1120;1751
1120;1736
1120;1412
1121;2034
1121;2174
1121;1789
1121;1086
1122;1975
1122;1231
1122;2156
1122;1744
1123;1896
1123;238
1124;1417
1124;1743
1124;1962
1124;1083
1125;1916
1125;2143
1125;2020
1126;1822
1126;298
1127;1374
1127;33
1127;2125
1128;1406
1128;2017
1128;1753
1129;1401
1129;2083
1129;31
1129;516
1130;1175
1130;1938
1130;1964
1130;1457
1131;2000
1131;1439
1132;1600
1132;1513
1133;1528
1133;1812
1133;1043
1133;551
1134;1888
1134;2137
1134;1168
1134;1364
1134;1454
1135;1955
1135;1775
1135;1152
1135;1558
1135;1542
1136;2125
1136;1619
1137;1141
1137;1136
1138;1451
1138;639
1139;1226
1139;1465
1140;1590
1141;1790
1141;443
1141;1938
1142;1948
1142;1270
1142;1652
1142;1991
1142;1285
1143;1622
1143;1918
1143;1766
1144;1301
1144;254
1144;1794
1145;1157
1145;1988
1145;1408
1146;2058
1146;1243
1146;1944
1146;1580
1147;1522
1147;2143
1147;1916
1148;1797
1148;1839
1148;2051
1148;696
1149;1289
1149;1968
1149;1901
1150;1837
1151;504
1151;1036
1151;508
1152;2128
1152;1775
1152;1955
1152;1910
1152;175
1153;1702
1153;2179
1153;1909
1153;1841
1154;1920
1154;1541
1154;1347
1154;2173
1155;2083
1156;1227
1157;1988
1157;1408
1159;1309
1159;900
1159;1561
1160;2127
1160;1675
1161;1510
1161;1568
1162;1872
1162;1253
1162;125
1162;469
1162;1756
1163;1216
1163;2155
1163;925
1164;1818
1165;1463
1166;1572
1166;838
1167;1169
1167;1351
1167;112
1168;1454
1169;1464
1170;1217
1170;1983
1170;492
1170;1764
1171;1946
1171;1752
1171;1899
1172;1939
1173;1322
1173;1305
1174;1260
1174;1348
1175;1964
1175;1457
1176;1200
1176;1689
1176;1331
1177;1573
1177;1906
1178;1269
1178;2109
1178;1407
1179;1824
1179;1202
1179;1010
1179;2157
1179;833
1180;1235
1180;2165
1180;1359
1180;1897
1181;1611
1182;1995
1182;1377
1182;1782
1182;170
1183;2110
1183;1830
1184;1609
1184;836
1184;1942
1185;1177
1185;1906
1185;406
1186;1998
1186;1912
1186;1399
1187;1835
1187;1799
1188;960
1188;1123
1188;238
1189;1640
1189;1828
1189;1404
1189;871
1190;1620
1190;671
1191;1206
1191;1302
1191;1863
1191;2114
1192;74
1192;1735
1192;1437
1193;1683
1193;1521
1193;289
1193;1873
1194;1401
1194;69
1195;1759
1195;2001
1196;1957
1196;1942
1196;110
1197;2080
1197;2061
1197;1593
1197;367
1198;1228
1199;1938
1199;1130
1199;1234
1199;234
1199;1175
1200;1689
1200;2039
1201;1410
1201;874
1202;1897
1202;1824
1202;2165
1203;2107
1203;1379
1203;1758
1205;1691
1205;1586
1205;1604
1205;1436
1206;1863
1206;1805
1206;1009
1206;2114
1207;1682
1207;1470
1207;1675
1208;1646
1208;608
1208;732
1209;1616
1209;1805
1209;1009
1210;1618
1210;1464
1211;1848
1211;1549
1211;1858
1212;1772
1212;1357
1213;1224
1213;1727
1213;356
1213;1803
1213;1486
1214;319
1214;233
1214;1317
1215;1388
1215;1992
1216;2155
1217;2057
1217;1764
1218;1340
1218;1763
1219;1722
1219;1515
1219;290
1220;891
1220;1710
1220;1662
1220;1772
1221;1338
1221;1495
1221;145
1221;1692
1222;500
1222;1325
1222;677
1223;1601
1223;31
1223;801
1223;1377
1224;1803
1224;1385
1224;1727
1225;1259
1225;209
1226;1448
1226;1465
1227;1516
1228;1478
1228;2039
1229;1318
1229;1398
1229;1424
1229;1405
1230;902
1230;1543
1230;1372
1230;236
1231;1744
1231;1975
1231;1416
1232;1671
1232;2023
1232;1402
1232;567
1234;1938
1234;1790
1234;1130
1234;1175
1235;1359
1235;2165
1236;1380
1236;1648
1236;1633
1237;1901
1237;2099
1237;1818
1238;1383
1238;1724
1238;1751
1239;2032
1239;1905
1239;681
1240;1854
1240;1979
1240;55
1241;1352
1241;1277
1241;1530
1242;2134
1242;2038
1243;2058
1243;1313
1243;1676
1243;2175
1244;1701
1244;1900
1244;1911
1245;1721
1245;1315
1245;1793
1246;1923
1246;2149
1247;1292
1247;1280
1247;1294
1248;2169
1248;1641
1248;1265
1249;2120
1249;2177
1249;1578
1250;2064
1250;485
1250;1263
1250;1007
1250;913
1251;1468
1251;1746
1251;525
1252;1360
1253;1851
1253;1872
1253;1756
1254;1538
1254;1784
1254;1655
1255;1914
1255;1297
1255;1788
1255;1276
1256;2075
1256;1382
1257;1029
1257;734
1257;260
1258;1474
1258;1834
1259;1403
1259;912
1260;1348
1260;1094
1261;1755
1262;1862
1263;1904
1263;2028
1264;2013
1264;1686
1264;1591
1264;1107
1265;1641
1265;2169
1265;1434
1266;1469
1266;1651
1266;1777
1267;1787
1268;1409
1268;353
1268;2084
1269;2109
1269;1898
1270;1285
1270;1936
1270;1991
1271;1890
1271;1820
1271;1728
1271;1802
1272;1887
1272;1496
1273;1733
1273;1717
1273;1986
1274;1896
1275;2140
1275;1452
1275;2155
1276;1788
1276;1774
1276;1589
1276;178
1277;1352
1277;1342
1278;1657
1278;1934
1278;272
1279;1707
1279;1932
1280;147
1281;1332
1281;2116
1281;699
1281;1386
1282;564
1282;1004
1282;715
1283;1552
1283;1607
1283;2105
1284;2081
1284;1413
1284;279
1284;1673
1285;1991
1285;1839
1287;2049
1287;1840
1287;1371
1288;1392
1288;2126
1288;2095
1289;1968
1289;196
1289;265
1290;1362
1290;64
1290;251
1290;2015
1291;2071
1291;1673
1291;1653
1292;1832
1292;486
1292;627
1293;2130
1294;2162
1294;1663
1294;1523
1295;1743
1295;1384
1296;1940
1297;1378
1297;653
1297;1788
1298;1432
1298;1679
1298;1823
1299;1967
1299;1992
1299;717
1299;857
1299;731
1300;128
1300;1961
1301;2078
1301;1321
1301;776
1302;1863
1302;1993
1302;1206
1302;2114
1303;957
1303;1039
1304;1734
1305;1322
1305;2105
1305;1768
1306;1985
1306;2128
1307;1333
1307;1814
1307;2159
1308;2056
1308;1377
1308;1236
1308;1380
1309;1561
1309;1341
1310;1929
1310;1505
1310;420
1310;1813
1310;1887
1311;2164
1311;1982
1312;1593
1312;312
1312;1731
1312;811
1313;1676
1313;2058
1314;2142
1314;586
1314;502
1314;526
1315;1721
1316;1927
1316;1817
1316;541
1316;2003
1316;2133
1317;1780
1317;1011
1317;1999
1317;1662
1318;1398
1318;1405
1320;2004
1320;2171
1320;2119
1321;2078
1321;1794
1322;1768
1322;2105
1323;1466
1323;1577
1323;615
1324;1627
1324;1603
1324;1334
1324;2170
1325;1893
1325;1512
1326;1913
1327;365
1327;1307
1327;1333
1328;317
1328;1552
1328;126
1328;1283
1329;1695
1329;1635
1329;1592
1329;1093
1330;1520
1330;1941
1330;1711
1330;1069
1330;1373
1331;1689
1331;2133
1331;1478
1331;2039
1332;2116
1332;699
1332;1386
1333;2159
1334;360
1335;2154
1335;1694
1335;1711
1336;1626
1336;1650
1336;865
1337;1725
1337;396
1337;1389
1338;1495
1338;1518
1338;535
1339;1296
1339;41
1339;837
1340;1853
1341;1391
1341;1514
1341;1561
1342;978
1342;1352
1342;1932
1343;1599
1343;1548
1343;1621
1343;1654
1343;2148
1344;1199
1344;1234
1345;1465
1345;1139
1346;2100
1346;1645
1346;263
1347;716
1347;1920
1347;2040
1348;1644
1349;507
1350;290
1350;698
1350;1213
1350;2167
1350;1486
1351;1886
1352;1530
1353;1623
1353;1850
1355;1885
1355;2123
1355;745
1356;2077
1356;2150
1357;1772
1357;2059
1358;1564
1358;878
1358;1596
1359;2165
1360;1726
1360;1816
1360;49
1361;1813
1361;1610
1361;420
1362;1628
1363;2059
1363;351
1364;1956
1364;2119
1364;2137
1364;1888
1365;1896
1366;1907
1366;256
1366;1060
1367;1685
1367;1542
1367;1615
1368;1864
1368;2027
1368;1853
1368;1607
1368;393
1369;1387
1369;2024
1369;1678
1369;1500
1369;1608
1370;2118
1370;1706
1370;2136
1370;1891
1371;2049
1371;1840
1371;607
1372;2127
1372;590
1373;1711
1373;1520
1373;1941
1374;2125
1374;1095
1375;1492
1375;1786
1375;1419
1375;1876
1376;1506
1376;412
1377;1995
1377;170
1377;1097
1379;1758
1379;2107
1379;1051
1380;1648
1380;1782
1380;1182
1381;1036
1381;299
1382;2075
1382;1584
1382;1489
1383;664
1383;910
1384;1743
1385;1803
1385;1557
1386;2129
1386;2116
1387;2024
1387;1500
1387;1678
1387;1608
1389;1402
1389;2045
1389;1671
1390;1996
1390;415
1391;1514
1391;1561
1391;1013
1391;1077
1392;1942
1392;2126
1393;1596
1393;916
1393;989
1394;614
1394;1272
1395;714
1396;1600
1398;1424
1398;1405
1399;226
1400;1661
1400;2175
1400;1869
1402;2045
1402;1671
1403;1823
1403;1859
1404;1640
1404;1828
1404;1571
1404;1945
1405;1424
1406;2017
1407;1898
1407;1006
1407;1269
1408;1988
1409;34
1410;1952
1411;2046
1411;1814
1411;1659
1412;1453
1412;1751
1412;1579
1413;2081
1414;2033
1414;1606
1414;2135
1415;2067
1415;1867
1415;1541
1415;885
1416;1744
1416;1975
1416;1716
1417;1962
1417;1641
1417;1248
1418;1964
1418;234
1418;1457
1419;1450
1420;1903
1420;1311
1421;1807
1421;1082
1422;1869
1422;1661
1422;114
1423;1622
1423;1987
1423;1143
1425;2143
1425;304
1426;1543
1426;755
1426;188
1426;1660
1427;1664
1427;2153
1427;2089
1427;1998
1428;1658
1428;1446
1428;2151
1428;637
1429;1790
1429;963
1429;1145
1430;1567
1430;361
1430;732
1431;1849
1431;1665
1431;800
1431;185
1432;1679
1432;1823
1432;2086
1433;647
1433;1613
1433;1115
1434;2139
1434;1576
1434;751
1434;1641
1435;1480
1435;514
1435;1908
1436;1586
1436;1691
1437;1735
1437;658
1437;594
1438;1933
1438;1832
1439;1971
1439;1633
1439;1713
1440;1966
1440;611
1440;692
1440;1048
1441;2055
1442;1473
1442;1877
1442;1162
1443;1720
1443;1977
1443;580
1443;6
1444;1454
1444;2178
1444;1168
1445;1556
1445;1605
1445;1809
1445;1895
1445;1200
1446;1857
1446;1658
1447;1550
1447;1158
1448;1800
1448;2076
1448;1139
1449;142
1449;574
1450;2170
1450;366
1452;2140
1452;1880
1452;1586
1453;1751
1453;1579
1455;1526
1455;1825
1455;1806
1456;2041
1456;1334
1457;1964
1458;2072
1458;1428
1458;1658
1458;2151
1459;2012
1459;2106
1459;550
1460;2115
1460;1052
1460;27
1461;1963
1461;1829
1461;1871
1462;1698
1462;2172
1463;1780
1463;859
1463;319
1463;66
1464;1511
1465;430
1465;1798
1466;1577
1466;615
1467;614
1467;206
1467;1919
1468;1746
1468;917
1469;1777
1469;2063
1470;1682
1471;1538
1471;1655
1472;1765
1473;1614
1473;1016
1474;1834
1474;796
1475;1742
1475;1724
1476;1843
1477;2008
1478;2039
1478;1689
1479;1598
1479;1770
1479;164
1480;1926
1481;1980
1481;1947
1481;1072
1481;374
1482;1877
1483;2160
1484;1833
1484;1038
1484;1009
1484;613
1485;2131
1485;2047
1485;2111
1485;2094
1486;2167
1486;1502
1486;1727
1486;2161
1487;1643
1487;2018
1487;87
1487;1747
1487;972
1488;1575
1488;1537
1489;1584
1489;1256
1489;476
1490;1836
1490;2086
1490;1679
1490;1823
1490;1841
1491;1581
1491;484
1491;632
1492;1786
1492;1262
1492;1862
1492;241
1493;1554
1493;919
1494;262
1494;1960
1494;2
1494;1707
1495;2134
1495;983
1497;37
1497;1256
1498;105
1498;1434
1498;1576
1498;1559
1499;554
1500;1608
1501;1670
1501;677
1501;1588
1502;1727
1502;2167
1502;2161
1503;2097
1503;1407
1503;1968
1504;1687
1504;1003
1505;1929
1505;1697
1505;1887
1506;2030
1507;1795
1507;940
1507;418
1509;1708
1509;1857
1510;1568
1511;2101
1511;112
1512;1893
1513;1600
1514;1013
1514;1561
1514;773
1515;856
1515;748
1515;883
1516;4
1516;1960
1517;1810
1517;1995
1517;1097
1518;1495
1518;983
1518;2134
1519;2066
1519;2092
1520;1941
1520;1711
1521;1551
1521;2104
1521;645
1522;2143
1522;1916
1523;1663
1523;1410
1523;1952
1524;2102
1525;1714
1527;1558
1527;1542
1527;2171
1528;1812
1528;2088
1528;374
1529;756
1529;1918
1529;510
1529;518
1530;1730
1530;1932
1531;1588
1532;1969
1532;1961
1533;1911
1534;336
1535;1801
1535;2019
1535;1939
1536;1973
1536;1555
1536;1879
1537;1575
1537;1748
1539;2002
1539;2025
1539;1579
1539;1994
1540;243
1540;1471
1541;1867
1541;2173
1541;1920
1542;1685
1543;490
1543;1647
1544;1878
1544;1123
1544;386
1545;1531
1546;1924
1546;1696
1546;1796
1546;1965
1547;1855
1547;1036
1548;1654
1548;1235
1548;1621
1549;1858
1549;212
1551;2104
1551;2042
1552;1607
1552;2105
1553;1850
1553;1068
1553;1976
1554;1940
1555;1973
1555;1879
1555;376
1556;1605
1556;1809
1556;1895
1556;987
1557;1803
1558;2171
1558;1955
1559;515
1559;1098
1559;251
1560;2007
1560;2098
1560;30
1562;2036
1562;1373
1563;856
1564;2172
1564;1719
1565;1628
1565;1936
1565;2093
1565;64
1566;1815
1566;2132
1566;1592
1566;1635
1568;1092
1568;250
1569;1913
1569;352
1569;1098
1570;2104
1570;1521
1570;1551
1570;938
1571;1640
1571;1945
1571;1688
1571;871
1572;866
1573;1906
1573;326
1574;2079
1574;2055
1576;123
1576;2139
1576;487
1578;2112
1578;1759
1579;1751
1580;1700
1580;1944
1580;2058
1581;181
1581;1893
1581;484
1582;2101
1582;227
1583;1655
1583;1254
1583;1079
1583;1538
1584;1256
1584;37
1585;2052
1585;2050
1586;1880
1587;834
1588;2037
1589;1774
1589;1788
1589;1900
1590;911
1591;2012
1591;2013
1592;1635
1592;1695
1593;2080
1593;312
1594;1756
1594;1895
1594;1872
1594;1754
1594;987
1595;654
1595;2069
1595;558
1596;2178
1597;1954
1598;1770
1599;2148
1599;1621
1599;1624
1601;1194
1602;1667
1602;1965
1602;1740
1602;93
1603;1627
1603;2170
1604;2159
1604;1691
1605;1809
1605;578
1605;987
1606;2135
1606;2033
1606;565
1608;1791
1609;942
1609;1899
1610;1813
1610;628
1611;2132
1612;1842
1612;2014
1612;1650
1614;1877
1614;1482
1615;1910
1615;1659
1615;1152
1616;1805
1616;1038
1617;1922
1617;2043
1617;1012
1618;1464
1618;112
1619;1459
1621;2148
1621;1624
1622;1766
1622;1918
1622;510
1624;1676
1624;2148
1625;1740
1625;828
1625;1246
1626;1650
1626;1842
1626;1612
1627;2170
1628;1936
1629;1707
1629;1960
1630;1252
1630;1360
1630;1726
1630;583
1631;2157
1632;2082
1632;2147
1633;1648
1634;1684
1634;1680
1634;2157
1635;1695
1635;404
1636;1856
1636;2158
1637;2145
1638;1012
1638;2043
1638;2069
1638;985
1638;193
1639;1680
1639;2016
1639;1874
1640;1828
1641;2169
1642;2150
1643;2018
1643;1747
1643;972
1644;1846
1645;2100
1645;1681
1646;1712
1646;1047
1646;1390
1647;1
1648;1782
1649;2107
1649;1045
1649;2011
1650;1842
1651;1867
1651;1469
1652;1948
1653;2126
1653;2071
1653;1942
1654;1235
1654;1359
1655;1538
1656;2108
1656;2103
1657;1934
1657;1989
1657;274
1658;354
1660;1949
1661;1869
1662;1999
1662;1710
1662;1780
1663;1997
1664;2153
1664;1998
1664;1912
1664;1512
1665;1849
1666;1811
1666;680
1666;745
1667;1965
1667;93
1668;1614
1668;223
1669;2138
1669;1812
1669;1133
1669;2099
1670;2037
1671;1945
1672;1680
1672;662
1672;1631
1672;2027
1673;2071
1673;279
1674;1373
1674;1711
1674;1335
1675;2127
1675;590
1675;347
1677;2001
1677;1974
1678;2024
1678;1860
1679;2086
1679;1823
1680;2016
1681;2100
1681;1346
1681;895
1681;1618
1683;1873
1683;1119
1683;1852
1685;1970
1686;1903
1686;2013
1687;197
1687;2103
1688;827
1688;1854
1688;1979
1689;2039
1689;2133
1690;2152
1690;2007
1690;657
1692;2179
1692;804
1693;2121
1693;2091
1694;2154
1694;1711
1694;1520
1696;1778
1696;1924
1696;2069
1698;229
1698;989
1698;1393
1699;1944
1699;1824
1700;612
1700;1699
1700;1944
1700;316
1701;1900
1701;1911
1702;1909
1702;2179
1702;1841
1703;2048
1703;1807
1703;1801
1704;1783
1704;1857
1705;1940
1705;601
1705;249
1706;2118
1706;2136
1706;995
1706;1891
1707;1960
1708;1446
1709;1930
1709;1392
1709;1288
1710;1999
1710;1780
1712;1992
1713;1971
1713;1131
1714;1919
1715;1652
1716;1744
1717;1733
1718;1935
1718;1934
1718;2085
1718;1657
1719;2117
1719;1749
1719;648
1719;1074
1720;1785
1720;1977
1720;1902
1721;1793
1723;1781
1723;1860
1723;303
1724;1915
1725;1846
1725;2045
1726;1816
1727;1803
1727;305
1727;2167
1728;1890
1729;1921
1729;1732
1729;525
1729;821
1730;1932
1731;2066
1731;1776
1732;2070
1732;807
1733;1986
1734;1905
1735;1550
1736;1949
1736;1049
1737;1798
1737;91
1737;1465
1738;805
1738;407
1739;2053
1739;2040
1740;1965
1741;1884
1741;75
1741;147
1741;287
1742;1915
1742;1060
1742;167
1742;2019
1742;1172
1744;1975
1745;1860
1745;355
1746;2070
1747;2018
1747;1304
1748;1575
1748;2003
1748;670
1749;2117
1750;1914
1750;2044
1752;1946
1753;1406
1753;2017
1754;1767
1754;1895
1754;1756
1754;258
1756;1895
1756;1872
1757;1930
1757;269
1757;1709
1757;168
1758;2107
1758;1460
1759;2001
1760;1957
1760;893
1761;1822
1762;2042
1762;2032
1763;2112
1764;1983
1764;1931
1764;2057
1767;2062
1767;1895
1768;2105
1768;215
1769;1776
1769;1950
1769;1731
1771;2113
1771;1418
1773;1834
1773;1820
1774;1788
1774;1532
1775;1955
1775;2128
1775;1037
1776;1950
1777;2063
1777;1651
1778;2069
1778;1012
1779;574
1781;1860
1782;1097
1783;1844
1783;829
1784;2010
1784;1538
1785;1902
1785;1977
1785;379
1786;870
1786;1419
1787;1883
1787;684
1788;866
1789;1315
1789;2034
1789;177
1789;1852
1790;1938
1791;2061
1792;448
1792;1300
1793;1189
1794;1972
1794;1301
1795;73
1796;1924
1796;1965
1797;696
1797;1839
1797;2051
1799;1865
1800;2076
1800;1226
1801;1807
1801;2019
1802;1890
1802;1820
1804;1947
1804;315
1804;679
1805;1038
1806;502
1807;2048
1810;1995
1811;1899
1811;680
1811;191
1811;745
1812;2138
1813;420
1814;2046
1814;106
1815;2132
1815;817
1815;1592
1816;2050
1817;1927
1817;2133
1817;541
1819;207
1819;2063
1819;1469
1820;1890
1820;1728
1821;1105
1821;1441
1821;144
1821;129
1823;2086
1824;1944
1826;1917
1826;1606
1826;1540
1827;2006
1827;523
1828;547
1828;1945
1829;1963
1829;1871
1830;2110
1830;945
1831;378
1832;1933
1833;613
1833;160
1834;2096
1835;1150
1836;1841
1836;2086
1836;57
1837;572
1837;646
1839;2051
1839;1991
1839;2008
1840;2049
1841;686
1842;2014
1844;1849
1844;1704
1844;800
1845;2096
1845;1941
1845;1861
1846;81
1847;1892
1847;2000
1848;727
1848;1926
1850;1623
1851;488
1851;831
1851;1356
1852;1873
1853;1864
1853;1607
1853;2027
1854;1979
1854;1026
1854;521
1856;2089
1859;70
1861;2096
1861;1834
1862;1786
1863;2114
1863;265
1864;2027
1864;742
1864;253
1865;1908
1865;2060
1865;683
1867;2173
1867;1266
1868;2094
1868;280
1868;1046
1868;1988
1868;1408
1870;1177
1871;1963
1872;469
1874;294
1874;1472
1874;1765
1875;1261
1875;2179
1875;1755
1876;1284
1877;906
1878;394
1878;1365
1879;1973
1879;376
1880;2140
1881;2068
1881;2038
1882;1791
1882;1986
1882;932
1885;2123
1885;745
1886;1959
1886;376
1886;1286
1886;564
1887;445
1887;614
1887;206
1887;1394
1888;2137
1888;1956
1888;1118
1889;579
1889;2173
1891;2118
1892;873
1892;301
1892;805
1892;2000
1894;839
1894;1981
1894;1386
1897;1179
1897;2165
1898;1178
1899;680
1901;2099
1901;196
1902;1544
1902;1188
1903;2163
1904;2028
1905;143
1906;1840
1907;2082
1907;256
1908;288
1909;2179
1910;2128
1910;175
1911;254
1911;293
1912;1998
1912;2153
1914;2044
1914;558
1915;2019
1915;1172
1915;1060
1915;1535
1916;2143
1917;1606
1917;1540
1920;101
1921;247
1921;1732
1922;2043
1923;2149
1923;494
1924;1965
1925;901
1925;2011
1927;2133
1927;541
1928;1480
1928;1926
1928;930
1929;1813
1929;122
1930;2095
1931;2057
1931;1976
1931;242
1934;1989
1934;1935
1935;2085
1935;444
1936;2093
1937;2092
1938;1175
1939;167
1940;1102
1942;1288
1943;1805
1943;613
1943;1616
1944;2058
1945;1389
1946;1899
1947;1980
1948;1270
1948;1991
1951;142
1951;468
1953;1958
1953;1652
1953;330
1954;775
1955;2128
1956;2119
1956;2171
1956;2137
1957;117
1957;893
1958;330
1958;419
1959;1286
1959;762
1961;1969
1961;619
1962;2139
1966;692
1966;1624
1966;2175
1967;1843
1967;1476
1968;196
1968;721
1969;128
1970;217
1971;1131
1971;1782
1972;1089
1973;376
1974;603
1974;2001
1976;2057
1976;1850
1978;1466
1978;1323
1978;410
1978;1577
1979;138
1980;1072
1980;374
1981;1843
1982;25
1982;2164
1984;242
1985;2128
1987;1996
1989;2050
1990;237
1993;1863
1993;1968
1993;1289
1994;2025
1994;2002
1994;252
1994;1082
1995;282
1996;657
1997;1523
1998;2153
1999;859
1999;1780
2002;2025
2002;266
2002;252
2003;2062
2003;531
2003;258
2004;2119
2004;2171
2005;1859
2005;1354
2007;2098
2007;30
2008;2051
2009;1049
2009;1660
2009;270
2010;886
2010;1254
2010;1538
2011;344
2012;815
2013;1107
2013;1018
2014;1650
2014;1626
2015;352
2015;1326
2015;1913
2016;1634
2016;1684
2018;1939
2019;1172
2019;1099
2020;585
2020;472
2021;2072
2022;802
2022;1461
2023;2136
2023;1161
2024;1500
2024;591
2025;252
2025;1082
2026;503
2029;602
2029;1708
2029;1870
2030;2161
2030;2124
2031;2087
2031;1873
2031;1119
2032;896
2033;2135
2034;2174
2034;143
2035;2091
2035;1694
2036;1474
2036;141
2038;2068
2040;2053
2041;2073
2044;1696
2046;292
2046;1659
2047;2111
2047;2131
2047;2094
2049;858
2050;136
2050;18
2051;1991
2052;2050
2054;211
2054;1321
2055;2079
2055;144
2056;533
2056;1223
2056;1377
2059;1772
2060;897
2060;288
2061;2080
2062;1176
2064;913
2064;1007
2064;889
2064;1263
2065;1124
2065;261
2067;1645
2067;747
2067;263
2069;193
2070;1251
2072;1428
2072;1658
2074;2115
2074;2011
2074;2107
2077;2150
2078;2054
2079;144
2080;1950
2082;2147
2082;724
2083;2146
2084;622
2087;1762
2087;1075
2088;1733
2088;986
2090;1451
2090;218
2091;2121
2094;2131
2094;2111
2095;2126
2095;269
2097;1407
2097;1968
2098;2158
2098;709
2098;90
2099;259
2099;196
2099;1149
2100;263
2101;2102
2106;1046
2108;1728
2110;582
2110;674
2111;2131
2112;153
2112;73
2113;853
2113;416
2114;721
2118;868
2119;2171
2120;2177
2120;1282
2120;153
2121;908
2122;346
2122;1116
2124;2161
2124;412
2129;2116
2133;1478
2135;668
2138;2099
2138;1133
2141;2142
2141;586
2144;1440
2144;1422
2144;2053
2148;692
2151;527
2151;1658
2151;1708
2152;1024
2152;2007
2153;1186
2154;1711
2154;1520
2156;116
2156;1422
2161;412
2162;1523
2162;969
2163;1424
2164;2163
2164;1420
2165;1025
2166;1887
2167;2161
2168;324
2169;1083
2173;29
2174;1734
2174;143
2174;1086
2177;1759
2180;340
2180;2144
2180;1440
2180;1048
2180;1966
2181;1869
2181;1422
2181;2144
2181;116
2181;1661
2182;363
2182;1393
2182;421
2182;1319
2182;1606
2183;1975
2183;1416
2183;1122
2183;593
2183;1744
2184;1118
2184;1364
2184;648
2184;1956
2184;1074
2185;818
2185;1393
2185;1596
2185;989
2185;363
2186;1479
2186;1042
2186;1770
2186;8
2186;1598
2187;878
2187;1564
2187;989
2187;1358
2187;2172
2188;2137
2188;1888
2188;1134
2188;1364
2188;1118
2189;672
2189;1542
2189;1685
2189;711
2189;2117
2190;1231
2190;1744
2190;1122
2190;179
2190;1975
2191;2190
2191;1231
2191;1744
2191;1391
2191;179
2192;194
2192;349
2192;773
2192;1314
2192;1514
2193;530
2193;1716
2193;373
2193;1970
2193;884
2194;1393
2194;818
2194;2185
2194;1596
2194;363
2195;207
2195;770
2195;946
2195;974
2195;759
2196;612
2196;1580
2196;1146
2196;2058
2196;1243
2197;1103
2197;1526
2197;924
2197;799
2197;502
2198;2182
2198;363
2198;1393
2198;2194
2198;2185
2199;928
2199;579
2199;700
2199;1889
2199;2040
2200;2135
2200;1414
2200;1606
2200;1826
2200;668
2201;1514
2201;2192
2201;773
2201;1341
2201;194
2202;530
2202;2193
2202;373
2202;1970
2202;1716
2203;818
2203;1596
2203;2185
2203;2194
2203;1393
2204;349
2204;1314
2204;2192
2204;194
2204;2201
2205;1479
2205;2186
2205;1598
2205;8
2205;1770
2206;243
2206;1323
2206;1577
2206;410
2206;1466
2207;1956
2207;1364
2207;2119
2207;1888
2207;2188
2208;164
2208;1770
2208;8
2208;1042
2208;286
2209;1514
2209;2201
2209;1391
2209;1341
2209;773
2210;2181
2210;1869
2210;1422
2210;116
2210;2144
2211;179
2211;1744
2211;1416
2211;1716
2211;1231
2212;1598
2212;2142
2212;286
2212;526
2212;1479
2213;2210
2213;2181
2213;1869
2213;1422
2213;116
2214;2211
2214;179
2214;1744
2214;1416
2214;1716
2215;114
2215;1661
2215;1400
2215;1869
2215;116
2216;2181
2216;2180
2216;2144
2216;2210
2216;2213
2217;2198
2217;92
2217;2186
2217;1698
2217;1042
2218;286
2218;8
2218;1770
2218;164
2218;1598
2219;799
2219;1455
2219;1526
2219;331
2219;1825
2220;1806
2220;1455
2220;2219
2220;331
2220;799
2221;373
2221;2202
2221;1970
2221;530
2221;2193
2222;2198
2222;1393
2222;2185
2222;2194
2222;818
2223;2209
2223;1391
2223;1077
2223;1514
2223;2201
2224;1739
2224;2053
2224;65
2224;194
2224;700
2225;100
2225;1564
2225;1719
2225;2187
2225;648
2226;1888
2226;2188
2226;1134
2226;2207
2226;2137
2227;1013
2227;2208
2227;549
2227;1309
2227;1514
2228;916
2228;115
2228;1319
2228;363
2228;2194
2229;1358
2229;2187
2229;989
2229;100
2229;878
2230;2200
2230;2206
2230;1540
2230;243
2230;2135
2231;869
2231;107
2231;1538
2231;1540
2231;71
2232;1514
2232;1341
2232;2209
2232;1391
2232;2223
2233;2231
2233;107
2233;2010
2233;869
2233;740
2234;1889
2234;928
2234;2199
2234;1825
2234;331
2235;2225
2235;1564
2235;1719
2235;100
2235;2187
2236;900
2236;229
2236;2172
2236;1462
2236;1159
2237;1514
2237;2232
2237;2227
2237;1341
2237;2209
2238;579
2238;928
2238;2199
2238;2040
2238;700
2239;648
2239;1118
2239;2184
2239;1074
2239;1749
2240;1314
2240;586
2240;349
2240;2204
2240;502
2241;1561
2241;1309
2241;549
2241;1159
2241;1013
2242;410
2242;1466
2242;1323
2242;615
2242;2206
2243;2230
2243;2200
2243;1540
2243;2206
2243;2135
2244;2186
2244;1479
2244;2205
2244;8
2244;1770
2245;2209
2245;1514
2245;2232
2245;2201
2245;1391
2246;1367
2246;652
2246;1685
2246;814
2246;2221
2247;924
2247;2197
2247;1460
2247;1051
2247;1103
2248;2247
2248;924
2248;2010
2248;1784
2248;740
2249;1596
2249;2203
2249;818
2249;989
2249;2229
2250;2217
2250;2198
2250;2222
2250;2182
2250;92
2251;989
2251;229
2251;878
2251;1462
2251;2187
2252;1400
2252;1580
2252;2215
2252;1661
2252;2196
2253;1364
2253;2184
2253;1956
2253;1118
2253;2207
2254;668
2254;1606
2254;1414
2254;421
2254;2033
2255;1744
2255;2214
2255;2211
2255;179
2255;2190
2256;740
2256;2010
2256;1784
2256;2233
2256;2248
2257;549
2257;1013
2257;2227
2257;1309
2257;1159
2258;1358
2258;100
2258;2229
2258;2225
2258;2187
2259;2237
2259;1514
2259;2201
2259;2245
2259;2192
2260;928
2260;579
2260;2199
2260;2238
2260;700
2261;2228
2261;1319
2261;363
2261;916
2261;115
2262;1564
2262;878
2262;2172
2262;2187
2262;2235
2263;1970
2263;373
2263;1019
2263;2221
2263;530
2264;2192
2264;2201
2264;2259
2264;2204
2264;194
2265;2221
2265;1970
2265;373
2265;2263
2265;1685
2266;2223
2266;773
2266;2201
2266;2209
2266;2144
2267;1159
2267;1309
2267;549
2267;2241
2267;2257
2268;2208
2268;1042
2268;1462
2268;2236
2268;1698
2269;2208
2269;2257
2269;2227
2269;2268
2269;164
2270;2197
2270;2247
2270;1526
2270;1103
2270;924
2271;1917
2271;1826
2271;107
2271;92
2271;2200
2272;2225
2272;2235
2272;100
2272;2258
2272;2239
2273;586
2273;2240
2273;502
2273;1806
2273;338
2274;2186
2274;2205
2274;2244
2274;1479
2274;2217
2275;2240
2275;2273
2275;338
2275;65
2275;1806
2276;2255
2276;2214
2276;2211
2276;179
2276;1744
2277;1744
2277;1231
2277;1416
2277;1975
2277;2255
2278;2246
2278;652
2278;814
2278;1367
2278;2202
2279;2197
2279;1103
2279;2270
2279;2247
2279;2248
2280;814
2280;652
2280;2278
2280;884
2280;2246
2281;2234
2281;928
2281;2199
2281;1889
2281;2260
2282;2218
2282;286
2282;349
2282;2204
2282;164
2283;955
2283;1700
2283;1580
2283;2252
2283;612
2284;700
2284;338
2284;65
2284;1739
2284;2199
2285;2268
2285;2236
2285;2269
2285;2257
2285;2208
2286;900
2286;2172
2286;2236
2286;229
2286;2262
2287;2264
2287;2201
2287;2192
2287;2259
2287;2245
2288;2186
2288;1042
2288;2244
2288;2274
2288;1698
2289;1077
2289;2223
2289;2191
2289;2190
2289;1422
2290;2264
2290;2287
2290;2192
2290;2259
2290;2201
2291;2281
2291;928
2291;2234
2291;2199
2291;2260
2292;2187
2292;878
2292;1564
2292;2229
2292;2262
2293;2258
2293;1358
2293;789
2293;100
2293;1444
2294;1391
2294;2191
2294;1561
2294;1341
2294;2276
2295;2270
2295;2197
2295;1526
2295;2279
2295;2247
2296;2294
2296;1391
2296;2191
2296;2223
2296;2289
2297;2271
2297;1917
2297;92
2297;1826
2297;107
2298;615
2298;565
2298;2033
2298;371
2298;2135
2299;1527
2299;1956
2299;2184
2299;2119
2299;2253
2300;2268
2300;2285
2300;2208
2300;1042
2300;2269
2301;2267
2301;217
2301;2241
2301;1159
2301;1019
2302;2135
2302;2298
2302;565
2302;615
2302;2033
2303;2185
2303;2222
2303;1393
2303;2194
2303;818
2304;2202
2304;2221
2304;2193
2304;530
2304;2280
2305;2302
2305;2135
2305;565
2305;2298
2305;2033
2306;2231
2306;869
2306;2233
2306;1538
2306;71
2307;229
2307;2236
2307;900
2307;2172
2307;1462
2308;1314
2308;2240
2308;2204
2308;349
2308;2275
2309;2250
2309;2182
2309;2198
2309;92
2309;2217
2310;2119
2310;1956
2310;2207
2310;1364
2310;2253
2311;2286
2311;217
2311;2262
2311;2172
2311;900
2312;1013
2312;549
2312;1561
2312;1309
2312;1341
2313;2144
2313;2216
2313;2210
2313;2180
2313;2181
2314;2183
2314;1975
2314;47
2314;1416
2314;593
2315;2010
2315;1784
2315;2256
2315;740
2315;2233
2316;2221
2316;373
2316;2265
2316;2202
2316;1970
2317;773
2317;194
2317;2201
2317;2264
2317;2192
2318;1699
2318;1944
2318;612
2318;1700
2318;1580
2319;2053
2319;2224
2319;1739
2319;2040
2319;95
2320;1700
2320;2283
2320;955
2320;2318
2320;1580
2321;2212
2321;2256
2321;740
2321;526
2321;1598
2322;2226
2322;1888
2322;2207
2322;2188
2322;1134
2323;1077
2323;2289
2323;2223
2323;1422
2323;2296
2324;1527
2324;2299
2324;711
2324;2184
2324;1558
2325;1825
2325;2234
2325;974
2325;759
2325;331
2326;338
2326;1806
2326;65
2326;2284
2326;2275
2327;65
2327;338
2327;1739
2327;2326
2327;2275
2328;2210
2328;2213
2328;2181
2328;1422
2328;2313
2329;340
2329;2180
2329;2144
2329;2313
2329;2216
2330;2282
2330;349
2330;1314
2330;2204
2330;286
2331;884
2331;47
2331;875
2331;814
2331;2280
2332;2250
2332;2217
2332;2309
2332;2198
2332;92
2333;2233
2333;2321
2333;107
2333;2256
2333;2231
2334;2332
2334;2250
2334;2217
2334;2309
2334;92
2335;740
2335;2010
2335;2256
2335;2248
2335;2315
2336;1542
2336;1367
2336;672
2336;1685
2336;1135
2337;92
2337;2334
2337;2332
2337;2217
2337;2250
2338;446
2338;27
2338;1526
2338;799
2338;2115
2339;612
2339;1580
2339;2196
2339;2318
2339;1944
2340;1580
2340;2196
2340;612
2340;2339
2340;2252
2341;1888
2341;2188
2341;1134
2341;2226
2341;2137
2342;1118
2342;2184
2342;2239
2342;2253
2342;1364
2343;2171
2343;2119
2343;2310
2343;1320
2343;2299
2344;2304
2344;2202
2344;2193
2344;530
2344;2221
2345;1254
2345;1784
2345;2315
2345;1538
2345;886
2346;2336
2346;1542
2346;672
2346;1685
2346;2189
2347;1048
2347;340
2347;2329
2347;95
2347;2180
2348;2217
2348;2288
2348;2334
2348;2332
2348;1698
2349;2259
2349;2237
2349;1514
2349;2287
2349;2290
2350;1103
2350;502
2350;2141
2350;2279
2350;526
2351;1416
2351;2331
2351;1716
2351;179
2351;2211
2352;648
2352;1074
2352;2239
2352;1118
2352;1749
2353;2324
2353;1527
2353;711
2353;2299
2353;1542
2354;799
2354;2219
2354;1455
2354;2338
2354;1526
2355;116
2355;1422
2355;2156
2355;1869
2355;1661
2356;2340
2356;1580
2356;2196
2356;2252
2356;1400
2357;2345
2357;1784
2357;2315
2357;2010
2357;1254
2358;2290
2358;2287
2358;2259
2358;2264
2358;2349
2359;1825
2359;974
2359;759
2359;2325
2359;946
2360;2244
2360;2186
2360;2288
2360;1042
2360;2274
2361;2258
2361;1358
2361;2293
2361;100
2361;2229
2362;869
2362;2306
2362;2231
2362;1538
2362;71
2363;2361
2363;1358
2363;2258
2363;2293
2363;2229
2364;217
2364;2301
2364;2311
2364;1019
2364;2286
2365;1323
2365;410
2365;2242
2365;2206
2365;1466
2366;2213
2366;2210
2366;2328
2366;1422
2366;2181
2367;1700
2367;2320
2367;316
2367;2318
2367;1034
2368;1784
2368;2010
2368;2315
2368;2357
2368;2345
2369;700
2369;2238
2369;579
2369;2199
2369;2040
2370;2137
2370;2188
2370;100
2370;2341
2370;2272
2371;2171
2371;1558
2371;2343
2371;298
2371;358
2372;2227
2372;2237
2372;2259
2372;2349
2372;2358
2373;421
2373;2033
2373;565
2373;1319
2373;668
2374;2318
2374;1699
2374;2339
2374;1944
2374;612
2375;2217
2375;2348
2375;2334
2375;2337
2375;2332
2376;2348
2376;2288
2376;2375
2376;2217
2376;1042
2377;2181
2377;2216
2377;2210
2377;1966
2377;1440
2378;1538
2378;2345
2378;2306
2378;2362
2378;1254
2379;1719
2379;2235
2379;826
2379;2225
2379;1749
2380;2275
2380;2240
2380;2308
2380;2273
2380;1314
2381;2266
2381;773
2381;2201
2381;2223
2381;2209
2382;1966
2382;1440
2382;2377
2382;350
2382;2181
2383;2372
2383;2227
2383;2259
2383;2282
2383;2237
2384;2358
2384;2290
2384;2287
2384;2264
2384;2349
2385;2156
2385;1077
2385;2355
2385;2323
2385;2289
2386;1749
2386;826
2386;648
2386;2117
2386;1074
2387;2385
2387;2156
2387;2190
2387;1231
2387;1077
2388;1719
2388;2379
2388;217
2388;2262
2388;2235
2389;2281
2389;2234
2389;2291
2389;2199
2389;928
2390;586
2390;502
2390;2273
2390;2350
2390;1103
2391;884
2391;2331
2391;814
2391;2280
2391;652
2392;2383
2392;2372
2392;2259
2392;2282
2392;2358
2393;2331
2393;47
2393;2351
2393;884
2393;2391
2394;530
2394;2193
2394;1716
2394;373
2394;2202
2395;1103
2395;2350
2395;502
2395;2390
2395;2220
2396;818
2396;2194
2396;1393
2396;2203
2396;1596
2397;2295
2397;2197
2397;2270
2397;2279
2397;1526
2398;421
2398;2254
2398;1319
2398;668
2398;2373
2399;2276
2399;2241
2399;1561
2399;2294
2399;2255
2400;2275
2400;2380
2400;2273
2400;2240
2400;586
2401;2344
2401;2304
2401;2202
2401;2193
2401;530
2402;668
2402;2254
2402;421
2402;2033
2402;1414
2403;1314
2403;2308
2403;349
2403;2240
2403;2204
2404;2216
2404;2180
2404;2144
2404;2377
2404;2313
2405;2312
2405;1013
2405;2227
2405;1341
2405;2237
2406;799
2406;1526
2406;2219
2406;2354
2406;2338
2407;2330
2407;2282
2407;286
2407;2218
2407;1598
2408;2256
2408;740
2408;2010
2408;2335
2408;2315
2409;2189
2409;1685
2409;672
2409;2346
2409;1542
2410;1700
2410;2367
2410;2320
2410;2374
2410;2318
2411;410
2411;2365
2411;2242
2411;1323
2411;1466
2412;2394
2412;1019
2412;2301
2412;2263
2412;2364
2413;1596
2413;818
2413;2203
2413;2396
2413;2194
2414;2293
2414;2361
2414;2363
2414;789
2414;1444
2415;2225
2415;2235
2415;2272
2415;2379
2415;2386
2416;2377
2416;2181
2416;2216
2416;2210
2416;2213
2417;47
2417;2393
2417;875
2417;2331
2417;2314
2418;2326
2418;338
2418;1806
2418;2284
2418;2327
2419;217
2419;2311
2419;2388
2419;2364
2419;2262
2420;955
2420;2252
2420;2283
2420;593
2420;2156
2421;2172
2421;878
2421;229
2421;900
2421;2307
2422;1400
2422;2252
2422;2215
2422;2356
2422;114
2423;95
2423;716
2423;2040
2423;2319
2423;2053
2424;2389
2424;331
2424;2199
2424;2284
2424;2234
2425;1019
2425;2263
2425;217
2425;2388
2425;1970
2426;2222
2426;2303
2426;2185
2426;1393
2426;2194
2427;2266
2427;2381
2427;2313
2427;2223
2427;2144
2428;1074
2428;2352
2428;711
2428;648
2428;1749
2429;2373
2429;2402
2429;421
2429;2033
2429;565
2430;2321
2430;2212
2430;2333
2430;526
2430;2141
2431;2319
2431;2053
2431;2423
2431;95
2431;2224
2432;773
2432;2144
2432;2329
2432;340
2432;2313
2433;2286
2433;2311
2433;900
2433;2236
2433;2267
2434;2323
2434;2289
2434;1077
2434;2223
2434;2385
2435;2307
2435;2236
2435;229
2435;900
2435;2172
2436;1013
2436;2312
2436;549
2436;1309
2436;2405
2437;2426
2437;1393
2437;2222
2437;2303
2437;2194
2438;2233
2438;2231
2438;2306
2438;2362
2438;869
2439;2326
2439;2418
2439;338
2439;1806
2439;2327
2440;2231
2440;107
2440;869
2440;2271
2440;2438
2441;2178
2441;916
2441;2413
2441;1596
2441;2228
2442;1716
2442;2394
2442;2276
2442;2193
2442;530
2443;2341
2443;2293
2443;2414
2443;2361
2443;2258
2444;2197
2444;2270
2444;2279
2444;2397
2444;2295
2445;331
2445;1455
2445;2219
2445;799
2445;2354
2446;2388
2446;2419
2446;1719
2446;2379
2446;2425
2447;740
2447;2408
2447;2335
2447;2256
2447;2010
2448;2189
2448;672
2448;2117
2448;711
2448;2428
2449;2314
2449;47
2449;955
2449;2183
2449;2417
2450;2335
2450;2248
2450;2447
2450;740
2450;2010
2451;2450
2451;2335
2451;2248
2451;2010
2451;740
2452;2191
2452;2296
2452;2294
2452;2190
2452;1391
2453;2357
2453;2345
2453;1784
2453;2368
2453;2315
2454;1806
2454;2439
2454;2326
2454;2418
2454;338
2455;1540
2455;2440
2455;869
2455;2243
2455;2271
2456;2274
2456;2205
2456;2375
2456;2186
2456;1479
2457;1716
2457;179
2457;2214
2457;2211
2457;2442
2458;2363
2458;2361
2458;2293
2458;1358
2458;2258
2459;2241
2459;2399
2459;2442
2459;2276
2459;2301
2460;2308
2460;2403
2460;1314
2460;2240
2460;2380
2461;2283
2461;2320
2461;1700
2461;2410
2461;2367
2462;363
2462;2261
2462;2228
2462;2194
2462;1393
2463;1319
2463;2261
2463;2398
2463;2228
2463;363
2464;1719
2464;2388
2464;2446
2464;2379
2464;2386
2465;2425
2465;2464
2465;1719
2465;2446
2465;2388
2466;2420
2466;2156
2466;593
2466;955
2466;2252
2467;2053
2467;2224
2467;1739
2467;2432
2467;2319
2468;2212
2468;1598
2468;2407
2468;2142
2468;2430
2469;1598
2469;1479
2469;2205
2469;2212
2469;2244
2470;2241
2470;2459
2470;2399
2470;1561
2470;1309
2471;2263
2471;1970
2471;373
2471;2316
2471;1019
2472;612
2472;2339
2472;1944
2472;2318
2472;2374
2473;2247
2473;2270
2473;2197
2473;924
2473;2444
2474;2256
2474;2408
2474;2321
2474;740
2474;2447
2475;2220
2475;2395
2475;2397
2475;2219
2475;1526
2476;549
2476;2436
2476;1309
2476;2257
2476;1013
2477;2458
2477;2249
2477;2363
2477;2178
2477;2293
2478;2359
2478;974
2478;1825
2478;759
2478;2325
2479;2424
2479;331
2479;2418
2479;2445
2479;2454
2480;1455
2480;2445
2480;331
2480;2219
2480;799
2481;2382
2481;1966
2481;1440
2481;350
2481;2377
2482;2356
2482;2340
2482;2196
2482;1580
2482;2422
2483;2413
2483;2441
2483;1596
2483;2396
2483;916
2484;1596
2484;2413
2484;2203
2484;2249
2484;818
2485;2223
2485;2381
2485;2266
2485;2427
2485;2209
2486;2243
2486;2200
2486;2230
2486;2135
2486;2206
2487;2233
2487;2333
2487;2438
2487;2474
2487;2256
2488;207
2488;2195
2488;2478
2488;946
2488;770
2489;2203
2489;818
2489;2185
2489;2396
2489;1596
2490;2428
2490;2448
2490;1074
2490;711
2490;1749
2491;2294
2491;1561
2491;2452
2491;1391
2491;2296
2492;2267
2492;1159
2492;1309
2492;549
2492;2241
2493;2303
2493;2426
2493;2222
2493;2437
2493;2185
2494;1526
2494;2295
2494;2406
2494;2397
2494;2338
2495;1514
2495;2232
2495;2237
2495;1341
2495;2245
2496;2229
2496;2187
2496;2292
2496;1358
2496;989
2497;2200
2497;2486
2497;2243
2497;2230
2497;2135
2498;2469
2498;1479
2498;2205
2498;2321
2498;2430
2499;2227
2499;2372
2499;2383
2499;2237
2499;2405
2500;2273
2500;2400
2500;2275
2500;1806
2500;2380
2501;2299
2501;2324
2501;2184
2501;2353
2501;1956
2502;2268
2502;2300
2502;1462
2502;2285
2502;2307
2503;1319
2503;2463
2503;2261
2503;2228
2503;2398
2504;2447
2504;2141
2504;2474
2504;740
2504;526
2505;2385
2505;2387
2505;2156
2505;1077
2505;2355
2506;2261
2506;2228
2506;2503
2506;2463
2506;1319
2507;2300
2507;2268
2507;2208
2507;2269
2507;2285
2508;1440
2508;2481
2508;2382
2508;1966
2508;2377
2509;1869
2509;116
2509;1661
2509;1422
2509;2366
2510;2358
2510;2384
2510;2290
2510;2264
2510;2287
2511;2465
2511;2117
2511;1719
2511;2464
2511;826
2512;2483
2512;2441
2512;2413
2512;1596
2512;2484
2513;340
2513;2347
2513;2329
2513;2053
2513;2431
2514;2192
2514;2264
2514;2290
2514;2384
2514;2510
2515;95
2515;2423
2515;716
2515;2040
2515;1048
2516;2295
2516;2270
2516;2197
2516;2494
2516;2397
2517;869
2517;2362
2517;1540
2517;71
2517;2455
2518;2468
2518;2142
2518;2212
2518;2407
2518;2330
2519;2231
2519;869
2519;2306
2519;2440
2519;2438
2520;2233
2520;2487
2520;2315
2520;2438
2520;2256
2521;2467
2521;773
2521;194
2521;2317
2521;2224
2522;2333
2522;2498
2522;2321
2522;2430
2522;2487
2523;2053
2523;2431
2523;2319
2523;2423
2523;2224
2524;2355
2524;2505
2524;2385
2524;2156
2524;116
2525;2396
2525;818
2525;2194
2525;2489
2525;1393
2526;2222
2526;2426
2526;2493
2526;2303
2526;2437
2527;92
2527;2337
2527;2334
2527;2297
2527;2332
2528;2445
2528;1455
2528;2480
2528;331
2528;2219
2529;2201
2529;2287
2529;2264
2529;2209
2529;2245
2530;2491
2530;1561
2530;2294
2530;1341
2530;1391
2531;2199
2531;700
2531;2369
2531;928
2531;2238
2532;2390
2532;586
2532;2395
2532;502
2532;2273
2533;92
2533;2337
2533;2527
2533;2456
2533;2297
2534;1309
2534;549
2534;2476
2534;2436
2534;2492
2535;2265
2535;2409
2535;2189
2535;1685
2535;2221
2536;2397
2536;2395
2536;2475
2536;1103
2536;2444
2537;2440
2537;2519
2537;2231
2537;107
2537;2438
2538;2533
2538;92
2538;2297
2538;2456
2538;2337
2539;2447
2539;740
2539;2408
2539;2256
2539;2335
2540;2382
2540;2377
2540;1966
2540;2481
2540;1440
2541;2504
2541;2447
2541;2474
2541;2539
2541;2408
2542;2226
2542;2322
2542;1888
2542;2188
2542;1134
2543;373
2543;2471
2543;2263
2543;1970
2543;2316
2544;1825
2544;759
2544;974
2544;2359
2544;2478
2545;2502
2545;2268
2545;2300
2545;2507
2545;2285
2546;2500
2546;2273
2546;2400
2546;1806
2546;2275
2547;194
2547;2317
2547;2192
2547;2514
2547;2264
2548;2357
2548;2453
2548;2345
2548;2315
2548;1784
2549;2314
2549;2183
2549;1975
2549;47
2549;1416
2550;47
2550;2417
2550;875
2550;2393
2550;2314
2551;65
2551;2327
2551;1739
2551;2284
2551;2224
2552;1414
2552;668
2552;2033
2552;2402
2552;565
2553;164
2553;1770
2553;8
2553;2218
2553;286
2554;2246
2554;1685
2554;2221
2554;2535
2554;2265
2555;1598
2555;286
2555;2407
2555;2468
2555;2518
2556;2248
2556;2451
2556;2450
2556;2247
2556;924
2557;2476
2557;549
2557;2257
2557;2534
2557;1309
2558;593
2558;2466
2558;2420
2558;2156
2558;955
2559;2267
2559;2301
2559;1159
2559;2492
2559;2364
2560;2215
2560;114
2560;1400
2560;1661
2560;2422
2561;1358
2561;2258
2561;2229
2561;2361
2561;2496
2562;1146
2562;2058
2562;1243
2562;2196
2562;1944
2563;2483
2563;2512
2563;2413
2563;2462
2563;2441
2564;1661
2564;1869
2564;2509
2564;116
2564;2215
2565;2502
2565;2545
2565;2268
2565;2285
2565;2300
2566;2395
2566;2532
2566;2536
2566;2475
2566;1103
2567;2355
2567;2466
2567;2524
2567;2156
2567;116
2568;2533
2568;2538
2568;2456
2568;2337
2568;92
2569;2225
2569;2561
2569;2272
2569;2235
2569;2187
2570;2569
2570;2187
2570;1564
2570;2292
2570;2235
2571;2175
2571;114
2571;2560
2571;1400
2571;2215
2572;2192
2572;2290
2572;2514
2572;2510
2572;2264
2573;1042
2573;2545
2573;1698
2573;2300
2573;2502
2574;2388
2574;2464
2574;2446
2574;2379
2574;1719
2575;2552
2575;1414
2575;668
2575;2033
2575;2402
2576;2430
2576;2321
2576;2212
2576;2522
2576;2498
2577;2317
2577;773
2577;2521
2577;2547
2577;2467
2578;2253
2578;2184
2578;1364
2578;2342
2578;1118
2579;1700
2579;2410
2579;2461
2579;2320
2579;2367
